 DATA SET FOR "multall" . GENERATED BY "stagen" .                       
    CP   and   GAMMA 
 1005.0250    1.4000
       ITIMST 
         3
     CFL,    DAMP,    MACHLIM,    F_PDOWN 
  0.400000 10.000000  2.000000  0.000000
  IF_RESTART 
         0
  NSTEPS_MAX, CONLIM 
      9000  0.001000
   SFX,      SFT,      FAC_4TH,     NCHANGE 
  0.005000  0.005000  0.800000      1000
       NUMBER OF BLADE ROWS 
         6
        IM        KM 
        37        37
  FP(I),I=1,IMM1 
  1.000000  1.250000  1.562500  1.953125  2.441406  3.051758  3.814697  4.768372
  5.960464  7.450581  9.313226 11.641532 14.551915 18.189894 20.000000 20.000000
 20.000000 20.000000 20.000000 20.000000 20.000000 20.000000 18.189894 14.551915
 11.641532  9.313226  7.450581  5.960464  4.768372  3.814697  3.051758  2.441406
  1.953125  1.562500  1.250000  1.000000
  FR(K),K=1,KMM1 
  1.000000  1.250000  1.562500  1.953125  2.441406  3.051758  3.814697  4.768372
  5.960464  7.450581  9.313226 11.641532 14.551915 18.189894 20.000000 20.000000
 20.000000 20.000000 20.000000 20.000000 20.000000 20.000000 18.189894 14.551915
 11.641532  9.313226  7.450581  5.960464  4.768372  3.814697  3.051758  2.441406
  1.953125  1.562500  1.250000  1.000000
        IR        JR        KR        IRBB      JRBB      KRBB 
         3         3         3         9         9         9
   FBLK1,     FBLK2,     FBLK3  
  0.400000  0.200000  0.100000
       IFMIX 
         1
   RFMIX,    FEXTRAP,   FSMTHB,    FANGLE 
  0.025000  0.800000  1.000000  0.800000
      IFCOOL    IFBLEED    IF_ROUGH 
         0         0         0
       NSECS_IN 
         3
       IN_PRESS  IN_VTAN   IN_VR    IN_FLOW  IF_REPEAT  RFIN 
         0         0         1         0         0   0.50000
  IPOUT  SFEXIT  NSFEXIT 
    1  0.000000    0
  PLATE_LOSS  THROTTLE_EXIT 
  0.000000  0.000000
        ILOS      NLOS      IBOUND 
        10         5         0
   REYNO,     RF_VIS,   FTRANS, TURBVIS_LIM, PRANDTL, YPLUSWALL
  800000.0     0.500     0.000  3000.000       1.0     0.000
   YPLAM      YPTURB 
  5.000000 25.000000
      ISHIFT    NEXTRAP_LE  NEXTRAP_TE 
         2        10        10
  (NSTG(N),N=1,NROWS) 
         1         1         2         2         3         3
  5  TIME STEPS FOR PRINTOUT 
      9000      9000      9000      9000      9000
  MARKER FOR VARIABLES TO BE SENT TO THE OUTPUT FILE.
 0 0 0 0 0 0 0 0 0 0 0 0 0 0 0 0 0 0 0 0
  STREAM SURFACES ON WHICH RESULTS ARE TO BE SENT TO   THE OUTPUT FILE 
 0 0 0 0 0 0 0 0 0 0 0 0 0 0 0 0 0 0 0 0 0 0 0 0 0 0 0 0 0 0 0 0 0 0 0 0 0
 ***************************************************************
 ************STARTING THE INPUT FOR EACH BLADE ROW**************
  BLADE ROW NUMBER =        1                                           
    NUMBER OF BLADES IN ROW 
       353
        JM        JLE       JTE 
        82        19        71
      KTIPSTART  KTIPEND 
         0         0
       BOUNDARY LAYER TRANSITION POINTS 
         0         0         0         0
  SET NEWGRID= 1 TO GENERATE A NEW GRID WITH DIFFERENT "J" POINTS AND SPACINGS.
         0
   RPMROW,    RPMHUB 
    4500.0    4500.0
       JROTHS    JROTHE    JROTTS    JROTTE 
         1         1         1         1
   PUPROW    PLEROW   PTEROW    PDROW 
   84755.5   84755.5   98554.7   98554.7
      NSECS_ROW   INSURF  
         3         0
  IF_CUSP_OUT   IFANGLES 
         1         0
         0         3         0
 ***************************************************************
  ROW NUMBER           1  SECTION NUMBER            1
           0           0           0  IF_DESIGN etc 
   1.00000   0.00000    0
 -0.007735 -0.006585 -0.005608 -0.004778 -0.004075 -0.003480 -0.002976 -0.002549
 -0.002188 -0.001882 -0.001622 -0.001403 -0.001216 -0.001059 -0.000925 -0.000811
 -0.000715 -0.000633 -0.000564 -0.000501 -0.000434 -0.000363 -0.000288 -0.000207
 -0.000121 -0.000029  0.000070  0.000175  0.000287  0.000407  0.000535  0.000670
  0.000814  0.000967  0.001130  0.001302  0.001486  0.001682  0.001891  0.002115
  0.002358  0.002624  0.002913  0.003223  0.003551  0.003889  0.004230  0.004571
  0.004911  0.005248  0.005584  0.005923  0.006265  0.006609  0.006954  0.007298
  0.007636  0.007966  0.008287  0.008599  0.008901  0.009194  0.009478  0.009753
  0.010019  0.010275  0.010522  0.010758  0.010984  0.011198  0.011402  0.011612
  0.011840  0.012086  0.012353  0.012643  0.012956  0.013296  0.013663  0.014056
  0.014472  0.014918
  1.000000  0.000000
  0.007431  0.006407  0.005539  0.004803  0.004178  0.003647  0.003197  0.002814
  0.002490  0.002214  0.001980  0.001781  0.001612  0.001469  0.001347  0.001243
  0.001156  0.001081  0.001018  0.001120  0.001114  0.001096  0.001065  0.001021
  0.000969  0.000914  0.000856  0.000795  0.000732  0.000666  0.000599  0.000530
  0.000461  0.000391  0.000321  0.000252  0.000184  0.000119  0.000056 -0.000002
 -0.000056 -0.000103 -0.000140 -0.000164 -0.000171 -0.000157 -0.000125 -0.000071
  0.000000  0.000089  0.000196  0.000323  0.000468  0.000630  0.000810  0.001005
  0.001212  0.001426  0.001647  0.001871  0.002097  0.002325  0.002554  0.002781
  0.003006  0.003228  0.003446  0.003658  0.003864  0.004063  0.004169  0.004390
  0.004629  0.004888  0.005169  0.005473  0.005802  0.006158  0.006543  0.006961
  0.007415  0.007907
  1.000000
  0.000000  0.000000  0.000000  0.000000  0.000000  0.000000  0.000000  0.000000
  0.000000  0.000000  0.000000  0.000000  0.000000  0.000000  0.000000  0.000000
  0.000000  0.000000  0.000000  0.000313  0.000410  0.000487  0.000552  0.000606
  0.000656  0.000704  0.000753  0.000802  0.000850  0.000898  0.000947  0.000994
  0.001041  0.001087  0.001132  0.001176  0.001219  0.001260  0.001300  0.001337
  0.001372  0.001403  0.001431  0.001452  0.001465  0.001473  0.001470  0.001460
  0.001443  0.001418  0.001386  0.001349  0.001305  0.001255  0.001199  0.001139
  0.001075  0.001008  0.000940  0.000870  0.000801  0.000731  0.000660  0.000591
  0.000522  0.000455  0.000389  0.000325  0.000263  0.000203  0.000000  0.000000
  0.000000  0.000000  0.000000  0.000000  0.000000  0.000000  0.000000  0.000000
  0.000000  0.000000
  1.000000  0.000000
  0.177356  0.177325  0.177330  0.177357  0.177397  0.177445  0.177495  0.177544
  0.177592  0.177636  0.177677  0.177713  0.177746  0.177774  0.177799  0.177821
  0.177840  0.177857  0.177871  0.177899  0.177930  0.177963  0.177999  0.178038
  0.178081  0.178128  0.178179  0.178235  0.178297  0.178364  0.178438  0.178518
  0.178606  0.178702  0.178806  0.178921  0.179047  0.179184  0.179335  0.179501
  0.179687  0.179895  0.180127  0.180382  0.180657  0.180946  0.181240  0.181535
  0.181830  0.182121  0.182409  0.182695  0.182978  0.183255  0.183525  0.183784
  0.184028  0.184255  0.184466  0.184659  0.184835  0.184995  0.185140  0.185271
  0.185388  0.185492  0.185584  0.185664  0.185734  0.185794  0.185845  0.185880
  0.185917  0.185956  0.185998  0.186041  0.186088  0.186137  0.186191  0.186263
  0.186364  0.186490
 ***************************************************************
  ROW NUMBER           1  SECTION NUMBER            2
           0           0           0  IF_DESIGN etc 
   1.00000   0.00000    0
 -0.006596 -0.005643 -0.004834 -0.004147 -0.003563 -0.003068 -0.002648 -0.002290
 -0.001987 -0.001730 -0.001511 -0.001325 -0.001167 -0.001034 -0.000920 -0.000823
 -0.000741 -0.000672 -0.000613 -0.000554 -0.000491 -0.000424 -0.000352 -0.000276
 -0.000193 -0.000105 -0.000011  0.000091  0.000200  0.000316  0.000441  0.000574
  0.000716  0.000867  0.001029  0.001203  0.001388  0.001587  0.001800  0.002029
  0.002280  0.002557  0.002858  0.003183  0.003528  0.003886  0.004248  0.004610
  0.004970  0.005327  0.005682  0.006040  0.006398  0.006756  0.007113  0.007465
  0.007808  0.008140  0.008459  0.008765  0.009059  0.009340  0.009610  0.009869
  0.010116  0.010351  0.010575  0.010787  0.010987  0.011176  0.011353  0.011531
  0.011723  0.011930  0.012155  0.012399  0.012662  0.012948  0.013257  0.013591
  0.013953  0.014345
  1.000000  0.000000
  0.009064  0.008071  0.007229  0.006513  0.005905  0.005389  0.004951  0.004579
  0.004263  0.003995  0.003767  0.003574  0.003409  0.003270  0.003152  0.003051
  0.002966  0.002893  0.002831  0.002910  0.002896  0.002870  0.002833  0.002783
  0.002725  0.002663  0.002595  0.002523  0.002447  0.002365  0.002279  0.002189
  0.002094  0.001994  0.001889  0.001780  0.001666  0.001547  0.001423  0.001294
  0.001157  0.001013  0.000862  0.000707  0.000552  0.000400  0.000257  0.000123
  0.000000 -0.000113 -0.000217 -0.000312 -0.000399 -0.000475 -0.000543 -0.000602
 -0.000651 -0.000690 -0.000721 -0.000745 -0.000761 -0.000772 -0.000777 -0.000777
 -0.000773 -0.000766 -0.000755 -0.000742 -0.000727 -0.000711 -0.000761 -0.000717
 -0.000671 -0.000620 -0.000565 -0.000506 -0.000442 -0.000372 -0.000297 -0.000215
 -0.000127 -0.000031
  1.000000
  0.000000  0.000000  0.000000  0.000000  0.000000  0.000000  0.000000  0.000000
  0.000000  0.000000  0.000000  0.000000  0.000000  0.000000  0.000000  0.000000
  0.000000  0.000000  0.000000  0.000266  0.000348  0.000413  0.000469  0.000516
  0.000558  0.000599  0.000641  0.000682  0.000723  0.000764  0.000805  0.000845
  0.000885  0.000924  0.000963  0.001000  0.001037  0.001072  0.001105  0.001137
  0.001166  0.001194  0.001217  0.001235  0.001247  0.001252  0.001250  0.001242
  0.001227  0.001206  0.001179  0.001147  0.001110  0.001067  0.001020  0.000968
  0.000914  0.000857  0.000800  0.000741  0.000681  0.000622  0.000562  0.000503
  0.000445  0.000387  0.000331  0.000277  0.000224  0.000173  0.000000  0.000000
  0.000000  0.000000  0.000000  0.000000  0.000000  0.000000  0.000000  0.000000
  0.000000  0.000000
  1.000000  0.000000
  0.280000  0.280000  0.280000  0.280000  0.280000  0.280000  0.280000  0.280000
  0.280000  0.280000  0.280000  0.280000  0.280000  0.280000  0.280000  0.280000
  0.280000  0.280000  0.280000  0.280000  0.280000  0.280000  0.280000  0.280000
  0.280000  0.280000  0.280000  0.280000  0.280000  0.280000  0.280000  0.280000
  0.280000  0.280000  0.280000  0.280000  0.280000  0.280000  0.280000  0.280000
  0.280000  0.280000  0.280000  0.280000  0.280000  0.280000  0.280000  0.280000
  0.280000  0.280000  0.280000  0.280000  0.280000  0.280000  0.280000  0.280000
  0.280000  0.280000  0.280000  0.280000  0.280000  0.280000  0.280000  0.280000
  0.280000  0.280000  0.280000  0.280000  0.280000  0.280000  0.280000  0.280000
  0.280000  0.280000  0.280000  0.280000  0.280000  0.280000  0.280000  0.280000
  0.280000  0.280000
 ***************************************************************
  ROW NUMBER           1  SECTION NUMBER            3
           0           0           0  IF_DESIGN etc 
   1.00000   0.00000    0
 -0.007735 -0.006585 -0.005608 -0.004778 -0.004075 -0.003480 -0.002976 -0.002549
 -0.002188 -0.001882 -0.001622 -0.001403 -0.001216 -0.001059 -0.000925 -0.000811
 -0.000715 -0.000633 -0.000564 -0.000501 -0.000434 -0.000363 -0.000288 -0.000207
 -0.000121 -0.000029  0.000070  0.000175  0.000287  0.000407  0.000535  0.000670
  0.000814  0.000967  0.001130  0.001302  0.001486  0.001682  0.001891  0.002115
  0.002358  0.002624  0.002913  0.003223  0.003551  0.003889  0.004230  0.004571
  0.004911  0.005248  0.005584  0.005923  0.006265  0.006609  0.006954  0.007298
  0.007636  0.007966  0.008287  0.008599  0.008901  0.009194  0.009478  0.009753
  0.010019  0.010275  0.010522  0.010758  0.010984  0.011198  0.011402  0.011612
  0.011840  0.012086  0.012353  0.012643  0.012956  0.013296  0.013663  0.014056
  0.014472  0.014918
  1.000000  0.000000
  0.014594  0.013143  0.011910  0.010863  0.009973  0.009217  0.008574  0.008029
  0.007566  0.007173  0.006839  0.006555  0.006314  0.006110  0.005936  0.005789
  0.005664  0.005557  0.005467  0.005574  0.005550  0.005508  0.005451  0.005376
  0.005286  0.005188  0.005082  0.004968  0.004845  0.004713  0.004573  0.004423
  0.004264  0.004095  0.003915  0.003725  0.003523  0.003309  0.003081  0.002839
  0.002577  0.002293  0.001988  0.001666  0.001329  0.000988  0.000651  0.000321
  0.000000 -0.000311 -0.000613 -0.000910 -0.001200 -0.001482 -0.001757 -0.002021
 -0.002271 -0.002507 -0.002729 -0.002936 -0.003130 -0.003312 -0.003482 -0.003641
 -0.003790 -0.003929 -0.004058 -0.004179 -0.004290 -0.004393 -0.004570 -0.004630
 -0.004695 -0.004765 -0.004841 -0.004923 -0.005012 -0.005109 -0.005213 -0.005326
 -0.005448 -0.005580
  1.000000
  0.000000  0.000000  0.000000  0.000000  0.000000  0.000000  0.000000  0.000000
  0.000000  0.000000  0.000000  0.000000  0.000000  0.000000  0.000000  0.000000
  0.000000  0.000000  0.000000  0.000374  0.000486  0.000577  0.000657  0.000725
  0.000784  0.000843  0.000901  0.000959  0.001017  0.001074  0.001131  0.001188
  0.001244  0.001299  0.001353  0.001406  0.001457  0.001507  0.001554  0.001598
  0.001640  0.001677  0.001710  0.001736  0.001753  0.001760  0.001758  0.001745
  0.001724  0.001695  0.001657  0.001612  0.001559  0.001500  0.001433  0.001361
  0.001285  0.001205  0.001123  0.001040  0.000957  0.000874  0.000790  0.000707
  0.000625  0.000544  0.000466  0.000389  0.000315  0.000244  0.000000  0.000000
  0.000000  0.000000  0.000000  0.000000  0.000000  0.000000  0.000000  0.000000
  0.000000  0.000000
  1.000000  0.000000
  0.382644  0.382675  0.382670  0.382643  0.382603  0.382555  0.382505  0.382456
  0.382408  0.382364  0.382323  0.382287  0.382254  0.382226  0.382201  0.382179
  0.382160  0.382143  0.382129  0.382101  0.382070  0.382037  0.382001  0.381962
  0.381919  0.381872  0.381821  0.381765  0.381703  0.381636  0.381562  0.381482
  0.381394  0.381298  0.381194  0.381079  0.380953  0.380816  0.380665  0.380499
  0.380313  0.380105  0.379873  0.379618  0.379343  0.379054  0.378760  0.378465
  0.378170  0.377879  0.377591  0.377305  0.377022  0.376745  0.376475  0.376216
  0.375972  0.375744  0.375534  0.375341  0.375165  0.375005  0.374860  0.374729
  0.374612  0.374508  0.374416  0.374336  0.374266  0.374206  0.374155  0.374120
  0.374083  0.374044  0.374002  0.373959  0.373912  0.373863  0.373809  0.373737
  0.373636  0.373510
 ***************************************************************
 ************STARTING THE INPUT FOR EACH BLADE ROW**************
  BLADE ROW NUMBER =        2                                           
    NUMBER OF BLADES IN ROW 
       323
        JM        JLE       JTE 
        79        16        68
      KTIPSTART  KTIPEND 
         0         0
       BOUNDARY LAYER TRANSITION POINTS 
         0         0         0         0
  SET NEWGRID= 1 TO GENERATE A NEW GRID WITH DIFFERENT "J" POINTS AND SPACINGS.
         0
   RPMROW,    RPMHUB 
       0.0       0.0
       JROTHS    JROTHE    JROTTS    JROTTE 
         1         1         1         1
   PUPROW    PLEROW   PTEROW    PDROW 
   98554.7   98554.7  113746.3  113746.3
      NSECS_ROW   INSURF  
         3         0
  IF_CUSP_OUT   IFANGLES 
         1         0
         0         3         0
 ***************************************************************
  ROW NUMBER           2  SECTION NUMBER            1
           0           0           0  IF_DESIGN etc 
   1.00000   0.00000    0
  0.010281  0.010799  0.011256  0.011664  0.012021  0.012329  0.012596  0.012827
  0.013026  0.013199  0.013347  0.013476  0.013587  0.013683  0.013765  0.013837
  0.013907  0.013981  0.014061  0.014145  0.014235  0.014331  0.014434  0.014544
  0.014662  0.014788  0.014922  0.015065  0.015217  0.015378  0.015550  0.015732
  0.015926  0.016132  0.016352  0.016586  0.016837  0.017109  0.017406  0.017728
  0.018072  0.018434  0.018807  0.019180  0.019552  0.019918  0.020279  0.020636
  0.020993  0.021349  0.021704  0.022056  0.022402  0.022738  0.023063  0.023375
  0.023674  0.023960  0.024235  0.024499  0.024751  0.024992  0.025223  0.025442
  0.025650  0.025847  0.026033  0.026208  0.026369  0.026547  0.026743  0.026959
  0.027199  0.027465  0.027761  0.028093  0.028471  0.028903  0.029381
  1.000000  0.000000
 -0.013084 -0.012217 -0.011466 -0.010814 -0.010250 -0.009763 -0.009342 -0.008978
 -0.008663 -0.008392 -0.008157 -0.007954 -0.007779 -0.007627 -0.007496 -0.007383
 -0.007155 -0.007008 -0.006868 -0.006722 -0.006567 -0.006405 -0.006233 -0.006052
 -0.005861 -0.005661 -0.005452 -0.005233 -0.005005 -0.004769 -0.004524 -0.004269
 -0.004006 -0.003735 -0.003456 -0.003168 -0.002871 -0.002563 -0.002242 -0.001912
 -0.001582 -0.001258 -0.000950 -0.000669 -0.000417 -0.000194  0.000000  0.000167
  0.000309  0.000425  0.000514  0.000578  0.000616  0.000630  0.000621  0.000592
  0.000547  0.000486  0.000412  0.000327  0.000233  0.000131  0.000024 -0.000088
 -0.000203 -0.000320 -0.000437 -0.000620 -0.000697 -0.000780 -0.000870 -0.000968
 -0.001074 -0.001189 -0.001313 -0.001447 -0.001592 -0.001748 -0.001918
  1.000000
  0.000000  0.000000  0.000000  0.000000  0.000000  0.000000  0.000000  0.000000
  0.000000  0.000000  0.000000  0.000000  0.000000  0.000000  0.000000  0.000000
  0.000249  0.000334  0.000389  0.000431  0.000466  0.000500  0.000536  0.000574
  0.000615  0.000657  0.000701  0.000747  0.000795  0.000845  0.000896  0.000949
  0.001003  0.001059  0.001114  0.001172  0.001230  0.001288  0.001347  0.001405
  0.001459  0.001508  0.001550  0.001581  0.001602  0.001613  0.001614  0.001606
  0.001588  0.001560  0.001522  0.001474  0.001418  0.001354  0.001283  0.001207
  0.001127  0.001043  0.000957  0.000868  0.000778  0.000687  0.000596  0.000506
  0.000417  0.000329  0.000244  0.000000  0.000000  0.000000  0.000000  0.000000
  0.000000  0.000000  0.000000  0.000000  0.000000  0.000000  0.000000
  1.000000  0.000000
  0.185494  0.185677  0.185809  0.185888  0.185946  0.185994  0.186034  0.186069
  0.186098  0.186123  0.186145  0.186164  0.186180  0.186194  0.186206  0.186216
  0.186230  0.186246  0.186264  0.186283  0.186304  0.186328  0.186354  0.186383
  0.186415  0.186451  0.186491  0.186536  0.186585  0.186639  0.186700  0.186768
  0.186843  0.186926  0.187019  0.187123  0.187239  0.187372  0.187524  0.187697
  0.187891  0.188105  0.188336  0.188577  0.188826  0.189081  0.189339  0.189602
  0.189871  0.190145  0.190423  0.190703  0.190982  0.191255  0.191520  0.191777
  0.192022  0.192258  0.192483  0.192698  0.192903  0.193098  0.193283  0.193457
  0.193621  0.193775  0.193919  0.194053  0.194219  0.194392  0.194570  0.194752
  0.194934  0.195114  0.195287  0.195447  0.195571  0.195646  0.195701
 ***************************************************************
  ROW NUMBER           2  SECTION NUMBER            2
           0           0           0  IF_DESIGN etc 
   1.00000   0.00000    0
  0.010838  0.011311  0.011721  0.012074  0.012380  0.012643  0.012871  0.013068
  0.013238  0.013385  0.013512  0.013622  0.013717  0.013799  0.013869  0.013930
  0.013992  0.014057  0.014126  0.014200  0.014279  0.014364  0.014455  0.014553
  0.014658  0.014770  0.014891  0.015020  0.015157  0.015304  0.015461  0.015628
  0.015807  0.015999  0.016204  0.016425  0.016662  0.016922  0.017207  0.017519
  0.017854  0.018212  0.018582  0.018955  0.019330  0.019702  0.020071  0.020439
  0.020808  0.021178  0.021549  0.021918  0.022282  0.022636  0.022979  0.023309
  0.023626  0.023929  0.024220  0.024499  0.024767  0.025022  0.025265  0.025496
  0.025716  0.025923  0.026118  0.026301  0.026485  0.026683  0.026898  0.027131
  0.027382  0.027655  0.027950  0.028269  0.028615  0.028989  0.029394
  1.000000  0.000000
 -0.007545 -0.007052 -0.006625 -0.006257 -0.005939 -0.005664 -0.005427 -0.005222
 -0.005044 -0.004891 -0.004759 -0.004645 -0.004546 -0.004461 -0.004387 -0.004323
 -0.004170 -0.004080 -0.003998 -0.003912 -0.003821 -0.003725 -0.003624 -0.003517
 -0.003405 -0.003287 -0.003164 -0.003035 -0.002901 -0.002762 -0.002618 -0.002468
 -0.002314 -0.002155 -0.001990 -0.001822 -0.001648 -0.001468 -0.001280 -0.001089
 -0.000898 -0.000711 -0.000534 -0.000375 -0.000232 -0.000107  0.000000  0.000090
  0.000165  0.000224  0.000267  0.000294  0.000305  0.000302  0.000285  0.000258
  0.000219  0.000172  0.000117  0.000056 -0.000010 -0.000080 -0.000154 -0.000230
 -0.000307 -0.000385 -0.000462 -0.000598 -0.000643 -0.000692 -0.000744 -0.000801
 -0.000862 -0.000928 -0.001000 -0.001078 -0.001162 -0.001254 -0.001352
  1.000000
  0.000000  0.000000  0.000000  0.000000  0.000000  0.000000  0.000000  0.000000
  0.000000  0.000000  0.000000  0.000000  0.000000  0.000000  0.000000  0.000000
  0.000198  0.000266  0.000311  0.000345  0.000373  0.000400  0.000429  0.000460
  0.000492  0.000525  0.000561  0.000598  0.000636  0.000676  0.000717  0.000759
  0.000803  0.000847  0.000892  0.000938  0.000984  0.001031  0.001079  0.001125
  0.001168  0.001207  0.001240  0.001265  0.001282  0.001291  0.001292  0.001285
  0.001271  0.001248  0.001218  0.001180  0.001135  0.001083  0.001027  0.000966
  0.000902  0.000835  0.000766  0.000695  0.000623  0.000550  0.000477  0.000405
  0.000334  0.000263  0.000195  0.000000  0.000000  0.000000  0.000000  0.000000
  0.000000  0.000000  0.000000  0.000000  0.000000  0.000000  0.000000
  1.000000  0.000000
  0.280000  0.280000  0.280000  0.280000  0.280000  0.280000  0.280000  0.280000
  0.280000  0.280000  0.280000  0.280000  0.280000  0.280000  0.280000  0.280000
  0.280000  0.280000  0.280000  0.280000  0.280000  0.280000  0.280000  0.280000
  0.280000  0.280000  0.280000  0.280000  0.280000  0.280000  0.280000  0.280000
  0.280000  0.280000  0.280000  0.280000  0.280000  0.280000  0.280000  0.280000
  0.280000  0.280000  0.280000  0.280000  0.280000  0.280000  0.280000  0.280000
  0.280000  0.280000  0.280000  0.280000  0.280000  0.280000  0.280000  0.280000
  0.280000  0.280000  0.280000  0.280000  0.280000  0.280000  0.280000  0.280000
  0.280000  0.280000  0.280000  0.280000  0.280000  0.280000  0.280000  0.280000
  0.280000  0.280000  0.280000  0.280000  0.280000  0.280000  0.280000
 ***************************************************************
  ROW NUMBER           2  SECTION NUMBER            3
           0           0           0  IF_DESIGN etc 
   1.00000   0.00000    0
  0.010281  0.010799  0.011256  0.011664  0.012021  0.012329  0.012596  0.012827
  0.013026  0.013199  0.013347  0.013476  0.013587  0.013683  0.013765  0.013837
  0.013907  0.013981  0.014061  0.014145  0.014235  0.014331  0.014434  0.014544
  0.014662  0.014788  0.014922  0.015065  0.015217  0.015378  0.015550  0.015732
  0.015926  0.016132  0.016352  0.016586  0.016837  0.017109  0.017406  0.017728
  0.018072  0.018434  0.018807  0.019180  0.019552  0.019918  0.020279  0.020636
  0.020993  0.021349  0.021704  0.022056  0.022402  0.022738  0.023063  0.023375
  0.023674  0.023960  0.024235  0.024499  0.024751  0.024992  0.025223  0.025442
  0.025650  0.025847  0.026033  0.026208  0.026369  0.026547  0.026743  0.026959
  0.027199  0.027465  0.027761  0.028093  0.028471  0.028903  0.029381
  1.000000  0.000000
 -0.006865 -0.006425 -0.006045 -0.005717 -0.005435 -0.005190 -0.004979 -0.004797
 -0.004640 -0.004504 -0.004386 -0.004285 -0.004197 -0.004122 -0.004056 -0.004000
 -0.003838 -0.003752 -0.003675 -0.003595 -0.003511 -0.003422 -0.003328 -0.003229
 -0.003125 -0.003016 -0.002902 -0.002782 -0.002658 -0.002529 -0.002395 -0.002257
 -0.002114 -0.001966 -0.001815 -0.001658 -0.001498 -0.001332 -0.001160 -0.000984
 -0.000808 -0.000637 -0.000477 -0.000333 -0.000205 -0.000094  0.000000  0.000078
  0.000142  0.000189  0.000221  0.000239  0.000241  0.000230  0.000206  0.000171
  0.000127  0.000075  0.000016 -0.000049 -0.000119 -0.000192 -0.000268 -0.000346
 -0.000425 -0.000505 -0.000583 -0.000734 -0.000774 -0.000817 -0.000864 -0.000915
 -0.000970 -0.001030 -0.001095 -0.001165 -0.001241 -0.001323 -0.001412
  1.000000
  0.000000  0.000000  0.000000  0.000000  0.000000  0.000000  0.000000  0.000000
  0.000000  0.000000  0.000000  0.000000  0.000000  0.000000  0.000000  0.000000
  0.000231  0.000311  0.000362  0.000401  0.000433  0.000465  0.000498  0.000534
  0.000571  0.000610  0.000651  0.000694  0.000739  0.000785  0.000832  0.000882
  0.000932  0.000984  0.001036  0.001089  0.001143  0.001197  0.001252  0.001306
  0.001356  0.001402  0.001440  0.001469  0.001489  0.001499  0.001500  0.001492
  0.001476  0.001450  0.001414  0.001370  0.001318  0.001258  0.001192  0.001122
  0.001047  0.000970  0.000889  0.000807  0.000723  0.000639  0.000554  0.000470
  0.000387  0.000306  0.000227  0.000000  0.000000  0.000000  0.000000  0.000000
  0.000000  0.000000  0.000000  0.000000  0.000000  0.000000  0.000000
  1.000000  0.000000
  0.374506  0.374323  0.374191  0.374112  0.374054  0.374006  0.373966  0.373931
  0.373902  0.373877  0.373855  0.373836  0.373820  0.373806  0.373794  0.373784
  0.373769  0.373754  0.373736  0.373717  0.373696  0.373672  0.373646  0.373617
  0.373585  0.373549  0.373509  0.373464  0.373415  0.373361  0.373300  0.373232
  0.373157  0.373074  0.372981  0.372877  0.372761  0.372628  0.372476  0.372303
  0.372109  0.371895  0.371664  0.371423  0.371174  0.370919  0.370661  0.370398
  0.370129  0.369855  0.369577  0.369297  0.369018  0.368745  0.368480  0.368223
  0.367977  0.367742  0.367517  0.367302  0.367097  0.366902  0.366717  0.366543
  0.366379  0.366225  0.366081  0.365947  0.365781  0.365608  0.365430  0.365248
  0.365066  0.364886  0.364713  0.364553  0.364429  0.364354  0.364299
 ***************************************************************
 ************STARTING THE INPUT FOR EACH BLADE ROW**************
  BLADE ROW NUMBER =        3                                           
    NUMBER OF BLADES IN ROW 
       324
        JM        JLE       JTE 
        79        16        68
      KTIPSTART  KTIPEND 
         0         0
       BOUNDARY LAYER TRANSITION POINTS 
         0         0         0         0
  SET NEWGRID= 1 TO GENERATE A NEW GRID WITH DIFFERENT "J" POINTS AND SPACINGS.
         0
   RPMROW,    RPMHUB 
    4500.0    4500.0
       JROTHS    JROTHE    JROTTS    JROTTE 
         1         1         1         1
   PUPROW    PLEROW   PTEROW    PDROW 
  113746.3  113746.3  130534.9  130534.9
      NSECS_ROW   INSURF  
         3         0
  IF_CUSP_OUT   IFANGLES 
         1         0
         0         3         0
 ***************************************************************
  ROW NUMBER           3  SECTION NUMBER            1
           0           0           0  IF_DESIGN etc 
   1.00000   0.00000    0
  0.028257  0.028775  0.029236  0.029640  0.029992  0.030291  0.030549  0.030771
  0.030963  0.031129  0.031272  0.031396  0.031503  0.031595  0.031675  0.031744
  0.031811  0.031882  0.031957  0.032038  0.032124  0.032216  0.032314  0.032419
  0.032532  0.032652  0.032780  0.032917  0.033062  0.033216  0.033380  0.033555
  0.033741  0.033938  0.034149  0.034374  0.034616  0.034878  0.035165  0.035476
  0.035810  0.036164  0.036529  0.036896  0.037262  0.037626  0.037987  0.038346
  0.038707  0.039069  0.039433  0.039797  0.040157  0.040510  0.040853  0.041186
  0.041507  0.041817  0.042116  0.042405  0.042684  0.042953  0.043210  0.043457
  0.043693  0.043918  0.044131  0.044332  0.044539  0.044762  0.045005  0.045267
  0.045552  0.045860  0.046193  0.046554  0.046944  0.047364  0.047811
  1.000000  0.000000
  0.004640  0.004152  0.003730  0.003365  0.003050  0.002778  0.002542  0.002339
  0.002163  0.002011  0.001880  0.001767  0.001669  0.001584  0.001511  0.001448
  0.001544  0.001536  0.001516  0.001483  0.001437  0.001383  0.001326  0.001266
  0.001202  0.001135  0.001066  0.000994  0.000919  0.000844  0.000766  0.000688
  0.000609  0.000531  0.000452  0.000375  0.000300  0.000227  0.000158  0.000094
  0.000039 -0.000002 -0.000028 -0.000035 -0.000026  0.000000  0.000042  0.000101
  0.000175  0.000266  0.000373  0.000496  0.000632  0.000779  0.000934  0.001097
  0.001263  0.001433  0.001606  0.001780  0.001955  0.002129  0.002301  0.002471
  0.002637  0.002799  0.002956  0.003025  0.003205  0.003400  0.003611  0.003839
  0.004086  0.004354  0.004644  0.004958  0.005298  0.005666  0.006066
  1.000000
  0.000000  0.000000  0.000000  0.000000  0.000000  0.000000  0.000000  0.000000
  0.000000  0.000000  0.000000  0.000000  0.000000  0.000000  0.000000  0.000000
  0.000301  0.000395  0.000469  0.000532  0.000584  0.000631  0.000678  0.000725
  0.000772  0.000819  0.000865  0.000911  0.000957  0.001002  0.001047  0.001090
  0.001133  0.001174  0.001214  0.001252  0.001288  0.001321  0.001352  0.001377
  0.001398  0.001412  0.001418  0.001417  0.001406  0.001389  0.001365  0.001336
  0.001299  0.001257  0.001208  0.001154  0.001096  0.001035  0.000971  0.000905
  0.000838  0.000771  0.000703  0.000636  0.000569  0.000503  0.000438  0.000375
  0.000313  0.000253  0.000196  0.000000  0.000000  0.000000  0.000000  0.000000
  0.000000  0.000000  0.000000  0.000000  0.000000  0.000000  0.000000
  1.000000  0.000000
  0.195514  0.195627  0.195687  0.195724  0.195751  0.195786  0.195817  0.195845
  0.195869  0.195891  0.195909  0.195925  0.195939  0.195951  0.195962  0.195971
  0.195986  0.196003  0.196022  0.196043  0.196065  0.196091  0.196119  0.196150
  0.196185  0.196223  0.196266  0.196314  0.196367  0.196425  0.196490  0.196562
  0.196642  0.196730  0.196829  0.196938  0.197060  0.197198  0.197355  0.197532
  0.197728  0.197942  0.198170  0.198404  0.198642  0.198880  0.199118  0.199354
  0.199591  0.199826  0.200058  0.200285  0.200503  0.200710  0.200904  0.201084
  0.201249  0.201400  0.201539  0.201664  0.201778  0.201880  0.201970  0.202051
  0.202121  0.202183  0.202236  0.202281  0.202310  0.202340  0.202372  0.202406
  0.202443  0.202481  0.202522  0.202566  0.202614  0.202678  0.202770
 ***************************************************************
  ROW NUMBER           3  SECTION NUMBER            2
           0           0           0  IF_DESIGN etc 
   1.00000   0.00000    0
  0.028586  0.029068  0.029484  0.029844  0.030155  0.030423  0.030655  0.030856
  0.031029  0.031178  0.031308  0.031419  0.031516  0.031599  0.031671  0.031733
  0.031795  0.031861  0.031932  0.032007  0.032088  0.032174  0.032267  0.032366
  0.032473  0.032588  0.032710  0.032841  0.032981  0.033130  0.033290  0.033461
  0.033643  0.033838  0.034047  0.034271  0.034513  0.034777  0.035067  0.035384
  0.035726  0.036089  0.036466  0.036846  0.037227  0.037606  0.037982  0.038355
  0.038731  0.039108  0.039485  0.039860  0.040231  0.040591  0.040940  0.041276
  0.041599  0.041907  0.042203  0.042487  0.042759  0.043019  0.043267  0.043502
  0.043725  0.043936  0.044135  0.044321  0.044508  0.044710  0.044928  0.045165
  0.045421  0.045698  0.045999  0.046323  0.046675  0.047056  0.047468
  1.000000  0.000000
  0.006257  0.005755  0.005321  0.004946  0.004623  0.004343  0.004101  0.003893
  0.003712  0.003557  0.003422  0.003306  0.003205  0.003118  0.003043  0.002979
  0.003061  0.003047  0.003020  0.002980  0.002928  0.002867  0.002801  0.002730
  0.002654  0.002574  0.002488  0.002398  0.002302  0.002202  0.002097  0.001987
  0.001873  0.001753  0.001627  0.001497  0.001361  0.001217  0.001065  0.000906
  0.000744  0.000580  0.000421  0.000270  0.000130  0.000000 -0.000119 -0.000228
 -0.000328 -0.000419 -0.000500 -0.000572 -0.000633 -0.000685 -0.000726 -0.000759
 -0.000783 -0.000801 -0.000812 -0.000817 -0.000817 -0.000813 -0.000806 -0.000795
 -0.000781 -0.000765 -0.000748 -0.000800 -0.000755 -0.000705 -0.000652 -0.000594
 -0.000532 -0.000464 -0.000391 -0.000312 -0.000226 -0.000133 -0.000033
  1.000000
  0.000000  0.000000  0.000000  0.000000  0.000000  0.000000  0.000000  0.000000
  0.000000  0.000000  0.000000  0.000000  0.000000  0.000000  0.000000  0.000000
  0.000280  0.000366  0.000435  0.000493  0.000542  0.000587  0.000630  0.000674
  0.000717  0.000761  0.000804  0.000847  0.000889  0.000931  0.000972  0.001013
  0.001052  0.001091  0.001128  0.001163  0.001196  0.001227  0.001256  0.001280
  0.001299  0.001312  0.001317  0.001315  0.001306  0.001291  0.001269  0.001241
  0.001207  0.001168  0.001123  0.001073  0.001019  0.000961  0.000902  0.000841
  0.000779  0.000717  0.000654  0.000591  0.000529  0.000468  0.000407  0.000349
  0.000291  0.000236  0.000182  0.000000  0.000000  0.000000  0.000000  0.000000
  0.000000  0.000000  0.000000  0.000000  0.000000  0.000000  0.000000
  1.000000  0.000000
  0.280000  0.280000  0.280000  0.280000  0.280000  0.280000  0.280000  0.280000
  0.280000  0.280000  0.280000  0.280000  0.280000  0.280000  0.280000  0.280000
  0.280000  0.280000  0.280000  0.280000  0.280000  0.280000  0.280000  0.280000
  0.280000  0.280000  0.280000  0.280000  0.280000  0.280000  0.280000  0.280000
  0.280000  0.280000  0.280000  0.280000  0.280000  0.280000  0.280000  0.280000
  0.280000  0.280000  0.280000  0.280000  0.280000  0.280000  0.280000  0.280000
  0.280000  0.280000  0.280000  0.280000  0.280000  0.280000  0.280000  0.280000
  0.280000  0.280000  0.280000  0.280000  0.280000  0.280000  0.280000  0.280000
  0.280000  0.280000  0.280000  0.280000  0.280000  0.280000  0.280000  0.280000
  0.280000  0.280000  0.280000  0.280000  0.280000  0.280000  0.280000
 ***************************************************************
  ROW NUMBER           3  SECTION NUMBER            3
           0           0           0  IF_DESIGN etc 
   1.00000   0.00000    0
  0.028257  0.028775  0.029236  0.029640  0.029992  0.030291  0.030549  0.030771
  0.030963  0.031129  0.031272  0.031396  0.031503  0.031595  0.031675  0.031744
  0.031811  0.031882  0.031957  0.032038  0.032124  0.032216  0.032314  0.032419
  0.032532  0.032652  0.032780  0.032917  0.033062  0.033216  0.033380  0.033555
  0.033741  0.033938  0.034149  0.034374  0.034616  0.034878  0.035165  0.035476
  0.035810  0.036164  0.036529  0.036896  0.037262  0.037626  0.037987  0.038346
  0.038707  0.039069  0.039433  0.039797  0.040157  0.040510  0.040853  0.041186
  0.041507  0.041817  0.042116  0.042405  0.042684  0.042953  0.043210  0.043457
  0.043693  0.043918  0.044131  0.044332  0.044539  0.044762  0.045005  0.045267
  0.045552  0.045860  0.046193  0.046554  0.046944  0.047364  0.047812
  1.000000  0.000000
  0.009319  0.008656  0.008085  0.007592  0.007166  0.006797  0.006479  0.006205
  0.005967  0.005762  0.005585  0.005432  0.005300  0.005185  0.005087  0.005001
  0.005103  0.005081  0.005043  0.004989  0.004918  0.004834  0.004742  0.004643
  0.004536  0.004422  0.004299  0.004168  0.004029  0.003881  0.003724  0.003558
  0.003382  0.003196  0.002998  0.002789  0.002566  0.002327  0.002067  0.001790
  0.001497  0.001192  0.000884  0.000582  0.000286  0.000000 -0.000276 -0.000543
 -0.000804 -0.001058 -0.001305 -0.001543 -0.001771 -0.001985 -0.002187 -0.002375
 -0.002550 -0.002712 -0.002863 -0.003004 -0.003136 -0.003258 -0.003371 -0.003475
 -0.003572 -0.003661 -0.003743 -0.003894 -0.003936 -0.003981 -0.004030 -0.004083
 -0.004140 -0.004202 -0.004269 -0.004341 -0.004420 -0.004505 -0.004596
  1.000000
  0.000000  0.000000  0.000000  0.000000  0.000000  0.000000  0.000000  0.000000
  0.000000  0.000000  0.000000  0.000000  0.000000  0.000000  0.000000  0.000000
  0.000355  0.000462  0.000549  0.000625  0.000689  0.000745  0.000800  0.000856
  0.000911  0.000965  0.001020  0.001075  0.001128  0.001181  0.001234  0.001285
  0.001335  0.001384  0.001431  0.001476  0.001518  0.001558  0.001593  0.001624
  0.001649  0.001665  0.001672  0.001669  0.001657  0.001637  0.001609  0.001574
  0.001532  0.001482  0.001425  0.001361  0.001293  0.001220  0.001144  0.001067
  0.000988  0.000909  0.000830  0.000750  0.000671  0.000593  0.000517  0.000442
  0.000370  0.000299  0.000232  0.000000  0.000000  0.000000  0.000000  0.000000
  0.000000  0.000000  0.000000  0.000000  0.000000  0.000000  0.000000
  1.000000  0.000000
  0.364486  0.364374  0.364313  0.364276  0.364249  0.364214  0.364183  0.364155
  0.364131  0.364109  0.364091  0.364075  0.364061  0.364049  0.364038  0.364029
  0.364014  0.363997  0.363978  0.363957  0.363935  0.363909  0.363881  0.363850
  0.363815  0.363777  0.363734  0.363686  0.363633  0.363575  0.363510  0.363438
  0.363358  0.363270  0.363171  0.363062  0.362940  0.362802  0.362645  0.362468
  0.362272  0.362058  0.361830  0.361596  0.361358  0.361120  0.360882  0.360646
  0.360409  0.360174  0.359942  0.359715  0.359497  0.359290  0.359096  0.358916
  0.358751  0.358600  0.358461  0.358336  0.358222  0.358120  0.358030  0.357949
  0.357879  0.357817  0.357764  0.357719  0.357690  0.357660  0.357628  0.357594
  0.357557  0.357519  0.357478  0.357434  0.357386  0.357322  0.357230
 ***************************************************************
 ************STARTING THE INPUT FOR EACH BLADE ROW**************
  BLADE ROW NUMBER =        4                                           
    NUMBER OF BLADES IN ROW 
       325
        JM        JLE       JTE 
        79        16        68
      KTIPSTART  KTIPEND 
         0         0
       BOUNDARY LAYER TRANSITION POINTS 
         0         0         0         0
  SET NEWGRID= 1 TO GENERATE A NEW GRID WITH DIFFERENT "J" POINTS AND SPACINGS.
         0
   RPMROW,    RPMHUB 
       0.0       0.0
       JROTHS    JROTHE    JROTTS    JROTTE 
         1         1         1         1
   PUPROW    PLEROW   PTEROW    PDROW 
  130534.9  130534.9  148865.4  148865.4
      NSECS_ROW   INSURF  
         3         0
  IF_CUSP_OUT   IFANGLES 
         1         0
         0         3         0
 ***************************************************************
  ROW NUMBER           4  SECTION NUMBER            1
           0           0           0  IF_DESIGN etc 
   1.00000   0.00000    0
  0.043786  0.044288  0.044735  0.045123  0.045458  0.045748  0.045998  0.046214
  0.046401  0.046563  0.046702  0.046823  0.046927  0.047016  0.047094  0.047161
  0.047227  0.047297  0.047372  0.047452  0.047537  0.047628  0.047726  0.047831
  0.047943  0.048063  0.048191  0.048327  0.048473  0.048628  0.048793  0.048969
  0.049156  0.049356  0.049569  0.049797  0.050042  0.050309  0.050601  0.050918
  0.051258  0.051618  0.051990  0.052363  0.052735  0.053104  0.053468  0.053829
  0.054191  0.054553  0.054914  0.055272  0.055625  0.055969  0.056300  0.056619
  0.056925  0.057217  0.057497  0.057767  0.058024  0.058270  0.058504  0.058727
  0.058939  0.059139  0.059328  0.059505  0.059674  0.059859  0.060061  0.060282
  0.060524  0.060789  0.061081  0.061403  0.061759  0.062162  0.062606
  1.000000  0.000000
 -0.011294 -0.010546 -0.009897 -0.009336 -0.008851 -0.008432 -0.008069 -0.007757
 -0.007486 -0.007253 -0.007051 -0.006876 -0.006726 -0.006595 -0.006483 -0.006386
 -0.006183 -0.006055 -0.005934 -0.005807 -0.005674 -0.005533 -0.005384 -0.005227
 -0.005062 -0.004889 -0.004707 -0.004518 -0.004321 -0.004116 -0.003904 -0.003683
 -0.003456 -0.003221 -0.002979 -0.002730 -0.002473 -0.002207 -0.001929 -0.001645
 -0.001358 -0.001079 -0.000815 -0.000573 -0.000357 -0.000166  0.000000  0.000143
  0.000262  0.000359  0.000434  0.000486  0.000515  0.000523  0.000512  0.000484
  0.000441  0.000385  0.000317  0.000241  0.000156  0.000064 -0.000032 -0.000132
 -0.000235 -0.000338 -0.000442 -0.000615 -0.000681 -0.000754 -0.000832 -0.000917
 -0.001009 -0.001108 -0.001216 -0.001332 -0.001458 -0.001595 -0.001742
  1.000000
  0.000000  0.000000  0.000000  0.000000  0.000000  0.000000  0.000000  0.000000
  0.000000  0.000000  0.000000  0.000000  0.000000  0.000000  0.000000  0.000000
  0.000228  0.000307  0.000358  0.000397  0.000429  0.000460  0.000494  0.000529
  0.000566  0.000605  0.000645  0.000688  0.000732  0.000778  0.000825  0.000873
  0.000923  0.000974  0.001027  0.001079  0.001132  0.001186  0.001240  0.001293
  0.001344  0.001389  0.001426  0.001455  0.001475  0.001485  0.001486  0.001479
  0.001462  0.001436  0.001401  0.001358  0.001306  0.001246  0.001181  0.001112
  0.001038  0.000961  0.000881  0.000799  0.000716  0.000633  0.000549  0.000466
  0.000384  0.000303  0.000225  0.000000  0.000000  0.000000  0.000000  0.000000
  0.000000  0.000000  0.000000  0.000000  0.000000  0.000000  0.000000
  1.000000  0.000000
  0.202138  0.202271  0.202337  0.202388  0.202431  0.202467  0.202498  0.202524
  0.202547  0.202567  0.202584  0.202599  0.202612  0.202623  0.202633  0.202641
  0.202653  0.202667  0.202682  0.202698  0.202716  0.202735  0.202757  0.202782
  0.202809  0.202838  0.202871  0.202908  0.202948  0.202993  0.203043  0.203097
  0.203158  0.203225  0.203299  0.203382  0.203474  0.203578  0.203697  0.203831
  0.203981  0.204145  0.204321  0.204503  0.204691  0.204881  0.205074  0.205268
  0.205467  0.205669  0.205873  0.206078  0.206283  0.206482  0.206677  0.206864
  0.207044  0.207217  0.207382  0.207541  0.207692  0.207836  0.207973  0.208103
  0.208226  0.208341  0.208449  0.208550  0.208669  0.208794  0.208926  0.209063
  0.209204  0.209348  0.209492  0.209632  0.209760  0.209836  0.209891
 ***************************************************************
  ROW NUMBER           4  SECTION NUMBER            2
           0           0           0  IF_DESIGN etc 
   1.00000   0.00000    0
  0.044131  0.044604  0.045012  0.045365  0.045670  0.045933  0.046160  0.046357
  0.046527  0.046673  0.046800  0.046909  0.047004  0.047086  0.047156  0.047217
  0.047278  0.047343  0.047412  0.047486  0.047565  0.047650  0.047741  0.047838
  0.047943  0.048055  0.048175  0.048304  0.048441  0.048588  0.048744  0.048911
  0.049090  0.049281  0.049486  0.049706  0.049943  0.050202  0.050487  0.050797
  0.051132  0.051489  0.051858  0.052231  0.052605  0.052976  0.053345  0.053711
  0.054080  0.054449  0.054819  0.055187  0.055550  0.055904  0.056246  0.056576
  0.056892  0.057194  0.057485  0.057763  0.058030  0.058284  0.058527  0.058758
  0.058977  0.059183  0.059378  0.059561  0.059744  0.059942  0.060157  0.060389
  0.060640  0.060912  0.061206  0.061525  0.061870  0.062243  0.062647
  1.000000  0.000000
 -0.007529 -0.007036 -0.006611 -0.006244 -0.005926 -0.005652 -0.005415 -0.005210
 -0.005033 -0.004881 -0.004749 -0.004635 -0.004536 -0.004451 -0.004378 -0.004314
 -0.004160 -0.004071 -0.003989 -0.003903 -0.003813 -0.003717 -0.003616 -0.003510
 -0.003398 -0.003280 -0.003157 -0.003029 -0.002895 -0.002756 -0.002612 -0.002463
 -0.002309 -0.002150 -0.001986 -0.001818 -0.001644 -0.001465 -0.001278 -0.001087
 -0.000896 -0.000709 -0.000533 -0.000374 -0.000231 -0.000107  0.000000  0.000090
  0.000165  0.000223  0.000266  0.000293  0.000304  0.000301  0.000285  0.000257
  0.000219  0.000172  0.000117  0.000056 -0.000010 -0.000080 -0.000153 -0.000229
 -0.000306 -0.000384 -0.000461 -0.000597 -0.000642 -0.000690 -0.000742 -0.000799
 -0.000860 -0.000926 -0.000998 -0.001076 -0.001160 -0.001251 -0.001349
  1.000000
  0.000000  0.000000  0.000000  0.000000  0.000000  0.000000  0.000000  0.000000
  0.000000  0.000000  0.000000  0.000000  0.000000  0.000000  0.000000  0.000000
  0.000197  0.000266  0.000310  0.000344  0.000372  0.000399  0.000428  0.000459
  0.000491  0.000524  0.000560  0.000596  0.000635  0.000674  0.000715  0.000757
  0.000801  0.000845  0.000890  0.000936  0.000982  0.001029  0.001076  0.001122
  0.001165  0.001204  0.001237  0.001262  0.001279  0.001288  0.001289  0.001283
  0.001268  0.001245  0.001216  0.001178  0.001132  0.001081  0.001024  0.000964
  0.000900  0.000833  0.000764  0.000693  0.000621  0.000549  0.000476  0.000404
  0.000333  0.000263  0.000195  0.000000  0.000000  0.000000  0.000000  0.000000
  0.000000  0.000000  0.000000  0.000000  0.000000  0.000000  0.000000
  1.000000  0.000000
  0.280000  0.280000  0.280000  0.280000  0.280000  0.280000  0.280000  0.280000
  0.280000  0.280000  0.280000  0.280000  0.280000  0.280000  0.280000  0.280000
  0.280000  0.280000  0.280000  0.280000  0.280000  0.280000  0.280000  0.280000
  0.280000  0.280000  0.280000  0.280000  0.280000  0.280000  0.280000  0.280000
  0.280000  0.280000  0.280000  0.280000  0.280000  0.280000  0.280000  0.280000
  0.280000  0.280000  0.280000  0.280000  0.280000  0.280000  0.280000  0.280000
  0.280000  0.280000  0.280000  0.280000  0.280000  0.280000  0.280000  0.280000
  0.280000  0.280000  0.280000  0.280000  0.280000  0.280000  0.280000  0.280000
  0.280000  0.280000  0.280000  0.280000  0.280000  0.280000  0.280000  0.280000
  0.280000  0.280000  0.280000  0.280000  0.280000  0.280000  0.280000
 ***************************************************************
  ROW NUMBER           4  SECTION NUMBER            3
           0           0           0  IF_DESIGN etc 
   1.00000   0.00000    0
  0.043786  0.044288  0.044735  0.045123  0.045458  0.045748  0.045998  0.046215
  0.046401  0.046563  0.046702  0.046823  0.046927  0.047016  0.047094  0.047161
  0.047227  0.047297  0.047372  0.047452  0.047537  0.047628  0.047726  0.047831
  0.047943  0.048063  0.048191  0.048327  0.048473  0.048628  0.048793  0.048969
  0.049156  0.049356  0.049569  0.049797  0.050042  0.050309  0.050601  0.050918
  0.051258  0.051618  0.051990  0.052363  0.052735  0.053104  0.053468  0.053829
  0.054191  0.054553  0.054914  0.055272  0.055626  0.055969  0.056300  0.056619
  0.056925  0.057217  0.057498  0.057767  0.058024  0.058270  0.058505  0.058728
  0.058939  0.059139  0.059328  0.059505  0.059674  0.059859  0.060061  0.060282
  0.060524  0.060789  0.061081  0.061403  0.061759  0.062163  0.062606
  1.000000  0.000000
 -0.006678 -0.006249 -0.005879 -0.005559 -0.005283 -0.005044 -0.004838 -0.004660
 -0.004506 -0.004373 -0.004258 -0.004159 -0.004074 -0.004000 -0.003936 -0.003881
 -0.003727 -0.003644 -0.003569 -0.003492 -0.003410 -0.003324 -0.003233 -0.003137
 -0.003037 -0.002931 -0.002820 -0.002704 -0.002583 -0.002458 -0.002329 -0.002194
 -0.002055 -0.001912 -0.001765 -0.001614 -0.001458 -0.001297 -0.001129 -0.000958
 -0.000788 -0.000621 -0.000466 -0.000325 -0.000200 -0.000092  0.000000  0.000077
  0.000139  0.000187  0.000219  0.000237  0.000241  0.000231  0.000210  0.000178
  0.000136  0.000087  0.000031 -0.000030 -0.000096 -0.000166 -0.000239 -0.000313
 -0.000389 -0.000464 -0.000540 -0.000682 -0.000721 -0.000764 -0.000809 -0.000859
 -0.000913 -0.000971 -0.001034 -0.001102 -0.001176 -0.001256 -0.001343
  1.000000
  0.000000  0.000000  0.000000  0.000000  0.000000  0.000000  0.000000  0.000000
  0.000000  0.000000  0.000000  0.000000  0.000000  0.000000  0.000000  0.000000
  0.000216  0.000291  0.000339  0.000376  0.000405  0.000435  0.000467  0.000500
  0.000535  0.000572  0.000610  0.000650  0.000692  0.000735  0.000780  0.000826
  0.000873  0.000921  0.000970  0.001020  0.001071  0.001122  0.001173  0.001223
  0.001270  0.001313  0.001349  0.001376  0.001394  0.001404  0.001405  0.001398
  0.001383  0.001358  0.001325  0.001283  0.001234  0.001178  0.001117  0.001051
  0.000981  0.000908  0.000833  0.000756  0.000677  0.000598  0.000519  0.000440
  0.000363  0.000287  0.000212  0.000000  0.000000  0.000000  0.000000  0.000000
  0.000000  0.000000  0.000000  0.000000  0.000000  0.000000  0.000000
  1.000000  0.000000
  0.357862  0.357729  0.357663  0.357612  0.357569  0.357533  0.357502  0.357476
  0.357453  0.357433  0.357416  0.357401  0.357388  0.357377  0.357368  0.357359
  0.357347  0.357333  0.357319  0.357302  0.357285  0.357265  0.357243  0.357219
  0.357192  0.357162  0.357129  0.357092  0.357052  0.357007  0.356958  0.356903
  0.356843  0.356775  0.356701  0.356618  0.356526  0.356422  0.356303  0.356169
  0.356020  0.355855  0.355680  0.355497  0.355310  0.355119  0.354927  0.354732
  0.354533  0.354331  0.354127  0.353922  0.353718  0.353518  0.353324  0.353136
  0.352956  0.352784  0.352618  0.352460  0.352308  0.352164  0.352027  0.351897
  0.351775  0.351660  0.351551  0.351451  0.351332  0.351206  0.351075  0.350938
  0.350796  0.350652  0.350508  0.350368  0.350241  0.350164  0.350109
 ***************************************************************
 ************STARTING THE INPUT FOR EACH BLADE ROW**************
  BLADE ROW NUMBER =        5                                           
    NUMBER OF BLADES IN ROW 
       325
        JM        JLE       JTE 
        79        16        68
      KTIPSTART  KTIPEND 
         0         0
       BOUNDARY LAYER TRANSITION POINTS 
         0         0         0         0
  SET NEWGRID= 1 TO GENERATE A NEW GRID WITH DIFFERENT "J" POINTS AND SPACINGS.
         0
   RPMROW,    RPMHUB 
    4500.0    4500.0
       JROTHS    JROTHE    JROTTS    JROTTE 
         1         1         1         1
   PUPROW    PLEROW   PTEROW    PDROW 
  148865.4  148865.4  168959.1  168959.1
      NSECS_ROW   INSURF  
         3         0
  IF_CUSP_OUT   IFANGLES 
         1         0
         0         3         0
 ***************************************************************
  ROW NUMBER           5  SECTION NUMBER            1
           0           0           0  IF_DESIGN etc 
   1.00000   0.00000    0
  0.062288  0.062796  0.063240  0.063625  0.063954  0.064238  0.064483  0.064695
  0.064877  0.065035  0.065171  0.065289  0.065391  0.065479  0.065554  0.065620
  0.065684  0.065752  0.065825  0.065903  0.065986  0.066074  0.066169  0.066271
  0.066380  0.066497  0.066621  0.066754  0.066896  0.067046  0.067207  0.067379
  0.067561  0.067756  0.067964  0.068187  0.068426  0.068687  0.068973  0.069284
  0.069619  0.069974  0.070341  0.070711  0.071081  0.071448  0.071812  0.072175
  0.072540  0.072906  0.073272  0.073638  0.074001  0.074354  0.074697  0.075029
  0.075348  0.075655  0.075951  0.076236  0.076510  0.076772  0.077024  0.077264
  0.077492  0.077709  0.077915  0.078108  0.078305  0.078517  0.078748  0.078998
  0.079268  0.079561  0.079878  0.080221  0.080593  0.080996  0.081427
  1.000000  0.000000
  0.004772  0.004300  0.003892  0.003539  0.003235  0.002971  0.002744  0.002548
  0.002378  0.002231  0.002105  0.001995  0.001901  0.001819  0.001749  0.001688
  0.001776  0.001767  0.001746  0.001713  0.001668  0.001615  0.001558  0.001498
  0.001434  0.001367  0.001297  0.001225  0.001149  0.001072  0.000992  0.000911
  0.000828  0.000745  0.000660  0.000576  0.000492  0.000408  0.000326  0.000246
  0.000173  0.000109  0.000060  0.000024  0.000004  0.000000  0.000009  0.000033
  0.000071  0.000124  0.000190  0.000270  0.000363  0.000465  0.000577  0.000695
  0.000818  0.000945  0.001075  0.001208  0.001342  0.001476  0.001610  0.001742
  0.001872  0.001999  0.002123  0.002165  0.002312  0.002471  0.002643  0.002830
  0.003031  0.003250  0.003486  0.003742  0.004020  0.004320  0.004645
  1.000000
  0.000000  0.000000  0.000000  0.000000  0.000000  0.000000  0.000000  0.000000
  0.000000  0.000000  0.000000  0.000000  0.000000  0.000000  0.000000  0.000000
  0.000284  0.000373  0.000442  0.000502  0.000551  0.000596  0.000640  0.000684
  0.000728  0.000772  0.000816  0.000860  0.000903  0.000946  0.000988  0.001029
  0.001069  0.001108  0.001145  0.001181  0.001214  0.001247  0.001275  0.001300
  0.001319  0.001332  0.001338  0.001336  0.001326  0.001311  0.001288  0.001260
  0.001225  0.001186  0.001140  0.001089  0.001034  0.000976  0.000916  0.000853
  0.000790  0.000727  0.000663  0.000600  0.000537  0.000475  0.000413  0.000354
  0.000295  0.000239  0.000185  0.000000  0.000000  0.000000  0.000000  0.000000
  0.000000  0.000000  0.000000  0.000000  0.000000  0.000000  0.000000
  1.000000  0.000000
  0.209854  0.209907  0.209934  0.209949  0.209978  0.210005  0.210029  0.210051
  0.210069  0.210085  0.210099  0.210111  0.210122  0.210132  0.210140  0.210147
  0.210160  0.210174  0.210189  0.210206  0.210225  0.210246  0.210269  0.210294
  0.210322  0.210353  0.210388  0.210426  0.210467  0.210514  0.210564  0.210621
  0.210683  0.210751  0.210827  0.210910  0.211003  0.211107  0.211224  0.211356
  0.211502  0.211660  0.211827  0.211998  0.212172  0.212345  0.212518  0.212690
  0.212862  0.213033  0.213202  0.213368  0.213528  0.213680  0.213824  0.213958
  0.214082  0.214196  0.214300  0.214396  0.214483  0.214562  0.214632  0.214695
  0.214750  0.214799  0.214841  0.214877  0.214900  0.214923  0.214948  0.214974
  0.215001  0.215030  0.215059  0.215090  0.215123  0.215158  0.215220
 ***************************************************************
  ROW NUMBER           5  SECTION NUMBER            2
           0           0           0  IF_DESIGN etc 
   1.00000   0.00000    0
  0.062491  0.062969  0.063382  0.063739  0.064047  0.064313  0.064544  0.064742
  0.064914  0.065062  0.065191  0.065301  0.065397  0.065480  0.065551  0.065613
  0.065674  0.065740  0.065810  0.065885  0.065965  0.066050  0.066142  0.066241
  0.066347  0.066460  0.066582  0.066712  0.066851  0.066999  0.067157  0.067327
  0.067507  0.067701  0.067908  0.068131  0.068370  0.068632  0.068920  0.069235
  0.069574  0.069934  0.070308  0.070685  0.071063  0.071439  0.071812  0.072182
  0.072555  0.072929  0.073303  0.073675  0.074043  0.074401  0.074747  0.075080
  0.075400  0.075706  0.076000  0.076282  0.076551  0.076809  0.077055  0.077288
  0.077509  0.077719  0.077916  0.078101  0.078286  0.078486  0.078703  0.078938
  0.079192  0.079467  0.079765  0.080087  0.080436  0.080814  0.081223
  1.000000  0.000000
  0.006207  0.005709  0.005279  0.004907  0.004586  0.004308  0.004069  0.003862
  0.003683  0.003528  0.003395  0.003279  0.003180  0.003094  0.003019  0.002955
  0.003037  0.003022  0.002996  0.002957  0.002905  0.002844  0.002779  0.002708
  0.002633  0.002553  0.002468  0.002379  0.002284  0.002185  0.002081  0.001972
  0.001858  0.001739  0.001615  0.001485  0.001350  0.001208  0.001057  0.000899
  0.000738  0.000576  0.000418  0.000268  0.000129  0.000000 -0.000118 -0.000226
 -0.000326 -0.000416 -0.000496 -0.000567 -0.000628 -0.000679 -0.000721 -0.000753
 -0.000777 -0.000794 -0.000805 -0.000811 -0.000811 -0.000807 -0.000799 -0.000788
 -0.000775 -0.000759 -0.000742 -0.000794 -0.000749 -0.000700 -0.000647 -0.000590
 -0.000528 -0.000461 -0.000388 -0.000310 -0.000225 -0.000132 -0.000033
  1.000000
  0.000000  0.000000  0.000000  0.000000  0.000000  0.000000  0.000000  0.000000
  0.000000  0.000000  0.000000  0.000000  0.000000  0.000000  0.000000  0.000000
  0.000277  0.000363  0.000431  0.000489  0.000538  0.000582  0.000625  0.000669
  0.000712  0.000755  0.000797  0.000840  0.000882  0.000924  0.000965  0.001005
  0.001044  0.001082  0.001119  0.001154  0.001186  0.001217  0.001246  0.001270
  0.001289  0.001301  0.001307  0.001305  0.001296  0.001280  0.001259  0.001231
  0.001197  0.001158  0.001114  0.001064  0.001011  0.000954  0.000895  0.000834
  0.000773  0.000711  0.000649  0.000587  0.000525  0.000464  0.000404  0.000346
  0.000289  0.000234  0.000181  0.000000  0.000000  0.000000  0.000000  0.000000
  0.000000  0.000000  0.000000  0.000000  0.000000  0.000000  0.000000
  1.000000  0.000000
  0.280000  0.280000  0.280000  0.280000  0.280000  0.280000  0.280000  0.280000
  0.280000  0.280000  0.280000  0.280000  0.280000  0.280000  0.280000  0.280000
  0.280000  0.280000  0.280000  0.280000  0.280000  0.280000  0.280000  0.280000
  0.280000  0.280000  0.280000  0.280000  0.280000  0.280000  0.280000  0.280000
  0.280000  0.280000  0.280000  0.280000  0.280000  0.280000  0.280000  0.280000
  0.280000  0.280000  0.280000  0.280000  0.280000  0.280000  0.280000  0.280000
  0.280000  0.280000  0.280000  0.280000  0.280000  0.280000  0.280000  0.280000
  0.280000  0.280000  0.280000  0.280000  0.280000  0.280000  0.280000  0.280000
  0.280000  0.280000  0.280000  0.280000  0.280000  0.280000  0.280000  0.280000
  0.280000  0.280000  0.280000  0.280000  0.280000  0.280000  0.280000
 ***************************************************************
  ROW NUMBER           5  SECTION NUMBER            3
           0           0           0  IF_DESIGN etc 
   1.00000   0.00000    0
  0.062287  0.062796  0.063240  0.063625  0.063954  0.064237  0.064482  0.064694
  0.064877  0.065035  0.065171  0.065289  0.065390  0.065478  0.065554  0.065619
  0.065684  0.065752  0.065825  0.065902  0.065985  0.066074  0.066169  0.066270
  0.066379  0.066496  0.066621  0.066754  0.066895  0.067046  0.067207  0.067378
  0.067561  0.067755  0.067964  0.068187  0.068426  0.068687  0.068973  0.069284
  0.069618  0.069973  0.070340  0.070710  0.071080  0.071448  0.071812  0.072174
  0.072539  0.072905  0.073272  0.073638  0.074000  0.074353  0.074697  0.075028
  0.075348  0.075654  0.075950  0.076235  0.076509  0.076772  0.077023  0.077263
  0.077492  0.077709  0.077914  0.078107  0.078304  0.078517  0.078747  0.078997
  0.079267  0.079560  0.079877  0.080221  0.080593  0.080995  0.081426
  1.000000  0.000000
  0.008471  0.007861  0.007334  0.006879  0.006486  0.006146  0.005853  0.005599
  0.005380  0.005191  0.005027  0.004886  0.004764  0.004659  0.004568  0.004489
  0.004584  0.004564  0.004528  0.004479  0.004414  0.004337  0.004253  0.004162
  0.004064  0.003959  0.003847  0.003728  0.003601  0.003467  0.003324  0.003173
  0.003014  0.002845  0.002667  0.002478  0.002278  0.002063  0.001830  0.001582
  0.001321  0.001050  0.000778  0.000510  0.000251  0.000000 -0.000241 -0.000473
 -0.000699 -0.000918 -0.001129 -0.001332 -0.001526 -0.001707 -0.001876 -0.002032
 -0.002177 -0.002311 -0.002435 -0.002550 -0.002656 -0.002754 -0.002844 -0.002927
 -0.003003 -0.003072 -0.003135 -0.003268 -0.003295 -0.003323 -0.003355 -0.003388
 -0.003425 -0.003465 -0.003508 -0.003554 -0.003605 -0.003659 -0.003718
  1.000000
  0.000000  0.000000  0.000000  0.000000  0.000000  0.000000  0.000000  0.000000
  0.000000  0.000000  0.000000  0.000000  0.000000  0.000000  0.000000  0.000000
  0.000329  0.000429  0.000509  0.000579  0.000638  0.000690  0.000742  0.000793
  0.000844  0.000895  0.000946  0.000996  0.001046  0.001095  0.001144  0.001192
  0.001238  0.001283  0.001327  0.001368  0.001407  0.001444  0.001477  0.001506
  0.001528  0.001543  0.001549  0.001547  0.001536  0.001518  0.001492  0.001460
  0.001420  0.001373  0.001320  0.001262  0.001198  0.001131  0.001061  0.000989
  0.000916  0.000843  0.000769  0.000695  0.000622  0.000550  0.000479  0.000410
  0.000343  0.000278  0.000215  0.000000  0.000000  0.000000  0.000000  0.000000
  0.000000  0.000000  0.000000  0.000000  0.000000  0.000000  0.000000
  1.000000  0.000000
  0.350146  0.350093  0.350066  0.350051  0.350022  0.349995  0.349971  0.349950
  0.349931  0.349915  0.349901  0.349889  0.349878  0.349868  0.349860  0.349853
  0.349840  0.349826  0.349811  0.349794  0.349775  0.349754  0.349731  0.349706
  0.349678  0.349647  0.349613  0.349575  0.349533  0.349487  0.349436  0.349380
  0.349318  0.349249  0.349174  0.349090  0.348998  0.348894  0.348776  0.348644
  0.348499  0.348340  0.348173  0.348002  0.347829  0.347655  0.347482  0.347310
  0.347139  0.346967  0.346798  0.346633  0.346472  0.346320  0.346176  0.346042
  0.345919  0.345805  0.345700  0.345604  0.345517  0.345439  0.345368  0.345305
  0.345250  0.345201  0.345159  0.345123  0.345100  0.345077  0.345052  0.345026
  0.344999  0.344970  0.344941  0.344910  0.344877  0.344842  0.344780
 ***************************************************************
 ************STARTING THE INPUT FOR EACH BLADE ROW**************
  BLADE ROW NUMBER =        6                                           
    NUMBER OF BLADES IN ROW 
       326
        JM        JLE       JTE 
        83        16        68
      KTIPSTART  KTIPEND 
         0         0
       BOUNDARY LAYER TRANSITION POINTS 
         0         0         0         0
  SET NEWGRID= 1 TO GENERATE A NEW GRID WITH DIFFERENT "J" POINTS AND SPACINGS.
         0
   RPMROW,    RPMHUB 
       0.0       0.0
       JROTHS    JROTHE    JROTTS    JROTTE 
         1         1         1         1
   PUPROW    PLEROW   PTEROW    PDROW 
  168959.1  168959.1  190746.0  190746.0
      NSECS_ROW   INSURF  
         3         0
  IF_CUSP_OUT   IFANGLES 
         1         0
         0         3         0
 ***************************************************************
  ROW NUMBER           6  SECTION NUMBER            1
           0           0           0  IF_DESIGN etc 
   1.00000   0.00000    0
  0.077791  0.078282  0.078712  0.079083  0.079405  0.079682  0.079922  0.080129
  0.080309  0.080463  0.080597  0.080712  0.080812  0.080898  0.080973  0.081037
  0.081101  0.081168  0.081241  0.081318  0.081400  0.081488  0.081583  0.081684
  0.081793  0.081909  0.082034  0.082167  0.082308  0.082460  0.082621  0.082793
  0.082976  0.083172  0.083382  0.083607  0.083848  0.084112  0.084402  0.084717
  0.085056  0.085416  0.085789  0.086165  0.086540  0.086914  0.087283  0.087651
  0.088021  0.088391  0.088762  0.089131  0.089495  0.089850  0.090194  0.090525
  0.090844  0.091148  0.091442  0.091723  0.091993  0.092251  0.092498  0.092733
  0.092956  0.093167  0.093366  0.093553  0.093745  0.093958  0.094194  0.094456
  0.094746  0.095068  0.095424  0.095819  0.096257  0.096743  0.097281  0.097877
  0.098538  0.099270  0.100082
  1.000000  0.000000
 -0.010197 -0.009522 -0.008937 -0.008432 -0.007995 -0.007618 -0.007292 -0.007010
 -0.006767 -0.006557 -0.006375 -0.006218 -0.006082 -0.005965 -0.005864 -0.005776
 -0.005589 -0.005473 -0.005364 -0.005249 -0.005128 -0.005000 -0.004865 -0.004723
 -0.004574 -0.004417 -0.004253 -0.004081 -0.003903 -0.003717 -0.003525 -0.003326
 -0.003119 -0.002907 -0.002688 -0.002462 -0.002230 -0.001989 -0.001738 -0.001481
 -0.001223 -0.000971 -0.000733 -0.000515 -0.000320 -0.000149  0.000000  0.000128
  0.000234  0.000320  0.000385  0.000430  0.000455  0.000460  0.000447  0.000419
  0.000378  0.000325  0.000261  0.000190  0.000111  0.000026 -0.000063 -0.000156
 -0.000250 -0.000346 -0.000441 -0.000602 -0.000662 -0.000729 -0.000803 -0.000885
 -0.000976 -0.001076 -0.001187 -0.001311 -0.001447 -0.001598 -0.001766 -0.001951
 -0.002156 -0.002384 -0.002635
  1.000000
  0.000000  0.000000  0.000000  0.000000  0.000000  0.000000  0.000000  0.000000
  0.000000  0.000000  0.000000  0.000000  0.000000  0.000000  0.000000  0.000000
  0.000216  0.000290  0.000339  0.000375  0.000406  0.000436  0.000467  0.000500
  0.000535  0.000572  0.000611  0.000651  0.000693  0.000736  0.000781  0.000826
  0.000874  0.000922  0.000971  0.001021  0.001072  0.001123  0.001174  0.001224
  0.001272  0.001314  0.001350  0.001377  0.001396  0.001405  0.001406  0.001399
  0.001384  0.001359  0.001326  0.001285  0.001236  0.001179  0.001118  0.001052
  0.000982  0.000909  0.000834  0.000756  0.000678  0.000599  0.000519  0.000441
  0.000363  0.000287  0.000213  0.000000  0.000000  0.000000  0.000000  0.000000
  0.000000  0.000000  0.000000  0.000000  0.000000  0.000000  0.000000  0.000000
  0.000000  0.000000  0.000000
  1.000000  0.000000
  0.214816  0.214897  0.214944  0.214983  0.215015  0.215041  0.215063  0.215082
  0.215098  0.215112  0.215124  0.215134  0.215142  0.215150  0.215156  0.215162
  0.215171  0.215181  0.215191  0.215203  0.215216  0.215231  0.215246  0.215264
  0.215284  0.215305  0.215329  0.215356  0.215385  0.215417  0.215453  0.215492
  0.215536  0.215584  0.215638  0.215697  0.215763  0.215838  0.215923  0.216018
  0.216124  0.216240  0.216364  0.216491  0.216621  0.216752  0.216883  0.217015
  0.217148  0.217282  0.217416  0.217549  0.217679  0.217804  0.217923  0.218037
  0.218144  0.218244  0.218338  0.218427  0.218509  0.218586  0.218657  0.218723
  0.218783  0.218839  0.218889  0.218935  0.218957  0.218980  0.219004  0.219030
  0.219056  0.219084  0.219111  0.219139  0.219166  0.219191  0.219214  0.219234
  0.219248  0.219256  0.219256
 ***************************************************************
  ROW NUMBER           6  SECTION NUMBER            2
           0           0           0  IF_DESIGN etc 
   1.00000   0.00000    0
  0.077917  0.078397  0.078811  0.079168  0.079477  0.079744  0.079975  0.080174
  0.080346  0.080495  0.080623  0.080734  0.080830  0.080913  0.080985  0.081046
  0.081108  0.081174  0.081244  0.081319  0.081399  0.081485  0.081577  0.081676
  0.081782  0.081896  0.082018  0.082148  0.082287  0.082436  0.082594  0.082764
  0.082945  0.083139  0.083347  0.083570  0.083810  0.084073  0.084362  0.084677
  0.085016  0.085378  0.085752  0.086130  0.086509  0.086886  0.087259  0.087631
  0.088004  0.088379  0.088754  0.089127  0.089495  0.089854  0.090201  0.090535
  0.090856  0.091162  0.091457  0.091739  0.092010  0.092268  0.092514  0.092748
  0.092970  0.093179  0.093377  0.093562  0.093748  0.093953  0.094181  0.094433
  0.094712  0.095021  0.095363  0.095743  0.096163  0.096628  0.097143  0.097713
  0.098345  0.099045  0.099820
  1.000000  0.000000
 -0.007634 -0.007134 -0.006703 -0.006331 -0.006009 -0.005731 -0.005490 -0.005283
 -0.005104 -0.004949 -0.004815 -0.004699 -0.004599 -0.004513 -0.004439 -0.004374
 -0.004218 -0.004128 -0.004045 -0.003958 -0.003866 -0.003769 -0.003666 -0.003559
 -0.003445 -0.003326 -0.003201 -0.003071 -0.002935 -0.002795 -0.002649 -0.002497
 -0.002341 -0.002180 -0.002014 -0.001843 -0.001667 -0.001485 -0.001295 -0.001102
 -0.000908 -0.000719 -0.000541 -0.000379 -0.000234 -0.000108  0.000000  0.000091
  0.000167  0.000226  0.000270  0.000297  0.000309  0.000305  0.000289  0.000261
  0.000222  0.000174  0.000119  0.000057 -0.000010 -0.000081 -0.000156 -0.000232
 -0.000310 -0.000389 -0.000467 -0.000605 -0.000651 -0.000701 -0.000756 -0.000818
 -0.000886 -0.000961 -0.001044 -0.001137 -0.001239 -0.001353 -0.001478 -0.001617
 -0.001771 -0.001942 -0.002131
  1.000000
  0.000000  0.000000  0.000000  0.000000  0.000000  0.000000  0.000000  0.000000
  0.000000  0.000000  0.000000  0.000000  0.000000  0.000000  0.000000  0.000000
  0.000200  0.000269  0.000314  0.000349  0.000377  0.000405  0.000434  0.000465
  0.000497  0.000532  0.000567  0.000605  0.000643  0.000684  0.000725  0.000768
  0.000812  0.000857  0.000903  0.000949  0.000996  0.001043  0.001091  0.001138
  0.001182  0.001221  0.001254  0.001280  0.001297  0.001306  0.001307  0.001300
  0.001286  0.001263  0.001233  0.001194  0.001148  0.001096  0.001039  0.000978
  0.000913  0.000845  0.000775  0.000703  0.000630  0.000556  0.000483  0.000410
  0.000337  0.000267  0.000197  0.000000  0.000000  0.000000  0.000000  0.000000
  0.000000  0.000000  0.000000  0.000000  0.000000  0.000000  0.000000  0.000000
  0.000000  0.000000  0.000000
  1.000000  0.000000
  0.280000  0.280000  0.280000  0.280000  0.280000  0.280000  0.280000  0.280000
  0.280000  0.280000  0.280000  0.280000  0.280000  0.280000  0.280000  0.280000
  0.280000  0.280000  0.280000  0.280000  0.280000  0.280000  0.280000  0.280000
  0.280000  0.280000  0.280000  0.280000  0.280000  0.280000  0.280000  0.280000
  0.280000  0.280000  0.280000  0.280000  0.280000  0.280000  0.280000  0.280000
  0.280000  0.280000  0.280000  0.280000  0.280000  0.280000  0.280000  0.280000
  0.280000  0.280000  0.280000  0.280000  0.280000  0.280000  0.280000  0.280000
  0.280000  0.280000  0.280000  0.280000  0.280000  0.280000  0.280000  0.280000
  0.280000  0.280000  0.280000  0.280000  0.280000  0.280000  0.280000  0.280000
  0.280000  0.280000  0.280000  0.280000  0.280000  0.280000  0.280000  0.280000
  0.280000  0.280000  0.280000
 ***************************************************************
  ROW NUMBER           6  SECTION NUMBER            3
           0           0           0  IF_DESIGN etc 
   1.00000   0.00000    0
  0.077790  0.078282  0.078712  0.079083  0.079405  0.079682  0.079922  0.080129
  0.080308  0.080463  0.080597  0.080712  0.080812  0.080898  0.080973  0.081037
  0.081101  0.081168  0.081240  0.081318  0.081400  0.081488  0.081583  0.081684
  0.081793  0.081909  0.082034  0.082167  0.082308  0.082459  0.082621  0.082793
  0.082976  0.083172  0.083382  0.083607  0.083848  0.084112  0.084402  0.084717
  0.085056  0.085416  0.085789  0.086165  0.086540  0.086914  0.087283  0.087651
  0.088020  0.088391  0.088761  0.089131  0.089495  0.089850  0.090194  0.090525
  0.090843  0.091148  0.091442  0.091723  0.091993  0.092251  0.092498  0.092733
  0.092955  0.093167  0.093366  0.093553  0.093745  0.093958  0.094194  0.094456
  0.094746  0.095068  0.095424  0.095819  0.096257  0.096743  0.097281  0.097877
  0.098538  0.099270  0.100082
  1.000000  0.000000
 -0.006587 -0.006163 -0.005797 -0.005480 -0.005207 -0.004971 -0.004767 -0.004591
 -0.004439 -0.004307 -0.004194 -0.004095 -0.004011 -0.003937 -0.003874 -0.003820
 -0.003671 -0.003590 -0.003516 -0.003440 -0.003360 -0.003275 -0.003186 -0.003091
 -0.002992 -0.002888 -0.002779 -0.002665 -0.002546 -0.002423 -0.002295 -0.002163
 -0.002027 -0.001886 -0.001741 -0.001592 -0.001439 -0.001280 -0.001115 -0.000947
 -0.000778 -0.000614 -0.000461 -0.000322 -0.000198 -0.000091  0.000000  0.000076
  0.000139  0.000186  0.000219  0.000238  0.000243  0.000234  0.000214  0.000184
  0.000144  0.000097  0.000043 -0.000016 -0.000081 -0.000148 -0.000219 -0.000291
 -0.000364 -0.000438 -0.000511 -0.000649 -0.000688 -0.000731 -0.000778 -0.000831
 -0.000889 -0.000954 -0.001025 -0.001105 -0.001193 -0.001290 -0.001398 -0.001517
 -0.001649 -0.001796 -0.001958
  1.000000
  0.000000  0.000000  0.000000  0.000000  0.000000  0.000000  0.000000  0.000000
  0.000000  0.000000  0.000000  0.000000  0.000000  0.000000  0.000000  0.000000
  0.000207  0.000278  0.000324  0.000359  0.000388  0.000417  0.000447  0.000479
  0.000512  0.000547  0.000584  0.000622  0.000662  0.000704  0.000746  0.000790
  0.000836  0.000882  0.000929  0.000977  0.001025  0.001074  0.001123  0.001171
  0.001216  0.001257  0.001291  0.001317  0.001335  0.001344  0.001345  0.001338
  0.001323  0.001300  0.001268  0.001228  0.001181  0.001128  0.001069  0.001006
  0.000939  0.000869  0.000797  0.000723  0.000648  0.000573  0.000497  0.000422
  0.000347  0.000274  0.000203  0.000000  0.000000  0.000000  0.000000  0.000000
  0.000000  0.000000  0.000000  0.000000  0.000000  0.000000  0.000000  0.000000
  0.000000  0.000000  0.000000
  1.000000  0.000000
  0.345184  0.345103  0.345056  0.345017  0.344985  0.344959  0.344937  0.344918
  0.344902  0.344888  0.344876  0.344866  0.344858  0.344850  0.344844  0.344838
  0.344829  0.344819  0.344809  0.344797  0.344784  0.344769  0.344754  0.344736
  0.344717  0.344695  0.344671  0.344645  0.344615  0.344583  0.344547  0.344508
  0.344464  0.344416  0.344362  0.344303  0.344237  0.344162  0.344077  0.343982
  0.343876  0.343760  0.343636  0.343509  0.343379  0.343248  0.343117  0.342985
  0.342851  0.342718  0.342584  0.342451  0.342321  0.342196  0.342077  0.341963
  0.341856  0.341756  0.341662  0.341573  0.341491  0.341414  0.341343  0.341277
  0.341217  0.341161  0.341111  0.341065  0.341043  0.341020  0.340996  0.340970
  0.340944  0.340917  0.340889  0.340862  0.340835  0.340809  0.340786  0.340767
  0.340753  0.340745  0.340746
  STARTING INLET BOUNDARY CONDITION DATA .
  NUMBER OF POINTS FOR INLET BOUNDARY CONDITIONS 
        37
  SPACING OF INLET BOUNDARY CONDITION POINTS 
  1.000000  1.250000  1.562500  1.953125  2.441406  3.051758  3.814697  4.768372
  5.960464  7.450581  9.313226 11.641532 14.551915 18.189894 20.000000 20.000000
 20.000000 20.000000 20.000000 20.000000 20.000000 20.000000 18.189894 14.551915
 11.641532  9.313226  7.450581  5.960464  4.768372  3.814697  3.051758  2.441406
  1.953125  1.562500  1.250000  1.000000
   INLET STAGNATION PRESSURES 
  101320.0  101320.0  101320.0  101320.0  101320.0  101320.0  101320.0  101320.0
  101320.0  101320.0  101320.0  101320.0  101320.0  101320.0  101320.0  101320.0
  101320.0  101320.0  101320.0  101320.0  101320.0  101320.0  101320.0  101320.0
  101320.0  101320.0  101320.0  101320.0  101320.0  101320.0  101320.0  101320.0
  101320.0  101320.0  101320.0  101320.0  101320.0
   INLET STAGNATION TEMPERATURES 
  288.1500  288.1500  288.1500  288.1500  288.1500  288.1500  288.1500  288.1500
  288.1500  288.1500  288.1500  288.1500  288.1500  288.1500  288.1500  288.1500
  288.1500  288.1500  288.1500  288.1500  288.1500  288.1500  288.1500  288.1500
  288.1500  288.1500  288.1500  288.1500  288.1500  288.1500  288.1500  288.1500
  288.1500  288.1500  288.1500  288.1500  288.1500
   INLET ABSOLUTE TANGENTIAL VELOCITY 
    0.0000    0.0000    0.0000    0.0000    0.0000    0.0000    0.0000    0.0000
    0.0000    0.0000    0.0000    0.0000    0.0000    0.0000    0.0000    0.0000
    0.0000    0.0000    0.0000    0.0000    0.0000    0.0000    0.0000    0.0000
    0.0000    0.0000    0.0000    0.0000    0.0000    0.0000    0.0000    0.0000
    0.0000    0.0000    0.0000    0.0000    0.0000
   INLET MERIDIONAL VELOCITY 
  166.0418  166.0418  166.0418  166.0418  166.0418  166.0418  166.0418  166.0418
  166.0418  166.0418  166.0418  166.0418  166.0418  166.0419  166.0418  166.0418
  166.0418  166.0418  166.0418  166.0418  166.0418  166.0418  166.0418  166.0418
  166.0418  166.0418  166.0418  166.0418  166.0418  166.0418  166.0418  166.0418
  166.0418  166.0418  166.0418  166.0418  166.0418
   INLET MERIDIONAL YAW ANGLE  
  -11.9289  -11.9289  -11.9289  -11.9289  -11.9289  -11.9289  -11.9289  -11.9289
  -11.9289  -11.9289  -11.9289  -11.9289  -11.9289  -11.9289  -11.9289  -11.9289
  -11.9289  -11.9289  -11.9289  -11.9289  -11.9289  -11.9289  -11.9289  -11.9289
  -11.9289  -11.9289  -11.9289  -11.9289  -11.9289  -11.9289  -11.9289  -11.9289
  -11.9289  -11.9289  -11.9289  -11.9289  -11.9289
   INLET PITCH ANGLE 
   -3.3476   -3.3275   -3.3024   -3.2711   -3.2319   -3.1830   -3.1218   -3.0453
   -2.9497   -2.8302   -2.6808   -2.4940   -2.2606   -1.9688   -1.6041   -1.2030
   -0.8020   -0.4010    0.0001    0.4011    0.8021    1.2032    1.6042    1.9690
    2.2607    2.4942    2.6809    2.8303    2.9498    3.0455    3.1219    3.1831
    3.2321    3.2713    3.3026    3.3277    3.3477
   PDOWN_HUB   PDOWN_TIP 
  190746.0  190746.0
 MIXING LENGTH LIMITS ON ALL BLADE ROWS
  0.050000  0.050000  0.050000  0.050000  0.050000  0.030000
  0.050000  0.050000  0.050000  0.050000  0.050000  0.030000
  0.050000  0.050000  0.050000  0.050000  0.050000  0.030000
  0.050000  0.050000  0.050000  0.050000  0.050000  0.030000
  0.050000  0.050000  0.050000  0.050000  0.050000  0.030000
  0.050000  0.050000  0.050000  0.050000  0.050000  0.030000
  FACTOR TO INCREASE THE TURBULENT VISCOSITY OVER THE FIRST NMIXUP STEPS 
   2.00000 1000
