    3D DATASET FOR MULTALL, GENERATED BY STAGEN  
   37    0   37    0 9000    0    0    3   10    1    2   37   10   10 1000
    0    2    1    3    0    1    0   10    5    0    1    0
    3    3    3    9    9    9    1    3    1
  BLADE ROW NUMBER =        1                                           
   49   12   43  189    0    0    1    1    1    1    0    0    0    0    0    0
   12000.0  213313.3  213313.3  240964.5  240964.5   0.00000   12000.0
  1.000000
 -0.004168 -0.003137 -0.002351 -0.001752 -0.001295 -0.000947 -0.000682 -0.000479
 -0.000325 -0.000207 -0.000117 -0.000049  0.000019  0.000094  0.000178  0.000272
  0.000379  0.000499  0.000633  0.000784  0.000952  0.001140  0.001351  0.001588
  0.001856  0.002173  0.002536  0.002937  0.003347  0.003755  0.004157  0.004563
  0.004969  0.005372  0.005758  0.006120  0.006458  0.006773  0.007067  0.007339
  0.007588  0.007815  0.008020  0.008226  0.008473  0.008771  0.009129  0.009559
  0.010077
  1.000000
  0.005079  0.004232  0.003586  0.003093  0.002717  0.002431  0.002212  0.002045
  0.001918  0.001821  0.001747  0.001690  0.001752  0.001740  0.001706  0.001656
  0.001599  0.001534  0.001460  0.001378  0.001288  0.001188  0.001078  0.000957
  0.000824  0.000673  0.000505  0.000329  0.000160  0.000000 -0.000148 -0.000287
 -0.000417 -0.000536 -0.000641 -0.000733 -0.000811 -0.000878 -0.000935 -0.000984
 -0.001025 -0.001059 -0.001134 -0.001132 -0.001130 -0.001128 -0.001125 -0.001122
 -0.001117
  1.000000
  0.000000  0.000000  0.000000  0.000000  0.000000  0.000000  0.000000  0.000000
  0.000000  0.000000  0.000000  0.000000  0.000225  0.000301  0.000359  0.000407
  0.000456  0.000504  0.000551  0.000599  0.000645  0.000690  0.000732  0.000772
  0.000809  0.000840  0.000863  0.000873  0.000870  0.000853  0.000825  0.000786
  0.000736  0.000677  0.000613  0.000545  0.000475  0.000406  0.000337  0.000269
  0.000205  0.000144 -0.000000 -0.000000  0.000000  0.000000  0.000000  0.000000
  0.000000
  1.000000
  0.171215  0.171223  0.171241  0.171263  0.171285  0.171305  0.171322  0.171336
  0.171347  0.171356  0.171363  0.171369  0.171381  0.171394  0.171409  0.171426
  0.171445  0.171468  0.171495  0.171525  0.171560  0.171600  0.171646  0.171699
  0.171761  0.171836  0.171924  0.172024  0.172126  0.172228  0.172327  0.172426
  0.172522  0.172613  0.172697  0.172771  0.172835  0.172890  0.172938  0.172978
  0.173011  0.173038  0.173060  0.173074  0.173091  0.173110  0.173132  0.173157
  0.173190
  1.000000
 -0.004087 -0.003079 -0.002310 -0.001723 -0.001276 -0.000934 -0.000674 -0.000475
 -0.000324 -0.000208 -0.000120 -0.000053  0.000015  0.000090  0.000173  0.000268
  0.000374  0.000493  0.000628  0.000778  0.000947  0.001135  0.001346  0.001584
  0.001853  0.002170  0.002535  0.002939  0.003351  0.003761  0.004165  0.004572
  0.004980  0.005384  0.005770  0.006132  0.006468  0.006783  0.007074  0.007343
  0.007590  0.007815  0.008016  0.008218  0.008461  0.008753  0.009104  0.009526
  0.010034
  1.000000
  0.007096  0.006002  0.005168  0.004531  0.004045  0.003675  0.003392  0.003177
  0.003012  0.002887  0.002791  0.002718  0.002775  0.002749  0.002700  0.002629
  0.002547  0.002454  0.002348  0.002229  0.002096  0.001947  0.001782  0.001597
  0.001390  0.001149  0.000876  0.000581  0.000287  0.000000 -0.000275 -0.000546
 -0.000809 -0.001064 -0.001300 -0.001516 -0.001711 -0.001890 -0.002051 -0.002197
 -0.002329 -0.002445 -0.002589 -0.002659 -0.002744 -0.002845 -0.002968 -0.003115
 -0.003292
  1.000000
  0.000000  0.000000  0.000000  0.000000  0.000000  0.000000  0.000000  0.000000
  0.000000  0.000000  0.000000  0.000000  0.000248  0.000332  0.000398  0.000452
  0.000506  0.000559  0.000612  0.000664  0.000716  0.000765  0.000813  0.000857
  0.000897  0.000932  0.000957  0.000969  0.000965  0.000946  0.000915  0.000872
  0.000817  0.000751  0.000679  0.000604  0.000527  0.000450  0.000373  0.000299
  0.000227  0.000160 -0.000000 -0.000000  0.000000  0.000000  0.000000  0.000000
  0.000000
  1.000000
  0.200000  0.200000  0.200000  0.200000  0.200000  0.200000  0.200000  0.200000
  0.200000  0.200000  0.200000  0.200000  0.200000  0.200000  0.200000  0.200000
  0.200000  0.200000  0.200000  0.200000  0.200000  0.200000  0.200000  0.200000
  0.200000  0.200000  0.200000  0.200000  0.200000  0.200000  0.200000  0.200000
  0.200000  0.200000  0.200000  0.200000  0.200000  0.200000  0.200000  0.200000
  0.200000  0.200000  0.200000  0.200000  0.200000  0.200000  0.200000  0.200000
  0.200000
  1.000000
 -0.004168 -0.003137 -0.002351 -0.001752 -0.001295 -0.000947 -0.000681 -0.000479
 -0.000324 -0.000207 -0.000117 -0.000048  0.000019  0.000094  0.000178  0.000273
  0.000379  0.000499  0.000634  0.000784  0.000953  0.001141  0.001352  0.001589
  0.001857  0.002173  0.002536  0.002938  0.003348  0.003756  0.004158  0.004563
  0.004970  0.005373  0.005758  0.006121  0.006458  0.006774  0.007068  0.007339
  0.007589  0.007816  0.008021  0.008226  0.008474  0.008772  0.009130  0.009560
  0.010077
  1.000000
  0.009262  0.007888  0.006840  0.006041  0.005430  0.004965  0.004610  0.004339
  0.004132  0.003975  0.003854  0.003762  0.003821  0.003784  0.003720  0.003628
  0.003521  0.003398  0.003258  0.003100  0.002922  0.002723  0.002500  0.002249
  0.001965  0.001632  0.001252  0.000835  0.000414  0.000000 -0.000403 -0.000804
 -0.001201 -0.001588 -0.001953 -0.002291 -0.002602 -0.002888 -0.003151 -0.003392
 -0.003610 -0.003806 -0.004024 -0.004161 -0.004326 -0.004524 -0.004763 -0.005050
 -0.005394
  1.000000
  0.000000  0.000000  0.000000  0.000000  0.000000  0.000000  0.000000  0.000000
  0.000000  0.000000  0.000000  0.000000  0.000289  0.000388  0.000468  0.000532
  0.000595  0.000657  0.000720  0.000781  0.000841  0.000900  0.000956  0.001008
  0.001054  0.001095  0.001125  0.001138  0.001134  0.001112  0.001075  0.001024
  0.000959  0.000883  0.000798  0.000709  0.000619  0.000528  0.000438  0.000351
  0.000267  0.000187 -0.000000 -0.000000  0.000000  0.000000  0.000000  0.000000
  0.000000
  1.000000
  0.228785  0.228777  0.228759  0.228737  0.228715  0.228695  0.228678  0.228664
  0.228653  0.228644  0.228637  0.228631  0.228619  0.228606  0.228591  0.228574
  0.228554  0.228532  0.228505  0.228475  0.228440  0.228400  0.228354  0.228301
  0.228239  0.228164  0.228076  0.227976  0.227874  0.227772  0.227673  0.227574
  0.227478  0.227387  0.227303  0.227229  0.227165  0.227109  0.227062  0.227022
  0.226989  0.226962  0.226940  0.226926  0.226909  0.226890  0.226868  0.226843
  0.226810
  BLADE ROW NUMBER =        2                                           
   47   10   41  172    0    0    1    1    1    1    0    0    0    0    0    0
       0.0  240964.5  240964.5  270857.6  270857.6   0.00000       0.0
  1.000000
  0.007744  0.008297  0.008729  0.009065  0.009327  0.009531  0.009690  0.009813
  0.009909  0.009984  0.010059  0.010142  0.010234  0.010339  0.010456  0.010589
  0.010737  0.010904  0.011089  0.011297  0.011530  0.011791  0.012087  0.012436
  0.012836  0.013278  0.013728  0.014176  0.014616  0.015059  0.015502  0.015940
  0.016357  0.016749  0.017113  0.017452  0.017766  0.018057  0.018322  0.018564
  0.018781  0.018995  0.019254  0.019567  0.019946  0.020409  0.020973
  1.000000
 -0.007808 -0.007113 -0.006571 -0.006149 -0.005821 -0.005565 -0.005366 -0.005212
 -0.005091 -0.004997 -0.004805 -0.004683 -0.004552 -0.004405 -0.004244 -0.004065
 -0.003868 -0.003654 -0.003420 -0.003166 -0.002890 -0.002591 -0.002265 -0.001899
 -0.001500 -0.001087 -0.000694 -0.000331  0.000000  0.000307  0.000588  0.000841
  0.001059  0.001243  0.001397  0.001525  0.001630  0.001717  0.001787  0.001842
  0.001822  0.001912  0.002021  0.002151  0.002308  0.002496  0.002722
  1.000000
  0.000000  0.000000  0.000000  0.000000  0.000000  0.000000  0.000000  0.000000
  0.000000  0.000000  0.000211  0.000278  0.000324  0.000365  0.000409  0.000458
  0.000510  0.000567  0.000626  0.000689  0.000754  0.000822  0.000890  0.000960
  0.001025  0.001079  0.001114  0.001129  0.001124  0.001100  0.001056  0.000993
  0.000915  0.000827  0.000730  0.000627  0.000522  0.000416  0.000311  0.000209
 -0.000000 -0.000000  0.000000  0.000000  0.000000  0.000000  0.000000
  1.000000
  0.173030  0.173079  0.173107  0.173128  0.173144  0.173155  0.173165  0.173172
  0.173178  0.173182  0.173188  0.173195  0.173204  0.173213  0.173225  0.173238
  0.173255  0.173274  0.173296  0.173323  0.173355  0.173393  0.173439  0.173496
  0.173567  0.173651  0.173742  0.173837  0.173935  0.174038  0.174145  0.174254
  0.174360  0.174462  0.174558  0.174648  0.174733  0.174812  0.174884  0.174950
  0.175010  0.175084  0.175167  0.175256  0.175346  0.175414  0.175449
  1.000000
  0.007796  0.008340  0.008764  0.009094  0.009351  0.009551  0.009706  0.009827
  0.009922  0.009995  0.010068  0.010150  0.010241  0.010344  0.010460  0.010590
  0.010737  0.010901  0.011084  0.011290  0.011520  0.011779  0.012072  0.012418
  0.012816  0.013256  0.013705  0.014153  0.014593  0.015037  0.015482  0.015922
  0.016342  0.016737  0.017104  0.017447  0.017765  0.018058  0.018327  0.018572
  0.018792  0.019012  0.019277  0.019595  0.019978  0.020438  0.020991
  1.000000
 -0.006680 -0.006089 -0.005629 -0.005271 -0.004992 -0.004775 -0.004606 -0.004475
 -0.004373 -0.004293 -0.004121 -0.004017 -0.003903 -0.003777 -0.003638 -0.003484
 -0.003315 -0.003130 -0.002929 -0.002710 -0.002473 -0.002216 -0.001936 -0.001622
 -0.001280 -0.000926 -0.000591 -0.000281  0.000000  0.000260  0.000497  0.000710
  0.000892  0.001045  0.001171  0.001276  0.001361  0.001430  0.001485  0.001528
  0.001500  0.001577  0.001669  0.001780  0.001914  0.002074  0.002267
  1.000000
  0.000000  0.000000  0.000000  0.000000  0.000000  0.000000  0.000000  0.000000
  0.000000  0.000000  0.000197  0.000261  0.000303  0.000341  0.000382  0.000428
  0.000477  0.000529  0.000585  0.000643  0.000705  0.000767  0.000831  0.000896
  0.000957  0.001007  0.001040  0.001054  0.001050  0.001027  0.000986  0.000928
  0.000855  0.000772  0.000681  0.000586  0.000487  0.000388  0.000290  0.000195
 -0.000000 -0.000000  0.000000  0.000000  0.000000  0.000000  0.000000
  1.000000
  0.200000  0.200000  0.200000  0.200000  0.200000  0.200000  0.200000  0.200000
  0.200000  0.200000  0.200000  0.200000  0.200000  0.200000  0.200000  0.200000
  0.200000  0.200000  0.200000  0.200000  0.200000  0.200000  0.200000  0.200000
  0.200000  0.200000  0.200000  0.200000  0.200000  0.200000  0.200000  0.200000
  0.200000  0.200000  0.200000  0.200000  0.200000  0.200000  0.200000  0.200000
  0.200000  0.200000  0.200000  0.200000  0.200000  0.200000  0.200000
  1.000000
  0.007744  0.008297  0.008729  0.009066  0.009327  0.009531  0.009690  0.009813
  0.009909  0.009984  0.010059  0.010142  0.010235  0.010339  0.010456  0.010589
  0.010738  0.010904  0.011089  0.011297  0.011530  0.011791  0.012088  0.012436
  0.012836  0.013278  0.013728  0.014176  0.014616  0.015059  0.015502  0.015940
  0.016357  0.016749  0.017113  0.017452  0.017767  0.018057  0.018323  0.018564
  0.018781  0.018995  0.019254  0.019567  0.019947  0.020409  0.020973
  1.000000
 -0.006069 -0.005536 -0.005121 -0.004798 -0.004547 -0.004352 -0.004199 -0.004081
 -0.003989 -0.003917 -0.003754 -0.003658 -0.003554 -0.003439 -0.003312 -0.003171
 -0.003016 -0.002848 -0.002664 -0.002464 -0.002247 -0.002012 -0.001757 -0.001471
 -0.001160 -0.000838 -0.000534 -0.000254  0.000000  0.000234  0.000446  0.000636
  0.000797  0.000931  0.001041  0.001132  0.001205  0.001263  0.001308  0.001343
  0.001315  0.001384  0.001467  0.001567  0.001688  0.001833  0.002007
  1.000000
  0.000000  0.000000  0.000000  0.000000  0.000000  0.000000  0.000000  0.000000
  0.000000  0.000000  0.000196  0.000258  0.000299  0.000336  0.000377  0.000422
  0.000470  0.000522  0.000577  0.000635  0.000695  0.000757  0.000820  0.000884
  0.000944  0.000994  0.001026  0.001040  0.001036  0.001014  0.000973  0.000915
  0.000844  0.000761  0.000672  0.000578  0.000481  0.000383  0.000286  0.000193
 -0.000000 -0.000000  0.000000  0.000000  0.000000  0.000000  0.000000
  1.000000
  0.226970  0.226921  0.226893  0.226872  0.226856  0.226845  0.226835  0.226828
  0.226822  0.226818  0.226812  0.226805  0.226796  0.226787  0.226775  0.226762
  0.226745  0.226726  0.226704  0.226677  0.226645  0.226607  0.226561  0.226504
  0.226433  0.226349  0.226258  0.226163  0.226065  0.225962  0.225855  0.225746
  0.225640  0.225538  0.225442  0.225352  0.225267  0.225188  0.225116  0.225050
  0.224990  0.224916  0.224833  0.224744  0.224654  0.224586  0.224551
  BLADE ROW NUMBER =        3                                           
   47   10   41  173    0    0    1    1    1    1    0    0    0    0    0    0
   12000.0  270857.6  270857.6  303303.0  303303.0   0.00000   12000.0
  1.000000
  0.020549  0.021102  0.021534  0.021870  0.022131  0.022334  0.022492  0.022615
  0.022710  0.022785  0.022859  0.022942  0.023034  0.023138  0.023255  0.023386
  0.023534  0.023699  0.023884  0.024091  0.024322  0.024582  0.024876  0.025223
  0.025621  0.026062  0.026511  0.026958  0.027398  0.027841  0.028286  0.028727
  0.029148  0.029544  0.029912  0.030256  0.030576  0.030872  0.031143  0.031390
  0.031613  0.031837  0.032105  0.032429  0.032818  0.033285  0.033847
  1.000000
  0.003949  0.003472  0.003100  0.002810  0.002585  0.002409  0.002273  0.002167
  0.002084  0.002019  0.002086  0.002070  0.002029  0.001972  0.001905  0.001829
  0.001743  0.001647  0.001541  0.001424  0.001295  0.001152  0.000995  0.000814
  0.000614  0.000402  0.000195  0.000000 -0.000183 -0.000357 -0.000521 -0.000674
 -0.000811 -0.000932 -0.001037 -0.001129 -0.001209 -0.001279 -0.001339 -0.001390
 -0.001479 -0.001490 -0.001503 -0.001518 -0.001536 -0.001558 -0.001585
  1.000000
  0.000000  0.000000  0.000000  0.000000  0.000000  0.000000  0.000000  0.000000
  0.000000  0.000000  0.000248  0.000332  0.000396  0.000449  0.000502  0.000555
  0.000608  0.000660  0.000711  0.000761  0.000808  0.000852  0.000891  0.000926
  0.000951  0.000963  0.000959  0.000941  0.000910  0.000867  0.000812  0.000747
  0.000675  0.000601  0.000524  0.000447  0.000371  0.000297  0.000226  0.000159
 -0.000000 -0.000000  0.000000  0.000000  0.000000  0.000000  0.000000
  1.000000
  0.175426  0.175453  0.175465  0.175482  0.175494  0.175504  0.175511  0.175517
  0.175521  0.175525  0.175532  0.175539  0.175548  0.175559  0.175572  0.175587
  0.175605  0.175626  0.175651  0.175680  0.175715  0.175757  0.175807  0.175868
  0.175943  0.176028  0.176119  0.176210  0.176300  0.176391  0.176479  0.176565
  0.176643  0.176712  0.176772  0.176825  0.176869  0.176906  0.176937  0.176962
  0.176981  0.176993  0.177006  0.177021  0.177039  0.177061  0.177088
  1.000000
  0.020577  0.021124  0.021549  0.021880  0.022138  0.022338  0.022495  0.022616
  0.022711  0.022784  0.022858  0.022940  0.023031  0.023135  0.023251  0.023382
  0.023529  0.023693  0.023877  0.024084  0.024315  0.024575  0.024869  0.025216
  0.025615  0.026057  0.026508  0.026957  0.027399  0.027844  0.028291  0.028732
  0.029154  0.029551  0.029919  0.030262  0.030582  0.030876  0.031146  0.031391
  0.031612  0.031833  0.032099  0.032418  0.032802  0.033264  0.033819
  1.000000
  0.005369  0.004776  0.004314  0.003955  0.003675  0.003458  0.003288  0.003156
  0.003054  0.002974  0.003036  0.003008  0.002954  0.002876  0.002787  0.002685
  0.002569  0.002438  0.002293  0.002130  0.001949  0.001747  0.001520  0.001257
  0.000959  0.000636  0.000313  0.000000 -0.000301 -0.000597 -0.000885 -0.001164
 -0.001422 -0.001658 -0.001872 -0.002067 -0.002244 -0.002404 -0.002548 -0.002675
 -0.002832 -0.002909 -0.003002 -0.003113 -0.003247 -0.003408 -0.003601
  1.000000
  0.000000  0.000000  0.000000  0.000000  0.000000  0.000000  0.000000  0.000000
  0.000000  0.000000  0.000272  0.000363  0.000436  0.000495  0.000553  0.000612
  0.000670  0.000727  0.000783  0.000837  0.000889  0.000938  0.000982  0.001020
  0.001047  0.001060  0.001056  0.001035  0.001001  0.000954  0.000894  0.000822
  0.000743  0.000661  0.000577  0.000492  0.000409  0.000327  0.000249  0.000175
 -0.000000 -0.000000  0.000000  0.000000  0.000000  0.000000  0.000000
  1.000000
  0.200000  0.200000  0.200000  0.200000  0.200000  0.200000  0.200000  0.200000
  0.200000  0.200000  0.200000  0.200000  0.200000  0.200000  0.200000  0.200000
  0.200000  0.200000  0.200000  0.200000  0.200000  0.200000  0.200000  0.200000
  0.200000  0.200000  0.200000  0.200000  0.200000  0.200000  0.200000  0.200000
  0.200000  0.200000  0.200000  0.200000  0.200000  0.200000  0.200000  0.200000
  0.200000  0.200000  0.200000  0.200000  0.200000  0.200000  0.200000
  1.000000
  0.020549  0.021103  0.021535  0.021870  0.022131  0.022334  0.022492  0.022615
  0.022711  0.022786  0.022860  0.022942  0.023035  0.023138  0.023255  0.023387
  0.023535  0.023700  0.023884  0.024091  0.024322  0.024583  0.024877  0.025224
  0.025622  0.026062  0.026511  0.026959  0.027398  0.027842  0.028287  0.028727
  0.029148  0.029544  0.029912  0.030256  0.030576  0.030872  0.031144  0.031391
  0.031614  0.031837  0.032106  0.032429  0.032818  0.033286  0.033848
  1.000000
  0.006831  0.006112  0.005553  0.005117  0.004778  0.004515  0.004309  0.004150
  0.004025  0.003928  0.003992  0.003953  0.003886  0.003789  0.003677  0.003548
  0.003401  0.003235  0.003049  0.002841  0.002607  0.002344  0.002048  0.001700
  0.001304  0.000869  0.000431  0.000000 -0.000418 -0.000834 -0.001245 -0.001646
 -0.002023 -0.002372 -0.002692 -0.002987 -0.003257 -0.003504 -0.003728 -0.003929
 -0.004154 -0.004293 -0.004460 -0.004661 -0.004903 -0.005193 -0.005542
  1.000000
  0.000000  0.000000  0.000000  0.000000  0.000000  0.000000  0.000000  0.000000
  0.000000  0.000000  0.000308  0.000413  0.000497  0.000566  0.000632  0.000699
  0.000765  0.000830  0.000894  0.000957  0.001016  0.001071  0.001121  0.001164
  0.001196  0.001210  0.001205  0.001182  0.001143  0.001089  0.001020  0.000938
  0.000849  0.000754  0.000658  0.000562  0.000466  0.000373  0.000284  0.000199
 -0.000000 -0.000000  0.000000  0.000000  0.000000  0.000000  0.000000
  1.000000
  0.224574  0.224547  0.224535  0.224518  0.224506  0.224496  0.224489  0.224483
  0.224478  0.224475  0.224468  0.224461  0.224452  0.224441  0.224428  0.224413
  0.224395  0.224374  0.224349  0.224320  0.224285  0.224243  0.224193  0.224131
  0.224057  0.223971  0.223881  0.223790  0.223700  0.223609  0.223520  0.223435
  0.223357  0.223288  0.223227  0.223175  0.223131  0.223094  0.223063  0.223038
  0.223019  0.223007  0.222994  0.222979  0.222961  0.222939  0.222912
  BLADE ROW NUMBER =        4                                           
   47   10   41  173    0    0    1    1    1    1    0    0    0    0    0    0
       0.0  303303.0  303303.0  338185.7  338185.7   0.00000       0.0
  1.000000
  0.031562  0.032113  0.032543  0.032877  0.033137  0.033339  0.033497  0.033619
  0.033715  0.033789  0.033863  0.033946  0.034038  0.034142  0.034258  0.034390
  0.034538  0.034704  0.034888  0.035095  0.035327  0.035588  0.035883  0.036231
  0.036630  0.037071  0.037521  0.037969  0.038409  0.038852  0.039296  0.039735
  0.040154  0.040547  0.040912  0.041252  0.041568  0.041859  0.042126  0.042369
  0.042587  0.042803  0.043064  0.043379  0.043759  0.044219  0.044779
  1.000000
 -0.007590 -0.006914 -0.006388 -0.005979 -0.005660 -0.005412 -0.005219 -0.005069
 -0.004952 -0.004861 -0.004672 -0.004554 -0.004426 -0.004284 -0.004127 -0.003953
 -0.003761 -0.003552 -0.003325 -0.003078 -0.002809 -0.002518 -0.002201 -0.001845
 -0.001458 -0.001056 -0.000674 -0.000321  0.000000  0.000298  0.000571  0.000816
  0.001027  0.001206  0.001354  0.001477  0.001579  0.001663  0.001730  0.001783
  0.001761  0.001849  0.001955  0.002081  0.002234  0.002417  0.002637
  1.000000
  0.000000  0.000000  0.000000  0.000000  0.000000  0.000000  0.000000  0.000000
  0.000000  0.000000  0.000207  0.000274  0.000319  0.000359  0.000403  0.000451
  0.000503  0.000558  0.000617  0.000678  0.000743  0.000809  0.000877  0.000945
  0.001009  0.001062  0.001097  0.001112  0.001107  0.001083  0.001040  0.000978
  0.000901  0.000814  0.000719  0.000618  0.000514  0.000409  0.000306  0.000206
 -0.000000 -0.000000  0.000000  0.000000  0.000000  0.000000  0.000000
  1.000000
  0.176977  0.177006  0.177027  0.177042  0.177054  0.177063  0.177070  0.177076
  0.177080  0.177084  0.177089  0.177095  0.177101  0.177109  0.177118  0.177129
  0.177142  0.177157  0.177175  0.177196  0.177221  0.177251  0.177288  0.177333
  0.177389  0.177456  0.177528  0.177603  0.177681  0.177763  0.177847  0.177934
  0.178018  0.178099  0.178175  0.178248  0.178315  0.178378  0.178436  0.178488
  0.178536  0.178595  0.178662  0.178734  0.178810  0.178874  0.178908
  1.000000
  0.031596  0.032141  0.032565  0.032895  0.033152  0.033352  0.033507  0.033628
  0.033723  0.033796  0.033869  0.033951  0.034042  0.034145  0.034261  0.034391
  0.034538  0.034702  0.034885  0.035091  0.035321  0.035580  0.035874  0.036220
  0.036617  0.037057  0.037507  0.037954  0.038395  0.038839  0.039283  0.039724
  0.040144  0.040539  0.040906  0.041249  0.041567  0.041860  0.042129  0.042374
  0.042594  0.042814  0.043079  0.043397  0.043780  0.044240  0.044793
  1.000000
 -0.006680 -0.006089 -0.005629 -0.005271 -0.004993 -0.004776 -0.004607 -0.004476
 -0.004373 -0.004294 -0.004122 -0.004017 -0.003904 -0.003778 -0.003639 -0.003485
 -0.003315 -0.003131 -0.002929 -0.002711 -0.002473 -0.002216 -0.001936 -0.001622
 -0.001280 -0.000926 -0.000591 -0.000281  0.000000  0.000260  0.000497  0.000710
  0.000892  0.001045  0.001171  0.001276  0.001361  0.001430  0.001485  0.001528
  0.001500  0.001577  0.001670  0.001780  0.001914  0.002074  0.002267
  1.000000
  0.000000  0.000000  0.000000  0.000000  0.000000  0.000000  0.000000  0.000000
  0.000000  0.000000  0.000197  0.000261  0.000303  0.000341  0.000382  0.000428
  0.000477  0.000529  0.000585  0.000644  0.000705  0.000768  0.000831  0.000896
  0.000957  0.001007  0.001040  0.001054  0.001050  0.001027  0.000986  0.000928
  0.000855  0.000772  0.000681  0.000586  0.000488  0.000388  0.000290  0.000195
 -0.000000 -0.000000  0.000000  0.000000  0.000000  0.000000  0.000000
  1.000000
  0.200000  0.200000  0.200000  0.200000  0.200000  0.200000  0.200000  0.200000
  0.200000  0.200000  0.200000  0.200000  0.200000  0.200000  0.200000  0.200000
  0.200000  0.200000  0.200000  0.200000  0.200000  0.200000  0.200000  0.200000
  0.200000  0.200000  0.200000  0.200000  0.200000  0.200000  0.200000  0.200000
  0.200000  0.200000  0.200000  0.200000  0.200000  0.200000  0.200000  0.200000
  0.200000  0.200000  0.200000  0.200000  0.200000  0.200000  0.200000
  1.000000
  0.031563  0.032114  0.032543  0.032877  0.033137  0.033339  0.033497  0.033619
  0.033715  0.033789  0.033863  0.033946  0.034038  0.034142  0.034259  0.034390
  0.034538  0.034704  0.034889  0.035096  0.035327  0.035588  0.035883  0.036231
  0.036630  0.037071  0.037521  0.037969  0.038409  0.038852  0.039296  0.039735
  0.040154  0.040547  0.040912  0.041252  0.041568  0.041859  0.042126  0.042369
  0.042587  0.042804  0.043064  0.043379  0.043759  0.044220  0.044779
  1.000000
 -0.006119 -0.005582 -0.005163 -0.004837 -0.004584 -0.004386 -0.004233 -0.004113
 -0.004020 -0.003947 -0.003784 -0.003688 -0.003583 -0.003467 -0.003339 -0.003197
 -0.003041 -0.002871 -0.002686 -0.002484 -0.002266 -0.002029 -0.001772 -0.001483
 -0.001170 -0.000846 -0.000539 -0.000256  0.000000  0.000236  0.000451  0.000642
  0.000805  0.000942  0.001054  0.001145  0.001220  0.001279  0.001325  0.001361
  0.001334  0.001403  0.001487  0.001588  0.001710  0.001856  0.002032
  1.000000
  0.000000  0.000000  0.000000  0.000000  0.000000  0.000000  0.000000  0.000000
  0.000000  0.000000  0.000195  0.000257  0.000298  0.000335  0.000376  0.000421
  0.000469  0.000521  0.000575  0.000633  0.000693  0.000755  0.000818  0.000881
  0.000941  0.000991  0.001023  0.001037  0.001032  0.001010  0.000970  0.000912
  0.000841  0.000759  0.000670  0.000576  0.000479  0.000382  0.000285  0.000192
 -0.000000 -0.000000  0.000000  0.000000  0.000000  0.000000  0.000000
  1.000000
  0.223023  0.222994  0.222973  0.222958  0.222946  0.222937  0.222930  0.222924
  0.222920  0.222916  0.222911  0.222905  0.222899  0.222891  0.222882  0.222871
  0.222858  0.222843  0.222825  0.222804  0.222779  0.222749  0.222712  0.222667
  0.222611  0.222544  0.222472  0.222397  0.222319  0.222237  0.222153  0.222066
  0.221982  0.221901  0.221825  0.221752  0.221685  0.221622  0.221564  0.221512
  0.221464  0.221405  0.221338  0.221265  0.221190  0.221126  0.221092
  BLADE ROW NUMBER =        5                                           
   47   10   41  173    0    0    1    1    1    1    0    0    0    0    0    0
   12000.0  338185.7  338185.7  375837.5  375837.5   0.00000   12000.0
  1.000000
  0.044767  0.045318  0.045747  0.046080  0.046339  0.046541  0.046698  0.046821
  0.046916  0.046990  0.047064  0.047146  0.047238  0.047341  0.047458  0.047589
  0.047736  0.047901  0.048085  0.048292  0.048522  0.048782  0.049076  0.049423
  0.049821  0.050261  0.050710  0.051158  0.051598  0.052042  0.052487  0.052927
  0.053348  0.053744  0.054111  0.054455  0.054774  0.055069  0.055340  0.055586
  0.055808  0.056030  0.056298  0.056619  0.057006  0.057471  0.058030
  1.000000
  0.004141  0.003648  0.003265  0.002966  0.002734  0.002553  0.002412  0.002303
  0.002217  0.002151  0.002216  0.002198  0.002156  0.002096  0.002026  0.001946
  0.001856  0.001756  0.001644  0.001521  0.001385  0.001234  0.001067  0.000875
  0.000661  0.000434  0.000212  0.000000 -0.000199 -0.000390 -0.000571 -0.000742
 -0.000896 -0.001032 -0.001153 -0.001259 -0.001353 -0.001435 -0.001507 -0.001569
 -0.001669 -0.001689 -0.001713 -0.001742 -0.001777 -0.001819 -0.001870
  1.000000
  0.000000  0.000000  0.000000  0.000000  0.000000  0.000000  0.000000  0.000000
  0.000000  0.000000  0.000250  0.000334  0.000399  0.000453  0.000506  0.000560
  0.000613  0.000665  0.000717  0.000766  0.000814  0.000858  0.000898  0.000933
  0.000959  0.000970  0.000966  0.000948  0.000916  0.000873  0.000818  0.000752
  0.000680  0.000605  0.000528  0.000451  0.000374  0.000299  0.000228  0.000160
 -0.000000 -0.000000  0.000000  0.000000  0.000000  0.000000  0.000000
  1.000000
  0.178908  0.178923  0.178934  0.178947  0.178956  0.178963  0.178969  0.178974
  0.178977  0.178980  0.178985  0.178992  0.178999  0.179007  0.179018  0.179030
  0.179044  0.179061  0.179081  0.179104  0.179132  0.179165  0.179205  0.179254
  0.179312  0.179380  0.179451  0.179523  0.179594  0.179665  0.179735  0.179803
  0.179864  0.179918  0.179966  0.180007  0.180041  0.180070  0.180094  0.180114
  0.180129  0.180138  0.180148  0.180161  0.180175  0.180192  0.180213
  1.000000
  0.044785  0.045331  0.045756  0.046086  0.046344  0.046544  0.046700  0.046822
  0.046916  0.046990  0.047063  0.047145  0.047236  0.047339  0.047455  0.047586
  0.047733  0.047898  0.048081  0.048287  0.048518  0.048778  0.049072  0.049419
  0.049817  0.050259  0.050709  0.051157  0.051599  0.052044  0.052490  0.052931
  0.053352  0.053748  0.054116  0.054459  0.054778  0.055072  0.055342  0.055587
  0.055808  0.056028  0.056294  0.056613  0.056996  0.057457  0.058012
  1.000000
  0.005362  0.004770  0.004309  0.003950  0.003671  0.003454  0.003284  0.003153
  0.003050  0.002970  0.003032  0.003004  0.002950  0.002873  0.002784  0.002682
  0.002566  0.002436  0.002290  0.002128  0.001947  0.001745  0.001519  0.001255
  0.000958  0.000635  0.000313  0.000000 -0.000301 -0.000596 -0.000884 -0.001162
 -0.001420 -0.001656 -0.001870 -0.002065 -0.002242 -0.002401 -0.002545 -0.002672
 -0.002829 -0.002906 -0.002998 -0.003110 -0.003243 -0.003404 -0.003597
  1.000000
  0.000000  0.000000  0.000000  0.000000  0.000000  0.000000  0.000000  0.000000
  0.000000  0.000000  0.000272  0.000363  0.000435  0.000494  0.000553  0.000611
  0.000669  0.000726  0.000782  0.000837  0.000888  0.000937  0.000981  0.001019
  0.001046  0.001059  0.001054  0.001034  0.001000  0.000953  0.000892  0.000821
  0.000743  0.000660  0.000576  0.000492  0.000408  0.000327  0.000248  0.000175
 -0.000000 -0.000000  0.000000  0.000000  0.000000  0.000000  0.000000
  1.000000
  0.200000  0.200000  0.200000  0.200000  0.200000  0.200000  0.200000  0.200000
  0.200000  0.200000  0.200000  0.200000  0.200000  0.200000  0.200000  0.200000
  0.200000  0.200000  0.200000  0.200000  0.200000  0.200000  0.200000  0.200000
  0.200000  0.200000  0.200000  0.200000  0.200000  0.200000  0.200000  0.200000
  0.200000  0.200000  0.200000  0.200000  0.200000  0.200000  0.200000  0.200000
  0.200000  0.200000  0.200000  0.200000  0.200000  0.200000  0.200000
  1.000000
  0.044767  0.045318  0.045747  0.046080  0.046340  0.046542  0.046699  0.046821
  0.046916  0.046990  0.047064  0.047146  0.047238  0.047342  0.047458  0.047589
  0.047737  0.047902  0.048086  0.048292  0.048523  0.048783  0.049077  0.049423
  0.049821  0.050262  0.050711  0.051158  0.051598  0.052042  0.052487  0.052928
  0.053348  0.053744  0.054112  0.054455  0.054775  0.055070  0.055340  0.055587
  0.055808  0.056031  0.056298  0.056620  0.057006  0.057471  0.058030
  1.000000
  0.006600  0.005902  0.005359  0.004936  0.004607  0.004350  0.004151  0.003996
  0.003875  0.003781  0.003844  0.003807  0.003741  0.003648  0.003539  0.003414
  0.003272  0.003112  0.002933  0.002731  0.002506  0.002253  0.001967  0.001632
  0.001251  0.000834  0.000413  0.000000 -0.000401 -0.000799 -0.001191 -0.001574
 -0.001933 -0.002266 -0.002570 -0.002851 -0.003107 -0.003342 -0.003554 -0.003744
 -0.003958 -0.004088 -0.004245 -0.004433 -0.004659 -0.004932 -0.005259
  1.000000
  0.000000  0.000000  0.000000  0.000000  0.000000  0.000000  0.000000  0.000000
  0.000000  0.000000  0.000302  0.000404  0.000486  0.000553  0.000618  0.000683
  0.000748  0.000812  0.000874  0.000935  0.000993  0.001047  0.001096  0.001138
  0.001169  0.001183  0.001178  0.001156  0.001118  0.001065  0.000997  0.000917
  0.000830  0.000738  0.000644  0.000549  0.000456  0.000365  0.000277  0.000195
 -0.000000 -0.000000  0.000000  0.000000  0.000000  0.000000  0.000000
  1.000000
  0.221092  0.221077  0.221066  0.221053  0.221044  0.221037  0.221031  0.221026
  0.221023  0.221020  0.221015  0.221008  0.221001  0.220992  0.220982  0.220970
  0.220956  0.220939  0.220919  0.220896  0.220868  0.220835  0.220795  0.220746
  0.220688  0.220620  0.220549  0.220477  0.220406  0.220334  0.220265  0.220197
  0.220136  0.220082  0.220034  0.219993  0.219959  0.219930  0.219906  0.219886
  0.219871  0.219862  0.219852  0.219839  0.219825  0.219808  0.219787
  BLADE ROW NUMBER =        6                                           
   47   10   41  174    0    0    1    1    1    1    0    0    0    0    0    0
       0.0  375837.5  375837.5  416124.0  416124.0   0.00000       0.0
  1.000000
  0.055776  0.056325  0.056752  0.057085  0.057344  0.057545  0.057702  0.057824
  0.057919  0.057993  0.058067  0.058149  0.058241  0.058344  0.058461  0.058592
  0.058740  0.058905  0.059089  0.059296  0.059527  0.059787  0.060082  0.060429
  0.060828  0.061269  0.061719  0.062167  0.062607  0.063051  0.063495  0.063934
  0.064353  0.064747  0.065112  0.065453  0.065769  0.066061  0.066328  0.066571
  0.066790  0.067007  0.067269  0.067584  0.067964  0.068424  0.068981
  1.000000
 -0.007432 -0.006771 -0.006256 -0.005856 -0.005544 -0.005301 -0.005112 -0.004965
 -0.004851 -0.004762 -0.004576 -0.004461 -0.004335 -0.004196 -0.004042 -0.003871
 -0.003684 -0.003479 -0.003256 -0.003014 -0.002751 -0.002466 -0.002155 -0.001806
 -0.001427 -0.001034 -0.000660 -0.000314  0.000000  0.000291  0.000558  0.000798
  0.001004  0.001178  0.001323  0.001443  0.001542  0.001623  0.001688  0.001740
  0.001717  0.001803  0.001906  0.002031  0.002180  0.002359  0.002574
  1.000000
  0.000000  0.000000  0.000000  0.000000  0.000000  0.000000  0.000000  0.000000
  0.000000  0.000000  0.000205  0.000271  0.000316  0.000355  0.000399  0.000446
  0.000497  0.000552  0.000610  0.000671  0.000735  0.000801  0.000867  0.000935
  0.000998  0.001051  0.001085  0.001100  0.001095  0.001072  0.001029  0.000968
  0.000892  0.000805  0.000711  0.000611  0.000508  0.000405  0.000303  0.000204
 -0.000000 -0.000000  0.000000  0.000000  0.000000  0.000000  0.000000
  1.000000
  0.180127  0.180150  0.180166  0.180178  0.180187  0.180194  0.180200  0.180205
  0.180208  0.180211  0.180215  0.180219  0.180224  0.180231  0.180238  0.180246
  0.180256  0.180268  0.180282  0.180299  0.180318  0.180342  0.180371  0.180406
  0.180451  0.180503  0.180560  0.180620  0.180682  0.180748  0.180816  0.180886
  0.180954  0.181021  0.181083  0.181143  0.181199  0.181251  0.181300  0.181344
  0.181384  0.181435  0.181492  0.181554  0.181618  0.181673  0.181702
  1.000000
  0.055799  0.056343  0.056767  0.057097  0.057354  0.057554  0.057709  0.057830
  0.057925  0.057998  0.058072  0.058153  0.058244  0.058347  0.058463  0.058593
  0.058740  0.058904  0.059087  0.059293  0.059523  0.059782  0.060075  0.060422
  0.060819  0.061259  0.061709  0.062156  0.062596  0.063040  0.063485  0.063925
  0.064346  0.064741  0.065107  0.065450  0.065768  0.066061  0.066330  0.066575
  0.066795  0.067015  0.067280  0.067598  0.067981  0.068441  0.068994
  1.000000
 -0.006680 -0.006089 -0.005629 -0.005271 -0.004992 -0.004775 -0.004606 -0.004475
 -0.004373 -0.004293 -0.004121 -0.004017 -0.003903 -0.003777 -0.003638 -0.003484
 -0.003315 -0.003130 -0.002929 -0.002710 -0.002473 -0.002216 -0.001936 -0.001622
 -0.001280 -0.000926 -0.000591 -0.000281  0.000000  0.000260  0.000497  0.000710
  0.000892  0.001045  0.001171  0.001276  0.001361  0.001430  0.001485  0.001528
  0.001500  0.001577  0.001669  0.001780  0.001914  0.002074  0.002267
  1.000000
  0.000000  0.000000  0.000000  0.000000  0.000000  0.000000  0.000000  0.000000
  0.000000  0.000000  0.000197  0.000261  0.000303  0.000341  0.000382  0.000428
  0.000477  0.000529  0.000585  0.000643  0.000705  0.000767  0.000831  0.000896
  0.000957  0.001007  0.001040  0.001054  0.001050  0.001027  0.000986  0.000928
  0.000855  0.000772  0.000681  0.000586  0.000487  0.000388  0.000290  0.000195
 -0.000000 -0.000000  0.000000  0.000000  0.000000  0.000000  0.000000
  1.000000
  0.200000  0.200000  0.200000  0.200000  0.200000  0.200000  0.200000  0.200000
  0.200000  0.200000  0.200000  0.200000  0.200000  0.200000  0.200000  0.200000
  0.200000  0.200000  0.200000  0.200000  0.200000  0.200000  0.200000  0.200000
  0.200000  0.200000  0.200000  0.200000  0.200000  0.200000  0.200000  0.200000
  0.200000  0.200000  0.200000  0.200000  0.200000  0.200000  0.200000  0.200000
  0.200000  0.200000  0.200000  0.200000  0.200000  0.200000  0.200000
  1.000000
  0.055776  0.056325  0.056752  0.057085  0.057344  0.057545  0.057702  0.057824
  0.057919  0.057993  0.058067  0.058149  0.058241  0.058345  0.058461  0.058592
  0.058740  0.058905  0.059089  0.059296  0.059527  0.059787  0.060082  0.060429
  0.060828  0.061269  0.061719  0.062167  0.062607  0.063051  0.063495  0.063934
  0.064353  0.064747  0.065112  0.065453  0.065769  0.066061  0.066329  0.066572
  0.066790  0.067007  0.067269  0.067584  0.067965  0.068424  0.068981
  1.000000
 -0.006170 -0.005628 -0.005205 -0.004876 -0.004620 -0.004421 -0.004266 -0.004145
 -0.004051 -0.003978 -0.003815 -0.003717 -0.003612 -0.003495 -0.003366 -0.003223
 -0.003066 -0.002894 -0.002708 -0.002505 -0.002285 -0.002046 -0.001787 -0.001496
 -0.001180 -0.000853 -0.000543 -0.000258  0.000000  0.000238  0.000455  0.000649
  0.000814  0.000952  0.001065  0.001158  0.001233  0.001294  0.001341  0.001378
  0.001345  0.001416  0.001500  0.001602  0.001725  0.001873  0.002050
  1.000000
  0.000000  0.000000  0.000000  0.000000  0.000000  0.000000  0.000000  0.000000
  0.000000  0.000000  0.000195  0.000256  0.000298  0.000335  0.000376  0.000420
  0.000468  0.000520  0.000575  0.000632  0.000692  0.000754  0.000817  0.000880
  0.000940  0.000990  0.001022  0.001036  0.001031  0.001009  0.000969  0.000911
  0.000840  0.000758  0.000669  0.000576  0.000479  0.000381  0.000285  0.000192
 -0.000000 -0.000000  0.000000  0.000000  0.000000  0.000000  0.000000
  1.000000
  0.219873  0.219850  0.219834  0.219822  0.219813  0.219806  0.219800  0.219795
  0.219792  0.219789  0.219785  0.219781  0.219775  0.219769  0.219762  0.219754
  0.219744  0.219732  0.219718  0.219701  0.219681  0.219658  0.219629  0.219593
  0.219549  0.219497  0.219440  0.219379  0.219317  0.219252  0.219183  0.219114
  0.219045  0.218979  0.218916  0.218857  0.218801  0.218749  0.218700  0.218656
  0.218616  0.218565  0.218508  0.218447  0.218383  0.218328  0.218299
  BLADE ROW NUMBER =        7                                           
   47   10   41  174    0    0    1    1    1    1    0    0    0    0    0    0
   12000.0  416124.0  416124.0  459398.8  459398.8   0.00000   12000.0
  1.000000
  0.068978  0.069527  0.069954  0.070286  0.070544  0.070746  0.070902  0.071024
  0.071119  0.071193  0.071267  0.071349  0.071440  0.071544  0.071660  0.071791
  0.071938  0.072102  0.072286  0.072492  0.072723  0.072982  0.073276  0.073623
  0.074021  0.074461  0.074910  0.075358  0.075798  0.076242  0.076687  0.077128
  0.077548  0.077944  0.078311  0.078655  0.078973  0.079268  0.079538  0.079784
  0.080005  0.080227  0.080493  0.080813  0.081199  0.081662  0.082219
  1.000000
  0.004297  0.003792  0.003399  0.003093  0.002855  0.002670  0.002525  0.002413
  0.002326  0.002258  0.002322  0.002303  0.002259  0.002196  0.002124  0.002041
  0.001948  0.001844  0.001728  0.001599  0.001457  0.001300  0.001125  0.000924
  0.000700  0.000460  0.000225  0.000000 -0.000212 -0.000417 -0.000612 -0.000797
 -0.000964 -0.001114 -0.001246 -0.001364 -0.001469 -0.001561 -0.001643 -0.001713
 -0.001821 -0.001849 -0.001882 -0.001923 -0.001971 -0.002029 -0.002098
  1.000000
  0.000000  0.000000  0.000000  0.000000  0.000000  0.000000  0.000000  0.000000
  0.000000  0.000000  0.000252  0.000336  0.000402  0.000457  0.000510  0.000564
  0.000618  0.000671  0.000722  0.000773  0.000820  0.000865  0.000905  0.000940
  0.000966  0.000978  0.000974  0.000955  0.000924  0.000880  0.000824  0.000758
  0.000686  0.000610  0.000532  0.000454  0.000377  0.000302  0.000230  0.000161
 -0.000000 -0.000000  0.000000  0.000000  0.000000  0.000000  0.000000
  1.000000
  0.181702  0.181714  0.181723  0.181733  0.181740  0.181746  0.181751  0.181754
  0.181757  0.181759  0.181763  0.181768  0.181774  0.181781  0.181789  0.181799
  0.181810  0.181824  0.181840  0.181859  0.181881  0.181908  0.181940  0.181979
  0.182027  0.182082  0.182139  0.182197  0.182255  0.182312  0.182369  0.182423
  0.182472  0.182516  0.182554  0.182587  0.182615  0.182638  0.182657  0.182673
  0.182685  0.182692  0.182700  0.182710  0.182721  0.182734  0.182751
  1.000000
  0.068990  0.069535  0.069960  0.070290  0.070547  0.070748  0.070904  0.071025
  0.071119  0.071193  0.071266  0.071348  0.071439  0.071542  0.071658  0.071789
  0.071936  0.072100  0.072284  0.072490  0.072720  0.072980  0.073274  0.073620
  0.074019  0.074460  0.074910  0.075358  0.075799  0.076243  0.076689  0.077130
  0.077551  0.077947  0.078314  0.078657  0.078976  0.079270  0.079539  0.079784
  0.080005  0.080225  0.080490  0.080809  0.081193  0.081654  0.082208
  1.000000
  0.005359  0.004767  0.004306  0.003948  0.003669  0.003451  0.003282  0.003151
  0.003048  0.002968  0.003030  0.003002  0.002948  0.002871  0.002782  0.002680
  0.002564  0.002434  0.002289  0.002126  0.001946  0.001744  0.001518  0.001255
  0.000957  0.000635  0.000313  0.000000 -0.000301 -0.000596 -0.000884 -0.001161
 -0.001419 -0.001655 -0.001869 -0.002064 -0.002240 -0.002400 -0.002543 -0.002671
 -0.002827 -0.002904 -0.002996 -0.003107 -0.003241 -0.003402 -0.003595
  1.000000
  0.000000  0.000000  0.000000  0.000000  0.000000  0.000000  0.000000  0.000000
  0.000000  0.000000  0.000271  0.000363  0.000435  0.000494  0.000552  0.000611
  0.000668  0.000726  0.000782  0.000836  0.000888  0.000936  0.000980  0.001018
  0.001045  0.001058  0.001054  0.001034  0.001000  0.000952  0.000892  0.000820
  0.000742  0.000660  0.000576  0.000491  0.000408  0.000326  0.000248  0.000174
 -0.000000 -0.000000  0.000000  0.000000  0.000000  0.000000  0.000000
  1.000000
  0.200000  0.200000  0.200000  0.200000  0.200000  0.200000  0.200000  0.200000
  0.200000  0.200000  0.200000  0.200000  0.200000  0.200000  0.200000  0.200000
  0.200000  0.200000  0.200000  0.200000  0.200000  0.200000  0.200000  0.200000
  0.200000  0.200000  0.200000  0.200000  0.200000  0.200000  0.200000  0.200000
  0.200000  0.200000  0.200000  0.200000  0.200000  0.200000  0.200000  0.200000
  0.200000  0.200000  0.200000  0.200000  0.200000  0.200000  0.200000
  1.000000
  0.068978  0.069527  0.069954  0.070286  0.070545  0.070746  0.070903  0.071025
  0.071119  0.071193  0.071267  0.071349  0.071441  0.071544  0.071660  0.071791
  0.071938  0.072103  0.072287  0.072493  0.072723  0.072983  0.073277  0.073623
  0.074021  0.074461  0.074911  0.075358  0.075799  0.076243  0.076687  0.077128
  0.077549  0.077944  0.078312  0.078655  0.078974  0.079268  0.079538  0.079784
  0.080005  0.080227  0.080493  0.080814  0.081199  0.081662  0.082219
  1.000000
  0.006423  0.005741  0.005210  0.004796  0.004474  0.004224  0.004029  0.003877
  0.003759  0.003667  0.003730  0.003694  0.003630  0.003539  0.003433  0.003312
  0.003173  0.003018  0.002843  0.002647  0.002428  0.002182  0.001905  0.001580
  0.001211  0.000806  0.000399  0.000000 -0.000387 -0.000771 -0.001149 -0.001518
 -0.001864 -0.002183 -0.002475 -0.002744 -0.002990 -0.003214 -0.003417 -0.003600
 -0.003805 -0.003928 -0.004076 -0.004255 -0.004469 -0.004726 -0.005036
  1.000000
  0.000000  0.000000  0.000000  0.000000  0.000000  0.000000  0.000000  0.000000
  0.000000  0.000000  0.000297  0.000397  0.000478  0.000544  0.000608  0.000672
  0.000735  0.000798  0.000860  0.000920  0.000976  0.001030  0.001078  0.001119
  0.001149  0.001163  0.001159  0.001137  0.001099  0.001047  0.000981  0.000902
  0.000816  0.000725  0.000633  0.000540  0.000448  0.000359  0.000273  0.000192
 -0.000000 -0.000000  0.000000  0.000000  0.000000  0.000000  0.000000
  1.000000
  0.218299  0.218287  0.218277  0.218267  0.218260  0.218254  0.218249  0.218246
  0.218243  0.218241  0.218237  0.218232  0.218226  0.218219  0.218211  0.218201
  0.218190  0.218176  0.218160  0.218141  0.218118  0.218092  0.218060  0.218021
  0.217973  0.217918  0.217861  0.217803  0.217745  0.217688  0.217631  0.217577
  0.217528  0.217484  0.217446  0.217413  0.217385  0.217362  0.217343  0.217327
  0.217315  0.217308  0.217300  0.217290  0.217279  0.217266  0.217249
  BLADE ROW NUMBER =        8                                           
   47   10   41  174    0    0    1    1    1    1    0    0    0    0    0    0
       0.0  459398.8  459398.8  505507.5  505507.5   0.00000       0.0
  1.000000
  0.079984  0.080531  0.080957  0.081289  0.081547  0.081748  0.081905  0.082026
  0.082121  0.082195  0.082269  0.082351  0.082442  0.082546  0.082662  0.082793
  0.082940  0.083105  0.083289  0.083495  0.083726  0.083986  0.084281  0.084627
  0.085026  0.085467  0.085917  0.086365  0.086805  0.087249  0.087693  0.088133
  0.088552  0.088946  0.089312  0.089653  0.089970  0.090262  0.090530  0.090773
  0.090992  0.091210  0.091472  0.091788  0.092169  0.092628  0.093184
  1.000000
 -0.007314 -0.006664 -0.006158 -0.005764 -0.005457 -0.005219 -0.005033 -0.004888
 -0.004776 -0.004688 -0.004505 -0.004391 -0.004267 -0.004130 -0.003978 -0.003811
 -0.003626 -0.003424 -0.003205 -0.002966 -0.002708 -0.002427 -0.002121 -0.001778
 -0.001404 -0.001017 -0.000649 -0.000309  0.000000  0.000286  0.000549  0.000784
  0.000987  0.001157  0.001299  0.001417  0.001514  0.001594  0.001657  0.001708
  0.001684  0.001769  0.001870  0.001992  0.002139  0.002315  0.002527
  1.000000
  0.000000  0.000000  0.000000  0.000000  0.000000  0.000000  0.000000  0.000000
  0.000000  0.000000  0.000204  0.000269  0.000314  0.000353  0.000396  0.000443
  0.000493  0.000548  0.000605  0.000666  0.000729  0.000795  0.000861  0.000928
  0.000991  0.001043  0.001077  0.001091  0.001087  0.001063  0.001021  0.000960
  0.000885  0.000799  0.000705  0.000606  0.000505  0.000402  0.000300  0.000202
 -0.000000 -0.000000  0.000000  0.000000  0.000000  0.000000  0.000000
  1.000000
  0.182684  0.182701  0.182714  0.182723  0.182731  0.182737  0.182741  0.182745
  0.182748  0.182750  0.182753  0.182757  0.182761  0.182766  0.182771  0.182778
  0.182786  0.182795  0.182806  0.182820  0.182835  0.182854  0.182877  0.182906
  0.182941  0.182983  0.183029  0.183078  0.183128  0.183181  0.183237  0.183294
  0.183351  0.183406  0.183458  0.183508  0.183555  0.183599  0.183639  0.183677
  0.183711  0.183755  0.183804  0.183857  0.183912  0.183959  0.183984
  1.000000
  0.080000  0.080544  0.080968  0.081298  0.081555  0.081755  0.081910  0.082031
  0.082125  0.082199  0.082272  0.082354  0.082445  0.082548  0.082664  0.082794
  0.082941  0.083105  0.083288  0.083494  0.083724  0.083983  0.084276  0.084622
  0.085020  0.085460  0.085909  0.086357  0.086797  0.087241  0.087686  0.088126
  0.088546  0.088941  0.089308  0.089651  0.089969  0.090262  0.090531  0.090776
  0.090996  0.091216  0.091481  0.091799  0.092182  0.092642  0.093195
  1.000000
 -0.006680 -0.006089 -0.005629 -0.005271 -0.004992 -0.004775 -0.004606 -0.004475
 -0.004373 -0.004293 -0.004121 -0.004017 -0.003903 -0.003777 -0.003638 -0.003484
 -0.003315 -0.003130 -0.002929 -0.002710 -0.002473 -0.002216 -0.001936 -0.001622
 -0.001280 -0.000926 -0.000591 -0.000281  0.000000  0.000260  0.000497  0.000710
  0.000892  0.001045  0.001171  0.001276  0.001361  0.001430  0.001485  0.001528
  0.001500  0.001577  0.001669  0.001780  0.001914  0.002074  0.002267
  1.000000
  0.000000  0.000000  0.000000  0.000000  0.000000  0.000000  0.000000  0.000000
  0.000000  0.000000  0.000197  0.000261  0.000303  0.000341  0.000382  0.000428
  0.000477  0.000529  0.000585  0.000643  0.000705  0.000767  0.000831  0.000896
  0.000957  0.001007  0.001040  0.001054  0.001050  0.001027  0.000986  0.000928
  0.000855  0.000772  0.000681  0.000586  0.000487  0.000388  0.000290  0.000195
 -0.000000 -0.000000  0.000000  0.000000  0.000000  0.000000  0.000000
  1.000000
  0.200000  0.200000  0.200000  0.200000  0.200000  0.200000  0.200000  0.200000
  0.200000  0.200000  0.200000  0.200000  0.200000  0.200000  0.200000  0.200000
  0.200000  0.200000  0.200000  0.200000  0.200000  0.200000  0.200000  0.200000
  0.200000  0.200000  0.200000  0.200000  0.200000  0.200000  0.200000  0.200000
  0.200000  0.200000  0.200000  0.200000  0.200000  0.200000  0.200000  0.200000
  0.200000  0.200000  0.200000  0.200000  0.200000  0.200000  0.200000
  1.000000
  0.079984  0.080531  0.080957  0.081289  0.081547  0.081748  0.081905  0.082027
  0.082121  0.082195  0.082269  0.082351  0.082443  0.082546  0.082662  0.082793
  0.082940  0.083105  0.083289  0.083495  0.083726  0.083986  0.084281  0.084628
  0.085026  0.085467  0.085917  0.086365  0.086805  0.087249  0.087693  0.088133
  0.088552  0.088946  0.089312  0.089653  0.089970  0.090262  0.090530  0.090773
  0.090992  0.091210  0.091472  0.091788  0.092169  0.092628  0.093184
  1.000000
 -0.006219 -0.005672 -0.005245 -0.004914 -0.004656 -0.004455 -0.004298 -0.004177
 -0.004082 -0.004008 -0.003844 -0.003746 -0.003640 -0.003522 -0.003392 -0.003248
 -0.003089 -0.002917 -0.002729 -0.002524 -0.002303 -0.002063 -0.001801 -0.001508
 -0.001190 -0.000860 -0.000548 -0.000260  0.000000  0.000240  0.000460  0.000655
  0.000821  0.000961  0.001075  0.001170  0.001246  0.001307  0.001356  0.001393
  0.001361  0.001432  0.001518  0.001620  0.001744  0.001893  0.002072
  1.000000
  0.000000  0.000000  0.000000  0.000000  0.000000  0.000000  0.000000  0.000000
  0.000000  0.000000  0.000195  0.000256  0.000298  0.000335  0.000376  0.000420
  0.000468  0.000520  0.000575  0.000632  0.000692  0.000754  0.000817  0.000881
  0.000940  0.000990  0.001022  0.001036  0.001031  0.001009  0.000969  0.000912
  0.000840  0.000758  0.000670  0.000576  0.000479  0.000381  0.000285  0.000192
 -0.000000 -0.000000  0.000000  0.000000  0.000000  0.000000  0.000000
  1.000000
  0.217316  0.217299  0.217286  0.217277  0.217269  0.217263  0.217259  0.217255
  0.217252  0.217250  0.217247  0.217243  0.217239  0.217234  0.217229  0.217222
  0.217214  0.217205  0.217194  0.217180  0.217165  0.217146  0.217123  0.217094
  0.217059  0.217017  0.216971  0.216922  0.216872  0.216819  0.216763  0.216706
  0.216649  0.216594  0.216542  0.216492  0.216445  0.216401  0.216361  0.216323
  0.216289  0.216245  0.216196  0.216143  0.216088  0.216041  0.216016
  BLADE ROW NUMBER =        9                                           
   47   10   41  175    0    0    1    1    1    1    0    0    0    0    0    0
   12000.0  505507.5  505507.5  554825.9  554825.9   0.00000   12000.0
  1.000000
  0.093186  0.093733  0.094159  0.094491  0.094749  0.094950  0.095106  0.095228
  0.095322  0.095396  0.095470  0.095551  0.095643  0.095746  0.095862  0.095993
  0.096140  0.096304  0.096488  0.096694  0.096924  0.097184  0.097478  0.097824
  0.098222  0.098662  0.099112  0.099559  0.099999  0.100443  0.100888  0.101329
  0.101749  0.102145  0.102512  0.102855  0.103174  0.103468  0.103738  0.103983
  0.104204  0.104425  0.104691  0.105011  0.105395  0.105858  0.106414
  1.000000
  0.004426  0.003911  0.003510  0.003198  0.002955  0.002765  0.002618  0.002504
  0.002414  0.002345  0.002409  0.002388  0.002343  0.002279  0.002204  0.002119
  0.002023  0.001916  0.001796  0.001664  0.001517  0.001354  0.001173  0.000965
  0.000731  0.000481  0.000236  0.000000 -0.000223 -0.000439 -0.000646 -0.000841
 -0.001020 -0.001180 -0.001323 -0.001450 -0.001564 -0.001664 -0.001753 -0.001831
 -0.001946 -0.001980 -0.002021 -0.002070 -0.002128 -0.002199 -0.002284
  1.000000
  0.000000  0.000000  0.000000  0.000000  0.000000  0.000000  0.000000  0.000000
  0.000000  0.000000  0.000254  0.000339  0.000405  0.000460  0.000514  0.000568
  0.000622  0.000676  0.000728  0.000778  0.000827  0.000872  0.000912  0.000947
  0.000973  0.000985  0.000981  0.000962  0.000931  0.000886  0.000830  0.000764
  0.000691  0.000614  0.000536  0.000457  0.000380  0.000304  0.000231  0.000162
 -0.000000 -0.000000  0.000000  0.000000  0.000000  0.000000  0.000000
  1.000000
  0.183984  0.183995  0.184003  0.184011  0.184017  0.184021  0.184025  0.184027
  0.184029  0.184031  0.184034  0.184038  0.184043  0.184049  0.184055  0.184063
  0.184073  0.184084  0.184097  0.184112  0.184131  0.184152  0.184178  0.184211
  0.184249  0.184294  0.184341  0.184389  0.184436  0.184483  0.184529  0.184574
  0.184614  0.184650  0.184681  0.184708  0.184730  0.184749  0.184765  0.184777
  0.184787  0.184793  0.184799  0.184807  0.184815  0.184824  0.184836
  1.000000
  0.093194  0.093739  0.094163  0.094494  0.094751  0.094951  0.095107  0.095228
  0.095322  0.095396  0.095469  0.095551  0.095642  0.095745  0.095861  0.095992
  0.096139  0.096303  0.096486  0.096692  0.096923  0.097182  0.097476  0.097822
  0.098220  0.098661  0.099111  0.099559  0.100000  0.100444  0.100890  0.101330
  0.101751  0.102147  0.102514  0.102857  0.103175  0.103469  0.103739  0.103983
  0.104204  0.104424  0.104689  0.105008  0.105391  0.105852  0.106406
  1.000000
  0.005356  0.004765  0.004304  0.003946  0.003667  0.003450  0.003281  0.003149
  0.003047  0.002967  0.003029  0.003001  0.002947  0.002870  0.002781  0.002679
  0.002563  0.002433  0.002288  0.002125  0.001945  0.001743  0.001517  0.001254
  0.000957  0.000634  0.000313  0.000000 -0.000300 -0.000596 -0.000883 -0.001161
 -0.001419 -0.001655 -0.001868 -0.002063 -0.002239 -0.002399 -0.002542 -0.002669
 -0.002826 -0.002903 -0.002995 -0.003106 -0.003240 -0.003400 -0.003593
  1.000000
  0.000000  0.000000  0.000000  0.000000  0.000000  0.000000  0.000000  0.000000
  0.000000  0.000000  0.000271  0.000363  0.000435  0.000494  0.000552  0.000610
  0.000668  0.000725  0.000781  0.000836  0.000887  0.000936  0.000980  0.001017
  0.001045  0.001058  0.001053  0.001033  0.000999  0.000952  0.000891  0.000820
  0.000742  0.000659  0.000576  0.000491  0.000408  0.000326  0.000248  0.000174
 -0.000000 -0.000000  0.000000  0.000000  0.000000  0.000000  0.000000
  1.000000
  0.200000  0.200000  0.200000  0.200000  0.200000  0.200000  0.200000  0.200000
  0.200000  0.200000  0.200000  0.200000  0.200000  0.200000  0.200000  0.200000
  0.200000  0.200000  0.200000  0.200000  0.200000  0.200000  0.200000  0.200000
  0.200000  0.200000  0.200000  0.200000  0.200000  0.200000  0.200000  0.200000
  0.200000  0.200000  0.200000  0.200000  0.200000  0.200000  0.200000  0.200000
  0.200000  0.200000  0.200000  0.200000  0.200000  0.200000  0.200000
  1.000000
  0.093186  0.093733  0.094160  0.094491  0.094749  0.094950  0.095106  0.095228
  0.095323  0.095396  0.095470  0.095552  0.095643  0.095746  0.095862  0.095993
  0.096140  0.096305  0.096488  0.096694  0.096925  0.097184  0.097478  0.097824
  0.098222  0.098662  0.099112  0.099559  0.100000  0.100444  0.100889  0.101329
  0.101750  0.102145  0.102512  0.102855  0.103174  0.103468  0.103738  0.103983
  0.104204  0.104425  0.104691  0.105011  0.105396  0.105858  0.106414
  1.000000
  0.006283  0.005613  0.005091  0.004685  0.004369  0.004123  0.003932  0.003783
  0.003667  0.003577  0.003639  0.003604  0.003542  0.003453  0.003349  0.003230
  0.003094  0.002942  0.002771  0.002580  0.002366  0.002126  0.001855  0.001538
  0.001178  0.000784  0.000388  0.000000 -0.000376 -0.000749 -0.001116 -0.001473
 -0.001807 -0.002117 -0.002399 -0.002659 -0.002896 -0.003112 -0.003308 -0.003483
 -0.003688 -0.003806 -0.003947 -0.004117 -0.004321 -0.004567 -0.004863
  1.000000
  0.000000  0.000000  0.000000  0.000000  0.000000  0.000000  0.000000  0.000000
  0.000000  0.000000  0.000293  0.000392  0.000472  0.000536  0.000600  0.000663
  0.000726  0.000788  0.000848  0.000907  0.000964  0.001016  0.001063  0.001104
  0.001134  0.001148  0.001143  0.001122  0.001085  0.001033  0.000968  0.000890
  0.000805  0.000716  0.000625  0.000533  0.000442  0.000354  0.000269  0.000189
 -0.000000 -0.000000  0.000000  0.000000  0.000000  0.000000  0.000000
  1.000000
  0.216016  0.216005  0.215997  0.215989  0.215983  0.215979  0.215975  0.215973
  0.215971  0.215969  0.215966  0.215961  0.215957  0.215951  0.215944  0.215937
  0.215927  0.215916  0.215903  0.215888  0.215869  0.215848  0.215822  0.215789
  0.215751  0.215706  0.215659  0.215611  0.215564  0.215517  0.215471  0.215427
  0.215386  0.215350  0.215319  0.215292  0.215270  0.215251  0.215235  0.215223
  0.215213  0.215207  0.215201  0.215193  0.215185  0.215176  0.215164
  BLADE ROW NUMBER =       10                                           
   50   10   41  175    0    0    1    1    1    1    0    0    0    0    0    0
       0.0  554825.9  554825.9  607179.1  607179.1   0.00000       0.0
  1.000000
  0.104190  0.104736  0.105162  0.105493  0.105750  0.105951  0.106107  0.106229
  0.106323  0.106397  0.106471  0.106552  0.106644  0.106747  0.106863  0.106994
  0.107141  0.107305  0.107489  0.107695  0.107926  0.108185  0.108479  0.108826
  0.109224  0.109664  0.110114  0.110562  0.111003  0.111447  0.111892  0.112333
  0.112753  0.113149  0.113516  0.113859  0.114177  0.114471  0.114740  0.114985
  0.115206  0.115427  0.115690  0.116003  0.116376  0.116820  0.117349  0.117979
  0.118728  0.119621
  1.000000
 -0.007221 -0.006580 -0.006081 -0.005692 -0.005389 -0.005154 -0.004971 -0.004828
 -0.004717 -0.004630 -0.004449 -0.004336 -0.004214 -0.004079 -0.003929 -0.003763
 -0.003581 -0.003382 -0.003165 -0.002929 -0.002673 -0.002396 -0.002094 -0.001755
 -0.001386 -0.001004 -0.000640 -0.000305  0.000000  0.000283  0.000541  0.000773
  0.000973  0.001141  0.001281  0.001397  0.001492  0.001570  0.001632  0.001681
  0.001657  0.001740  0.001839  0.001957  0.002097  0.002264  0.002463  0.002699
  0.002981  0.003316
  1.000000
  0.000000  0.000000  0.000000  0.000000  0.000000  0.000000  0.000000  0.000000
  0.000000  0.000000  0.000203  0.000268  0.000312  0.000351  0.000393  0.000440
  0.000490  0.000544  0.000602  0.000662  0.000725  0.000790  0.000856  0.000922
  0.000985  0.001037  0.001071  0.001085  0.001080  0.001057  0.001015  0.000955
  0.000880  0.000794  0.000701  0.000603  0.000502  0.000400  0.000299  0.000201
 -0.000000 -0.000000  0.000000  0.000000  0.000000  0.000000  0.000000  0.000000
  0.000000  0.000000
  1.000000
  0.184786  0.184800  0.184810  0.184817  0.184822  0.184826  0.184829  0.184832
  0.184834  0.184835  0.184837  0.184840  0.184844  0.184847  0.184852  0.184858
  0.184864  0.184872  0.184881  0.184893  0.184906  0.184921  0.184940  0.184964
  0.184993  0.185026  0.185062  0.185098  0.185135  0.185172  0.185210  0.185246
  0.185281  0.185312  0.185341  0.185366  0.185389  0.185409  0.185426  0.185441
  0.185454  0.185459  0.185465  0.185472  0.185479  0.185485  0.185491  0.185496
  0.185499  0.185498
  1.000000
  0.104195  0.104740  0.105165  0.105495  0.105752  0.105953  0.106108  0.106230
  0.106324  0.106397  0.106471  0.106553  0.106644  0.106747  0.106863  0.106993
  0.107140  0.107305  0.107488  0.107694  0.107924  0.108184  0.108478  0.108824
  0.109222  0.109663  0.110113  0.110561  0.111002  0.111446  0.111892  0.112333
  0.112754  0.113149  0.113517  0.113859  0.114178  0.114472  0.114741  0.114986
  0.115206  0.115427  0.115689  0.116002  0.116374  0.116817  0.117345  0.117973
  0.118721  0.119611
  1.000000
 -0.006689 -0.006097 -0.005636 -0.005278 -0.004999 -0.004782 -0.004613 -0.004481
 -0.004379 -0.004299 -0.004127 -0.004022 -0.003909 -0.003783 -0.003643 -0.003489
 -0.003319 -0.003134 -0.002933 -0.002714 -0.002477 -0.002219 -0.001939 -0.001624
 -0.001282 -0.000928 -0.000591 -0.000281  0.000000  0.000260  0.000498  0.000711
  0.000893  0.001046  0.001173  0.001277  0.001363  0.001432  0.001487  0.001530
  0.001502  0.001579  0.001671  0.001780  0.001909  0.002064  0.002248  0.002467
  0.002727  0.003038
  1.000000
  0.000000  0.000000  0.000000  0.000000  0.000000  0.000000  0.000000  0.000000
  0.000000  0.000000  0.000198  0.000261  0.000303  0.000341  0.000383  0.000428
  0.000477  0.000530  0.000586  0.000644  0.000706  0.000769  0.000832  0.000897
  0.000958  0.001009  0.001041  0.001056  0.001051  0.001029  0.000988  0.000929
  0.000856  0.000773  0.000682  0.000587  0.000488  0.000389  0.000291  0.000196
 -0.000000 -0.000000  0.000000  0.000000  0.000000  0.000000  0.000000  0.000000
  0.000000  0.000000
  1.000000
  0.200000  0.200000  0.200000  0.200000  0.200000  0.200000  0.200000  0.200000
  0.200000  0.200000  0.200000  0.200000  0.200000  0.200000  0.200000  0.200000
  0.200000  0.200000  0.200000  0.200000  0.200000  0.200000  0.200000  0.200000
  0.200000  0.200000  0.200000  0.200000  0.200000  0.200000  0.200000  0.200000
  0.200000  0.200000  0.200000  0.200000  0.200000  0.200000  0.200000  0.200000
  0.200000  0.200000  0.200000  0.200000  0.200000  0.200000  0.200000  0.200000
  0.200000  0.200000
  1.000000
  0.104190  0.104736  0.105162  0.105493  0.105751  0.105951  0.106107  0.106229
  0.106323  0.106397  0.106471  0.106553  0.106644  0.106747  0.106863  0.106994
  0.107141  0.107305  0.107489  0.107695  0.107926  0.108185  0.108479  0.108826
  0.109224  0.109665  0.110114  0.110562  0.111003  0.111447  0.111892  0.112333
  0.112753  0.113149  0.113516  0.113859  0.114177  0.114471  0.114741  0.114986
  0.115206  0.115427  0.115690  0.116003  0.116376  0.116820  0.117349  0.117979
  0.118728  0.119621
  1.000000
 -0.006262 -0.005710 -0.005281 -0.004947 -0.004687 -0.004484 -0.004327 -0.004204
 -0.004108 -0.004034 -0.003869 -0.003771 -0.003664 -0.003545 -0.003414 -0.003270
 -0.003110 -0.002936 -0.002747 -0.002542 -0.002319 -0.002077 -0.001814 -0.001519
 -0.001198 -0.000866 -0.000552 -0.000262  0.000000  0.000242  0.000463  0.000660
  0.000828  0.000969  0.001085  0.001180  0.001258  0.001320  0.001369  0.001407
  0.001376  0.001447  0.001533  0.001635  0.001756  0.001900  0.002072  0.002277
  0.002521  0.002811
  1.000000
  0.000000  0.000000  0.000000  0.000000  0.000000  0.000000  0.000000  0.000000
  0.000000  0.000000  0.000195  0.000257  0.000298  0.000335  0.000376  0.000420
  0.000469  0.000520  0.000575  0.000633  0.000693  0.000755  0.000817  0.000881
  0.000941  0.000990  0.001022  0.001036  0.001032  0.001010  0.000970  0.000912
  0.000841  0.000759  0.000670  0.000576  0.000479  0.000382  0.000285  0.000192
 -0.000000 -0.000000  0.000000  0.000000  0.000000  0.000000  0.000000  0.000000
  0.000000  0.000000
  1.000000
  0.215214  0.215200  0.215190  0.215183  0.215178  0.215174  0.215171  0.215168
  0.215166  0.215165  0.215163  0.215160  0.215156  0.215153  0.215148  0.215142
  0.215136  0.215128  0.215119  0.215108  0.215094  0.215079  0.215060  0.215036
  0.215007  0.214974  0.214938  0.214902  0.214865  0.214828  0.214790  0.214754
  0.214719  0.214688  0.214659  0.214634  0.214611  0.214591  0.214574  0.214559
  0.214546  0.214541  0.214535  0.214528  0.214521  0.214515  0.214509  0.214504
  0.214501  0.214502
   1005.03   1.40000   0.40000   0.00500   0.00500   2.00000
 10.000000**********  0.400000  0.200000  0.100000  0.000000  0.001000  0.500000
  213313.3  213313.3  607179.1  607179.1
  250000.0  250000.0  250000.0  250000.0  250000.0  250000.0  250000.0  250000.0
  250000.0  250000.0  250000.0  250000.0  250000.0  250000.0  250000.0  250000.0
  250000.0  250000.0  250000.0  250000.0  250000.0  250000.0  250000.0  250000.0
  250000.0  250000.0  250000.0  250000.0  250000.0  250000.0  250000.0  250000.0
  250000.0  250000.0  250000.0  250000.0  250000.0
     400.0     400.0     400.0     400.0     400.0     400.0     400.0     400.0
     400.0     400.0     400.0     400.0     400.0     400.0     400.0     400.0
     400.0     400.0     400.0     400.0     400.0     400.0     400.0     400.0
     400.0     400.0     400.0     400.0     400.0     400.0     400.0     400.0
     400.0     400.0     400.0     400.0     400.0
  0.000000  0.000000  0.000000  0.000000  0.000000  0.000000  0.000000  0.000000
  0.000000  0.000000  0.000000  0.000000  0.000000  0.000000  0.000000  0.000000
  0.000000  0.000000  0.000000  0.000000  0.000000  0.000000  0.000000  0.000000
  0.000000  0.000000  0.000000  0.000000  0.000000  0.000000  0.000000  0.000000
  0.000000  0.000000  0.000000  0.000000  0.000000
176.884094176.884094176.884094176.884094176.884094176.884094176.884094176.884094
176.884094176.884094176.884109176.884094176.884094176.884094176.884094176.884094
176.884094176.884094176.884094176.884094176.884094176.884094176.884094176.884094
176.884094176.884094176.884094176.884094176.884094176.884094176.884094176.884094
176.884094176.884094176.884094176.884094176.884094
 20.457861 20.457861 20.457863 20.457863 20.457861 20.457861 20.457859 20.457863
 20.457861 20.457861 20.457863 20.457863 20.457861 20.457861 20.457861 20.457861
 20.457861 20.457861 20.457861 20.457861 20.457861 20.457861 20.457861 20.457861
 20.457861 20.457861 20.457861 20.457861 20.457861 20.457861 20.457861 20.457861
 20.457861 20.457861 20.457861 20.457861 20.457861
 -1.305986 -1.298164 -1.288386 -1.276163 -1.260884 -1.241786 -1.217913 -1.188072
 -1.150771 -1.104144 -1.045861 -0.973007 -0.881939 -0.768105 -0.625812 -0.469359
 -0.312906 -0.156453  0.000000  0.156453  0.312906  0.469359  0.625812  0.768105
  0.881939  0.973007  1.045861  1.104144  1.150771  1.188072  1.217913  1.241786
  1.260884  1.276163  1.288386  1.298164  1.305986
  1.000000  1.250000  1.562500  1.953125  2.441406  3.051758  3.814697  4.768372
  5.960464  7.450581  9.313226 11.641532 14.551915 18.189894 20.000000 20.000000
 20.000000 20.000000 20.000000 20.000000 20.000000 20.000000 18.189894 14.551915
 11.641532  9.313226  7.450581  5.960464  4.768372  3.814697  3.051758  2.441406
  1.953125  1.562500  1.250000  1.000000
  1.000000  1.250000  1.562500  1.953125  2.441406  3.051758  3.814697  4.768372
  5.960464  7.450581  9.313226 11.641532 14.551915 18.189894 20.000000 20.000000
 20.000000 20.000000 20.000000 20.000000 20.000000 20.000000 18.189894 14.551915
 11.641532  9.313226  7.450581  5.960464  4.768372  3.814697  3.051758  2.441406
  1.953125  1.562500  1.250000  1.000000
 9000 9000 9000 9000 9000
 0 0 0 0 0 0 0 0 0 0 0 0 0 0 0 0 0 0 0 0
 0 0 0 0 0 0 0 0 0 0 0 0 0 0 0 0 0 0 0 0 0 0 0 0 0 0 0 0 0 0 0 0 0 0 0 0 0
  800000.0     0.500     0.000     0.800    3000.0     1.000     0.000
  0.025000  0.800000  1.000000  0.800000
  0.050000  0.050000  0.050000  0.050000  0.050000  0.030000
  0.050000  0.050000  0.050000  0.050000  0.050000  0.030000
  0.050000  0.050000  0.050000  0.050000  0.050000  0.030000
  0.050000  0.050000  0.050000  0.050000  0.050000  0.030000
  0.050000  0.050000  0.050000  0.050000  0.050000  0.030000
  0.050000  0.050000  0.050000  0.050000  0.050000  0.030000
  0.050000  0.050000  0.050000  0.050000  0.050000  0.030000
  0.050000  0.050000  0.050000  0.050000  0.050000  0.030000
  0.050000  0.050000  0.050000  0.050000  0.050000  0.030000
  0.050000  0.050000  0.050000  0.050000  0.050000  0.030000
   2.00000 1000
   1   1   2   2   3   3   4   4   5   5
  7.500000 25.000000
