 DATA SET FOR "multall" . GENERATED BY "stagen" .                       
    CP   and   GAMMA 
 1005.0250    1.4000
       ITIMST 
         3
     CFL,    DAMP,    MACHLIM,    F_PDOWN 
  0.400000 10.000000  2.000000  0.000000
  IF_RESTART 
         0
  NSTEPS_MAX, CONLIM 
      9000  0.001000
   SFX,      SFT,      FAC_4TH,     NCHANGE 
  0.005000  0.005000  0.800000      1000
       NUMBER OF BLADE ROWS 
        10
        IM        KM 
        37        37
  FP(I),I=1,IMM1 
  1.000000  1.250000  1.562500  1.953125  2.441406  3.051758  3.814697  4.768372
  5.960464  7.450581  9.313226 11.641532 14.551915 18.189894 20.000000 20.000000
 20.000000 20.000000 20.000000 20.000000 20.000000 20.000000 18.189894 14.551915
 11.641532  9.313226  7.450581  5.960464  4.768372  3.814697  3.051758  2.441406
  1.953125  1.562500  1.250000  1.000000
  FR(K),K=1,KMM1 
  1.000000  1.250000  1.562500  1.953125  2.441406  3.051758  3.814697  4.768372
  5.960464  7.450581  9.313226 11.641532 14.551915 18.189894 20.000000 20.000000
 20.000000 20.000000 20.000000 20.000000 20.000000 20.000000 18.189894 14.551915
 11.641532  9.313226  7.450581  5.960464  4.768372  3.814697  3.051758  2.441406
  1.953125  1.562500  1.250000  1.000000
        IR        JR        KR        IRBB      JRBB      KRBB 
         3         3         3         9         9         9
   FBLK1,     FBLK2,     FBLK3  
  0.400000  0.200000  0.100000
       IFMIX 
         1
   RFMIX,    FEXTRAP,   FSMTHB,    FANGLE 
  0.025000  0.800000  1.000000  0.800000
      IFCOOL    IFBLEED    IF_ROUGH 
         0         0         0
       NSECS_IN 
         3
       IN_PRESS  IN_VTAN   IN_VR    IN_FLOW  IF_REPEAT  RFIN 
         0         0         1         0         0   0.50000
  IPOUT  SFEXIT  NSFEXIT 
    1  0.000000    0
  PLATE_LOSS  THROTTLE_EXIT 
  0.000000  0.000000
        ILOS      NLOS      IBOUND 
        10         5         0
   REYNO,     RF_VIS,   FTRANS, TURBVIS_LIM, PRANDTL, YPLUSWALL
  800000.0     0.500     0.000  3000.000       1.0     0.000
   YPLAM      YPTURB 
  5.000000 25.000000
      ISHIFT    NEXTRAP_LE  NEXTRAP_TE 
         2        10        10
  (NSTG(N),N=1,NROWS) 
         1         1         2         2         3         3         4         4
         5         5
  5  TIME STEPS FOR PRINTOUT 
      9000      9000      9000      9000      9000
  MARKER FOR VARIABLES TO BE SENT TO THE OUTPUT FILE.
 0 0 0 0 0 0 0 0 0 0 0 0 0 0 0 0 0 0 0 0
  STREAM SURFACES ON WHICH RESULTS ARE TO BE SENT TO   THE OUTPUT FILE 
 0 0 0 0 0 0 0 0 0 0 0 0 0 0 0 0 0 0 0 0 0 0 0 0 0 0 0 0 0 0 0 0 0 0 0 0 0
 ***************************************************************
 ************STARTING THE INPUT FOR EACH BLADE ROW**************
  BLADE ROW NUMBER =        1                                           
    NUMBER OF BLADES IN ROW 
       140
        JM        JLE       JTE 
        49        12        43
      KTIPSTART  KTIPEND 
         0         0
       BOUNDARY LAYER TRANSITION POINTS 
         0         0         0         0
  SET NEWGRID= 1 TO GENERATE A NEW GRID WITH DIFFERENT "J" POINTS AND SPACINGS.
         0
   RPMROW,    RPMHUB 
   15000.0   15000.0
       JROTHS    JROTHE    JROTTS    JROTTE 
         1         1         1         1
   PUPROW    PLEROW   PTEROW    PDROW 
  202363.5  202363.5  253650.3  253650.3
      NSECS_ROW   INSURF  
         3         0
  IF_CUSP_OUT   IFANGLES 
         1         0
         0         3         0
 ***************************************************************
  ROW NUMBER           1  SECTION NUMBER            1
           0           0           0  IF_DESIGN etc 
   1.00000   0.00000    0
 -0.005325 -0.004014 -0.003015 -0.002254 -0.001674 -0.001232 -0.000895 -0.000639
 -0.000443 -0.000294 -0.000180 -0.000093 -0.000008  0.000087  0.000192  0.000311
  0.000445  0.000596  0.000765  0.000954  0.001165  0.001402  0.001666  0.001963
  0.002300  0.002696  0.003150  0.003653  0.004166  0.004677  0.005180  0.005688
  0.006197  0.006702  0.007186  0.007642  0.008066  0.008463  0.008833  0.009176
  0.009491  0.009778  0.010037  0.010298  0.010612  0.010990  0.011444  0.011991
  0.012648
  1.000000  0.000000
  0.010891  0.009211  0.007929  0.006952  0.006206  0.005638  0.005204  0.004873
  0.004620  0.004428  0.004281  0.004169  0.004231  0.004183  0.004100  0.003988
  0.003859  0.003712  0.003546  0.003360  0.003154  0.002925  0.002671  0.002389
  0.002074  0.001710  0.001300  0.000859  0.000422  0.000000 -0.000403 -0.000796
 -0.001178 -0.001542 -0.001878 -0.002184 -0.002458 -0.002707 -0.002931 -0.003131
 -0.003310 -0.003469 -0.003662 -0.003757 -0.003870 -0.004006 -0.004169 -0.004366
 -0.004603
  1.000000
  0.000000  0.000000  0.000000  0.000000  0.000000  0.000000  0.000000  0.000000
  0.000000  0.000000  0.000000  0.000000  0.000336  0.000450  0.000540  0.000613
  0.000686  0.000758  0.000830  0.000901  0.000970  0.001037  0.001102  0.001162
  0.001216  0.001263  0.001297  0.001313  0.001308  0.001283  0.001240  0.001181
  0.001106  0.001018  0.000921  0.000818  0.000714  0.000610  0.000506  0.000405
  0.000308  0.000216 -0.000000 -0.000000  0.000000  0.000000  0.000000  0.000000
  0.000000
  1.000000  0.000000
  0.226101  0.226131  0.226174  0.226218  0.226260  0.226296  0.226327  0.226352
  0.226372  0.226388  0.226400  0.226410  0.226429  0.226450  0.226474  0.226501
  0.226533  0.226570  0.226612  0.226660  0.226716  0.226779  0.226852  0.226937
  0.227035  0.227154  0.227293  0.227449  0.227611  0.227771  0.227928  0.228084
  0.228236  0.228381  0.228514  0.228632  0.228735  0.228825  0.228902  0.228968
  0.229023  0.229068  0.229104  0.229130  0.229160  0.229194  0.229232  0.229273
  0.229327
 ***************************************************************
  ROW NUMBER           1  SECTION NUMBER            2
           0           0           0  IF_DESIGN etc 
   1.00000   0.00000    0
 -0.005165 -0.003899 -0.002934 -0.002197 -0.001635 -0.001207 -0.000880 -0.000630
 -0.000440 -0.000295 -0.000184 -0.000100 -0.000015  0.000079  0.000184  0.000302
  0.000436  0.000586  0.000755  0.000944  0.001155  0.001391  0.001656  0.001955
  0.002293  0.002691  0.003149  0.003656  0.004173  0.004689  0.005195  0.005707
  0.006219  0.006726  0.007210  0.007665  0.008087  0.008481  0.008848  0.009186
  0.009495  0.009777  0.010030  0.010284  0.010589  0.010955  0.011396  0.011926
  0.012563
  1.000000  0.000000
  0.013290  0.011307  0.009794  0.008640  0.007759  0.007087  0.006575  0.006184
  0.005885  0.005658  0.005484  0.005352  0.005413  0.005351  0.005252  0.005116
  0.004958  0.004777  0.004573  0.004345  0.004089  0.003803  0.003484  0.003127
  0.002726  0.002258  0.001727  0.001148  0.000568  0.000000 -0.000548 -0.001091
 -0.001624 -0.002141 -0.002625 -0.003070 -0.003477 -0.003850 -0.004191 -0.004500
 -0.004780 -0.005030 -0.005308 -0.005481 -0.005688 -0.005938 -0.006238 -0.006599
 -0.007033
  1.000000
  0.000000  0.000000  0.000000  0.000000  0.000000  0.000000  0.000000  0.000000
  0.000000  0.000000  0.000000  0.000000  0.000376  0.000503  0.000607  0.000690
  0.000771  0.000853  0.000933  0.001013  0.001091  0.001167  0.001239  0.001307
  0.001368  0.001421  0.001459  0.001477  0.001470  0.001442  0.001395  0.001328
  0.001244  0.001145  0.001035  0.000920  0.000803  0.000685  0.000569  0.000455
  0.000346  0.000243 -0.000000 -0.000000  0.000000  0.000000  0.000000  0.000000
  0.000000
  1.000000  0.000000
  0.250000  0.250000  0.250000  0.250000  0.250000  0.250000  0.250000  0.250000
  0.250000  0.250000  0.250000  0.250000  0.250000  0.250000  0.250000  0.250000
  0.250000  0.250000  0.250000  0.250000  0.250000  0.250000  0.250000  0.250000
  0.250000  0.250000  0.250000  0.250000  0.250000  0.250000  0.250000  0.250000
  0.250000  0.250000  0.250000  0.250000  0.250000  0.250000  0.250000  0.250000
  0.250000  0.250000  0.250000  0.250000  0.250000  0.250000  0.250000  0.250000
  0.250000
 ***************************************************************
  ROW NUMBER           1  SECTION NUMBER            3
           0           0           0  IF_DESIGN etc 
   1.00000   0.00000    0
 -0.005324 -0.004013 -0.003014 -0.002253 -0.001673 -0.001231 -0.000894 -0.000638
 -0.000442 -0.000293 -0.000179 -0.000092 -0.000007  0.000088  0.000193  0.000312
  0.000446  0.000597  0.000766  0.000955  0.001166  0.001403  0.001667  0.001964
  0.002301  0.002697  0.003151  0.003654  0.004167  0.004678  0.005181  0.005689
  0.006198  0.006703  0.007187  0.007643  0.008067  0.008464  0.008834  0.009177
  0.009492  0.009779  0.010038  0.010299  0.010613  0.010991  0.011445  0.011992
  0.012649
  1.000000  0.000000
  0.016472  0.014064  0.012225  0.010823  0.009752  0.008936  0.008313  0.007838
  0.007475  0.007199  0.006988  0.006827  0.006895  0.006817  0.006696  0.006529
  0.006333  0.006109  0.005856  0.005570  0.005250  0.004891  0.004489  0.004037
  0.003527  0.002929  0.002247  0.001499  0.000744  0.000000 -0.000723 -0.001443
 -0.002155 -0.002850 -0.003506 -0.004114 -0.004672 -0.005188 -0.005661 -0.006094
 -0.006487 -0.006841 -0.007215 -0.007472 -0.007781 -0.008153 -0.008600 -0.009138
 -0.009785
  1.000000
  0.000000  0.000000  0.000000  0.000000  0.000000  0.000000  0.000000  0.000000
  0.000000  0.000000  0.000000  0.000000  0.000445  0.000597  0.000722  0.000823
  0.000920  0.001017  0.001113  0.001208  0.001301  0.001391  0.001477  0.001558
  0.001630  0.001693  0.001739  0.001760  0.001753  0.001720  0.001663  0.001584
  0.001483  0.001364  0.001234  0.001097  0.000957  0.000816  0.000677  0.000542
  0.000412  0.000289 -0.000000 -0.000000  0.000000  0.000000  0.000000  0.000000
  0.000000
  1.000000  0.000000
  0.273899  0.273869  0.273826  0.273782  0.273740  0.273704  0.273673  0.273648
  0.273628  0.273612  0.273600  0.273590  0.273571  0.273550  0.273526  0.273498
  0.273467  0.273430  0.273388  0.273340  0.273284  0.273221  0.273147  0.273063
  0.272964  0.272846  0.272707  0.272550  0.272389  0.272228  0.272072  0.271916
  0.271764  0.271619  0.271486  0.271368  0.271265  0.271175  0.271098  0.271032
  0.270977  0.270932  0.270896  0.270870  0.270840  0.270806  0.270768  0.270727
  0.270673
 ***************************************************************
 ************STARTING THE INPUT FOR EACH BLADE ROW**************
  BLADE ROW NUMBER =        2                                           
    NUMBER OF BLADES IN ROW 
       128
        JM        JLE       JTE 
        47        10        41
      KTIPSTART  KTIPEND 
         0         0
       BOUNDARY LAYER TRANSITION POINTS 
         0         0         0         0
  SET NEWGRID= 1 TO GENERATE A NEW GRID WITH DIFFERENT "J" POINTS AND SPACINGS.
         0
   RPMROW,    RPMHUB 
       0.0       0.0
       JROTHS    JROTHE    JROTTS    JROTTE 
         1         1         1         1
   PUPROW    PLEROW   PTEROW    PDROW 
  253650.3  253650.3  312795.7  312795.7
      NSECS_ROW   INSURF  
         3         0
  IF_CUSP_OUT   IFANGLES 
         1         0
         0         3         0
 ***************************************************************
  ROW NUMBER           2  SECTION NUMBER            1
           0           0           0  IF_DESIGN etc 
   1.00000   0.00000    0
  0.009664  0.010357  0.010899  0.011321  0.011650  0.011907  0.012106  0.012261
  0.012382  0.012476  0.012570  0.012674  0.012790  0.012921  0.013068  0.013233
  0.013420  0.013628  0.013860  0.014119  0.014410  0.014736  0.015106  0.015541
  0.016039  0.016590  0.017152  0.017710  0.018259  0.018813  0.019367  0.019915
  0.020439  0.020931  0.021389  0.021816  0.022214  0.022581  0.022918  0.023225
  0.023501  0.023777  0.024109  0.024510  0.024995  0.025582  0.026292
  1.000000  0.000000
 -0.013682 -0.012491 -0.011563 -0.010840 -0.010277 -0.009839 -0.009497 -0.009232
 -0.009025 -0.008864 -0.008554 -0.008350 -0.008126 -0.007878 -0.007603 -0.007297
 -0.006960 -0.006591 -0.006187 -0.005746 -0.005265 -0.004740 -0.004165 -0.003512
 -0.002795 -0.002042 -0.001315 -0.000633  0.000000  0.000599  0.001161  0.001679
  0.002140  0.002542  0.002891  0.003193  0.003455  0.003680  0.003873  0.004036
  0.004070  0.004279  0.004531  0.004833  0.005196  0.005631  0.006154
  1.000000
  0.000000  0.000000  0.000000  0.000000  0.000000  0.000000  0.000000  0.000000
  0.000000  0.000000  0.000317  0.000421  0.000493  0.000555  0.000623  0.000697
  0.000777  0.000863  0.000954  0.001050  0.001149  0.001252  0.001356  0.001462
  0.001561  0.001644  0.001697  0.001720  0.001713  0.001676  0.001609  0.001514
  0.001395  0.001259  0.001112  0.000956  0.000795  0.000633  0.000473  0.000318
 -0.000000 -0.000000  0.000000  0.000000  0.000000  0.000000  0.000000
  1.000000  0.000000
  0.229050  0.229136  0.229186  0.229222  0.229248  0.229267  0.229282  0.229293
  0.229301  0.229308  0.229318  0.229329  0.229343  0.229359  0.229377  0.229400
  0.229426  0.229457  0.229493  0.229536  0.229587  0.229647  0.229720  0.229810
  0.229920  0.230047  0.230183  0.230324  0.230466  0.230611  0.230758  0.230905
  0.231044  0.231174  0.231292  0.231401  0.231501  0.231590  0.231670  0.231740
  0.231802  0.231871  0.231947  0.232028  0.232108  0.232161  0.232188
 ***************************************************************
  ROW NUMBER           2  SECTION NUMBER            2
           0           0           0  IF_DESIGN etc 
   1.00000   0.00000    0
  0.009726  0.010409  0.010940  0.011353  0.011675  0.011926  0.012121  0.012273
  0.012391  0.012483  0.012575  0.012677  0.012791  0.012920  0.013065  0.013229
  0.013412  0.013618  0.013848  0.014105  0.014394  0.014718  0.015086  0.015520
  0.016018  0.016570  0.017133  0.017694  0.018245  0.018802  0.019359  0.019911
  0.020438  0.020933  0.021393  0.021822  0.022220  0.022588  0.022925  0.023232
  0.023508  0.023784  0.024115  0.024514  0.024994  0.025570  0.026264
  1.000000  0.000000
 -0.012308 -0.011238 -0.010405 -0.009757 -0.009253 -0.008860 -0.008555 -0.008317
 -0.008132 -0.007987 -0.007704 -0.007520 -0.007319 -0.007095 -0.006847 -0.006572
 -0.006268 -0.005935 -0.005571 -0.005174 -0.004740 -0.004266 -0.003748 -0.003160
 -0.002514 -0.001836 -0.001182 -0.000568  0.000000  0.000537  0.001041  0.001505
  0.001917  0.002277  0.002587  0.002856  0.003088  0.003288  0.003458  0.003603
  0.003627  0.003815  0.004041  0.004312  0.004639  0.005032  0.005504
  1.000000
  0.000000  0.000000  0.000000  0.000000  0.000000  0.000000  0.000000  0.000000
  0.000000  0.000000  0.000295  0.000393  0.000460  0.000518  0.000581  0.000650
  0.000724  0.000804  0.000889  0.000978  0.001071  0.001167  0.001264  0.001363
  0.001455  0.001532  0.001582  0.001603  0.001597  0.001562  0.001500  0.001411
  0.001300  0.001174  0.001036  0.000891  0.000741  0.000590  0.000441  0.000296
 -0.000000 -0.000000  0.000000  0.000000  0.000000  0.000000  0.000000
  1.000000  0.000000
  0.250000  0.250000  0.250000  0.250000  0.250000  0.250000  0.250000  0.250000
  0.250000  0.250000  0.250000  0.250000  0.250000  0.250000  0.250000  0.250000
  0.250000  0.250000  0.250000  0.250000  0.250000  0.250000  0.250000  0.250000
  0.250000  0.250000  0.250000  0.250000  0.250000  0.250000  0.250000  0.250000
  0.250000  0.250000  0.250000  0.250000  0.250000  0.250000  0.250000  0.250000
  0.250000  0.250000  0.250000  0.250000  0.250000  0.250000  0.250000
 ***************************************************************
  ROW NUMBER           2  SECTION NUMBER            3
           0           0           0  IF_DESIGN etc 
   1.00000   0.00000    0
  0.009663  0.010357  0.010899  0.011321  0.011650  0.011907  0.012106  0.012261
  0.012382  0.012476  0.012570  0.012673  0.012790  0.012921  0.013068  0.013233
  0.013420  0.013627  0.013860  0.014119  0.014410  0.014736  0.015106  0.015541
  0.016039  0.016590  0.017152  0.017710  0.018259  0.018813  0.019367  0.019915
  0.020439  0.020931  0.021389  0.021816  0.022214  0.022581  0.022918  0.023225
  0.023501  0.023777  0.024109  0.024510  0.024995  0.025582  0.026292
  1.000000  0.000000
 -0.011714 -0.010698 -0.009908 -0.009293 -0.008815 -0.008443 -0.008153 -0.007927
 -0.007752 -0.007615 -0.007342 -0.007166 -0.006974 -0.006761 -0.006524 -0.006262
 -0.005972 -0.005654 -0.005307 -0.004928 -0.004514 -0.004063 -0.003568 -0.003008
 -0.002392 -0.001746 -0.001124 -0.000540  0.000000  0.000510  0.000987  0.001427
  0.001816  0.002156  0.002448  0.002701  0.002919  0.003106  0.003266  0.003401
  0.003417  0.003596  0.003811  0.004069  0.004380  0.004755  0.005205
  1.000000
  0.000000  0.000000  0.000000  0.000000  0.000000  0.000000  0.000000  0.000000
  0.000000  0.000000  0.000292  0.000388  0.000453  0.000511  0.000573  0.000641
  0.000714  0.000793  0.000877  0.000965  0.001057  0.001151  0.001247  0.001344
  0.001435  0.001511  0.001560  0.001581  0.001575  0.001541  0.001479  0.001391
  0.001283  0.001157  0.001022  0.000878  0.000731  0.000582  0.000435  0.000292
 -0.000000 -0.000000  0.000000  0.000000  0.000000  0.000000  0.000000
  1.000000  0.000000
  0.270950  0.270864  0.270814  0.270778  0.270752  0.270733  0.270718  0.270707
  0.270699  0.270692  0.270682  0.270671  0.270657  0.270641  0.270623  0.270600
  0.270574  0.270543  0.270507  0.270464  0.270413  0.270353  0.270280  0.270190
  0.270080  0.269953  0.269817  0.269676  0.269535  0.269389  0.269242  0.269095
  0.268956  0.268826  0.268708  0.268599  0.268499  0.268410  0.268330  0.268260
  0.268198  0.268129  0.268053  0.267972  0.267892  0.267839  0.267812
 ***************************************************************
 ************STARTING THE INPUT FOR EACH BLADE ROW**************
  BLADE ROW NUMBER =        3                                           
    NUMBER OF BLADES IN ROW 
       128
        JM        JLE       JTE 
        47        10        41
      KTIPSTART  KTIPEND 
         0         0
       BOUNDARY LAYER TRANSITION POINTS 
         0         0         0         0
  SET NEWGRID= 1 TO GENERATE A NEW GRID WITH DIFFERENT "J" POINTS AND SPACINGS.
         0
   RPMROW,    RPMHUB 
   15000.0   15000.0
       JROTHS    JROTHE    JROTTS    JROTTE 
         1         1         1         1
   PUPROW    PLEROW   PTEROW    PDROW 
  312795.7  312795.7  381133.9  381133.9
      NSECS_ROW   INSURF  
         3         0
  IF_CUSP_OUT   IFANGLES 
         1         0
         0         3         0
 ***************************************************************
  ROW NUMBER           3  SECTION NUMBER            1
           0           0           0  IF_DESIGN etc 
   1.00000   0.00000    0
  0.025683  0.026376  0.026916  0.027336  0.027662  0.027916  0.028114  0.028268
  0.028388  0.028481  0.028574  0.028677  0.028792  0.028922  0.029068  0.029233
  0.029418  0.029624  0.029855  0.030114  0.030403  0.030728  0.031096  0.031529
  0.032027  0.032577  0.033139  0.033697  0.034247  0.034801  0.035357  0.035908
  0.036434  0.036928  0.037389  0.037819  0.038219  0.038589  0.038928  0.039237
  0.039516  0.039796  0.040132  0.040537  0.041023  0.041608  0.042312
  1.000000  0.000000
  0.008637  0.007696  0.006963  0.006393  0.005949  0.005604  0.005335  0.005126
  0.004963  0.004836  0.004902  0.004845  0.004752  0.004623  0.004475  0.004307
  0.004116  0.003904  0.003667  0.003404  0.003111  0.002785  0.002421  0.001999
  0.001523  0.001008  0.000496  0.000000 -0.000475 -0.000941 -0.001395 -0.001830
 -0.002234 -0.002602 -0.002935 -0.003237 -0.003511 -0.003757 -0.003978 -0.004175
 -0.004409 -0.004532 -0.004680 -0.004858 -0.005072 -0.005330 -0.005639
  1.000000
  0.000000  0.000000  0.000000  0.000000  0.000000  0.000000  0.000000  0.000000
  0.000000  0.000000  0.000373  0.000499  0.000599  0.000681  0.000761  0.000841
  0.000921  0.001000  0.001077  0.001152  0.001223  0.001289  0.001349  0.001402
  0.001440  0.001457  0.001451  0.001424  0.001377  0.001311  0.001228  0.001130
  0.001022  0.000908  0.000793  0.000676  0.000561  0.000449  0.000342  0.000240
 -0.000000 -0.000000  0.000000  0.000000  0.000000  0.000000  0.000000
  1.000000  0.000000
  0.232167  0.232190  0.232203  0.232223  0.232241  0.232255  0.232266  0.232276
  0.232283  0.232289  0.232298  0.232308  0.232320  0.232335  0.232352  0.232372
  0.232395  0.232423  0.232456  0.232495  0.232541  0.232596  0.232661  0.232741
  0.232838  0.232949  0.233066  0.233185  0.233302  0.233420  0.233536  0.233647
  0.233749  0.233840  0.233919  0.233988  0.234047  0.234097  0.234138  0.234171
  0.234198  0.234215  0.234235  0.234258  0.234284  0.234313  0.234349
 ***************************************************************
  ROW NUMBER           3  SECTION NUMBER            2
           0           0           0  IF_DESIGN etc 
   1.00000   0.00000    0
  0.025722  0.026405  0.026936  0.027350  0.027672  0.027923  0.028118  0.028270
  0.028388  0.028481  0.028573  0.028675  0.028789  0.028918  0.029063  0.029227
  0.029411  0.029617  0.029847  0.030105  0.030393  0.030718  0.031086  0.031520
  0.032019  0.032571  0.033135  0.033696  0.034249  0.034805  0.035363  0.035916
  0.036443  0.036938  0.037399  0.037828  0.038227  0.038595  0.038933  0.039239
  0.039516  0.039792  0.040124  0.040523  0.041003  0.041580  0.042274
  1.000000  0.000000
  0.010154  0.009083  0.008250  0.007601  0.007096  0.006703  0.006398  0.006159
  0.005974  0.005830  0.005897  0.005829  0.005721  0.005573  0.005401  0.005204
  0.004982  0.004733  0.004454  0.004142  0.003795  0.003406  0.002969  0.002459
  0.001881  0.001251  0.000618  0.000000 -0.000597 -0.001188 -0.001769 -0.002332
 -0.002859 -0.003345 -0.003788 -0.004194 -0.004565 -0.004902 -0.005207 -0.005480
 -0.005782 -0.005970 -0.006196 -0.006468 -0.006795 -0.007188 -0.007661
  1.000000
  0.000000  0.000000  0.000000  0.000000  0.000000  0.000000  0.000000  0.000000
  0.000000  0.000000  0.000409  0.000548  0.000661  0.000752  0.000840  0.000929
  0.001017  0.001104  0.001189  0.001271  0.001350  0.001424  0.001490  0.001547
  0.001589  0.001609  0.001602  0.001571  0.001519  0.001447  0.001355  0.001247
  0.001128  0.001002  0.000875  0.000746  0.000619  0.000496  0.000377  0.000264
 -0.000000 -0.000000  0.000000  0.000000  0.000000  0.000000  0.000000
  1.000000  0.000000
  0.250000  0.250000  0.250000  0.250000  0.250000  0.250000  0.250000  0.250000
  0.250000  0.250000  0.250000  0.250000  0.250000  0.250000  0.250000  0.250000
  0.250000  0.250000  0.250000  0.250000  0.250000  0.250000  0.250000  0.250000
  0.250000  0.250000  0.250000  0.250000  0.250000  0.250000  0.250000  0.250000
  0.250000  0.250000  0.250000  0.250000  0.250000  0.250000  0.250000  0.250000
  0.250000  0.250000  0.250000  0.250000  0.250000  0.250000  0.250000
 ***************************************************************
  ROW NUMBER           3  SECTION NUMBER            3
           0           0           0  IF_DESIGN etc 
   1.00000   0.00000    0
  0.025684  0.026377  0.026917  0.027337  0.027663  0.027917  0.028115  0.028269
  0.028389  0.028482  0.028575  0.028678  0.028793  0.028923  0.029069  0.029234
  0.029419  0.029625  0.029856  0.030114  0.030403  0.030729  0.031097  0.031530
  0.032028  0.032578  0.033139  0.033698  0.034248  0.034802  0.035358  0.035908
  0.036434  0.036929  0.037390  0.037820  0.038220  0.038590  0.038929  0.039238
  0.039517  0.039796  0.040133  0.040537  0.041024  0.041609  0.042312
  1.000000  0.000000
  0.011906  0.010679  0.009724  0.008980  0.008401  0.007950  0.007600  0.007327
  0.007114  0.006949  0.007021  0.006941  0.006817  0.006646  0.006445  0.006217
  0.005957  0.005666  0.005339  0.004972  0.004562  0.004101  0.003582  0.002973
  0.002280  0.001520  0.000753  0.000000 -0.000732 -0.001460 -0.002179 -0.002880
 -0.003540 -0.004152 -0.004713 -0.005231 -0.005705 -0.006139 -0.006532 -0.006886
 -0.007261 -0.007516 -0.007823 -0.008191 -0.008635 -0.009168 -0.009808
  1.000000
  0.000000  0.000000  0.000000  0.000000  0.000000  0.000000  0.000000  0.000000
  0.000000  0.000000  0.000460  0.000617  0.000746  0.000850  0.000950  0.001050
  0.001149  0.001248  0.001344  0.001437  0.001526  0.001609  0.001683  0.001749
  0.001796  0.001818  0.001811  0.001776  0.001717  0.001635  0.001532  0.001409
  0.001274  0.001133  0.000988  0.000843  0.000699  0.000560  0.000425  0.000298
 -0.000000 -0.000000  0.000000  0.000000  0.000000  0.000000  0.000000
  1.000000  0.000000
  0.267833  0.267810  0.267797  0.267776  0.267759  0.267745  0.267734  0.267724
  0.267717  0.267711  0.267702  0.267692  0.267680  0.267665  0.267648  0.267628
  0.267605  0.267577  0.267544  0.267505  0.267459  0.267404  0.267339  0.267259
  0.267162  0.267051  0.266934  0.266815  0.266697  0.266580  0.266464  0.266353
  0.266251  0.266160  0.266081  0.266012  0.265953  0.265903  0.265862  0.265829
  0.265802  0.265785  0.265765  0.265742  0.265716  0.265687  0.265651
 ***************************************************************
 ************STARTING THE INPUT FOR EACH BLADE ROW**************
  BLADE ROW NUMBER =        4                                           
    NUMBER OF BLADES IN ROW 
       129
        JM        JLE       JTE 
        47        10        41
      KTIPSTART  KTIPEND 
         0         0
       BOUNDARY LAYER TRANSITION POINTS 
         0         0         0         0
  SET NEWGRID= 1 TO GENERATE A NEW GRID WITH DIFFERENT "J" POINTS AND SPACINGS.
         0
   RPMROW,    RPMHUB 
       0.0       0.0
       JROTHS    JROTHE    JROTTS    JROTTE 
         1         1         1         1
   PUPROW    PLEROW   PTEROW    PDROW 
  381133.9  381133.9  458581.0  458581.0
      NSECS_ROW   INSURF  
         3         0
  IF_CUSP_OUT   IFANGLES 
         1         0
         0         3         0
 ***************************************************************
  ROW NUMBER           4  SECTION NUMBER            1
           0           0           0  IF_DESIGN etc 
   1.00000   0.00000    0
  0.039458  0.040146  0.040682  0.041099  0.041423  0.041676  0.041873  0.042026
  0.042145  0.042238  0.042331  0.042433  0.042549  0.042678  0.042824  0.042988
  0.043173  0.043379  0.043610  0.043868  0.044157  0.044482  0.044850  0.045284
  0.045782  0.046333  0.046895  0.047454  0.048004  0.048558  0.049114  0.049663
  0.050188  0.050681  0.051139  0.051567  0.051965  0.052332  0.052668  0.052974
  0.053250  0.053525  0.053857  0.054256  0.054736  0.055316  0.056016
  1.000000  0.000000
 -0.013214 -0.012064 -0.011168 -0.010470 -0.009927 -0.009504 -0.009175 -0.008919
 -0.008720 -0.008564 -0.008264 -0.008067 -0.007851 -0.007611 -0.007345 -0.007050
 -0.006724 -0.006367 -0.005977 -0.005551 -0.005086 -0.004579 -0.004023 -0.003392
 -0.002700 -0.001972 -0.001270 -0.000611  0.000000  0.000578  0.001120  0.001620
  0.002065  0.002453  0.002789  0.003080  0.003332  0.003549  0.003734  0.003891
  0.003923  0.004125  0.004367  0.004659  0.005010  0.005431  0.005937
  1.000000
  0.000000  0.000000  0.000000  0.000000  0.000000  0.000000  0.000000  0.000000
  0.000000  0.000000  0.000308  0.000410  0.000480  0.000541  0.000607  0.000679
  0.000757  0.000840  0.000929  0.001022  0.001120  0.001219  0.001321  0.001424
  0.001521  0.001601  0.001653  0.001675  0.001669  0.001633  0.001568  0.001474
  0.001359  0.001226  0.001083  0.000931  0.000774  0.000616  0.000461  0.000310
 -0.000000 -0.000000  0.000000  0.000000  0.000000  0.000000  0.000000
  1.000000  0.000000
  0.234193  0.234236  0.234266  0.234288  0.234304  0.234316  0.234326  0.234334
  0.234339  0.234344  0.234351  0.234358  0.234367  0.234378  0.234390  0.234405
  0.234423  0.234443  0.234467  0.234495  0.234529  0.234569  0.234617  0.234676
  0.234749  0.234833  0.234923  0.235016  0.235110  0.235207  0.235305  0.235403
  0.235496  0.235583  0.235663  0.235737  0.235804  0.235864  0.235919  0.235967
  0.236009  0.236056  0.236109  0.236166  0.236224  0.236272  0.236296
 ***************************************************************
  ROW NUMBER           4  SECTION NUMBER            2
           0           0           0  IF_DESIGN etc 
   1.00000   0.00000    0
  0.039488  0.040170  0.040700  0.041113  0.041435  0.041685  0.041880  0.042031
  0.042149  0.042241  0.042333  0.042435  0.042549  0.042678  0.042823  0.042986
  0.043170  0.043375  0.043605  0.043862  0.044150  0.044474  0.044842  0.045275
  0.045772  0.046323  0.046886  0.047446  0.047997  0.048553  0.049110  0.049661
  0.050187  0.050681  0.051141  0.051569  0.051967  0.052335  0.052671  0.052978
  0.053253  0.053529  0.053860  0.054258  0.054738  0.055314  0.056006
  1.000000  0.000000
 -0.012293 -0.011225 -0.010393 -0.009746 -0.009242 -0.008850 -0.008545 -0.008307
 -0.008122 -0.007978 -0.007695 -0.007512 -0.007310 -0.007087 -0.006839 -0.006564
 -0.006261 -0.005928 -0.005565 -0.005167 -0.004734 -0.004261 -0.003744 -0.003156
 -0.002511 -0.001834 -0.001181 -0.000568  0.000000  0.000537  0.001040  0.001503
  0.001914  0.002274  0.002584  0.002852  0.003084  0.003284  0.003454  0.003598
  0.003623  0.003810  0.004036  0.004307  0.004634  0.005026  0.005498
  1.000000
  0.000000  0.000000  0.000000  0.000000  0.000000  0.000000  0.000000  0.000000
  0.000000  0.000000  0.000295  0.000392  0.000459  0.000517  0.000580  0.000649
  0.000724  0.000803  0.000888  0.000977  0.001070  0.001166  0.001262  0.001361
  0.001454  0.001530  0.001580  0.001601  0.001595  0.001561  0.001498  0.001409
  0.001299  0.001172  0.001035  0.000890  0.000740  0.000589  0.000440  0.000296
 -0.000000 -0.000000  0.000000  0.000000  0.000000  0.000000  0.000000
  1.000000  0.000000
  0.250000  0.250000  0.250000  0.250000  0.250000  0.250000  0.250000  0.250000
  0.250000  0.250000  0.250000  0.250000  0.250000  0.250000  0.250000  0.250000
  0.250000  0.250000  0.250000  0.250000  0.250000  0.250000  0.250000  0.250000
  0.250000  0.250000  0.250000  0.250000  0.250000  0.250000  0.250000  0.250000
  0.250000  0.250000  0.250000  0.250000  0.250000  0.250000  0.250000  0.250000
  0.250000  0.250000  0.250000  0.250000  0.250000  0.250000  0.250000
 ***************************************************************
  ROW NUMBER           4  SECTION NUMBER            3
           0           0           0  IF_DESIGN etc 
   1.00000   0.00000    0
  0.039458  0.040146  0.040682  0.041099  0.041423  0.041676  0.041873  0.042026
  0.042145  0.042238  0.042331  0.042433  0.042549  0.042678  0.042824  0.042988
  0.043173  0.043379  0.043610  0.043868  0.044157  0.044482  0.044850  0.045284
  0.045782  0.046333  0.046895  0.047454  0.048004  0.048558  0.049114  0.049663
  0.050188  0.050681  0.051139  0.051567  0.051965  0.052332  0.052668  0.052974
  0.053250  0.053525  0.053857  0.054256  0.054736  0.055316  0.056016
  1.000000  0.000000
 -0.011742 -0.010723 -0.009931 -0.009314 -0.008834 -0.008461 -0.008170 -0.007944
 -0.007768 -0.007630 -0.007357 -0.007181 -0.006989 -0.006775 -0.006538 -0.006275
 -0.005985 -0.005667 -0.005319 -0.004939 -0.004524 -0.004072 -0.003577 -0.003015
 -0.002398 -0.001750 -0.001127 -0.000541  0.000000  0.000512  0.000990  0.001431
  0.001823  0.002163  0.002457  0.002712  0.002931  0.003119  0.003280  0.003415
  0.003434  0.003613  0.003828  0.004087  0.004399  0.004774  0.005225
  1.000000
  0.000000  0.000000  0.000000  0.000000  0.000000  0.000000  0.000000  0.000000
  0.000000  0.000000  0.000290  0.000385  0.000451  0.000507  0.000569  0.000637
  0.000710  0.000788  0.000871  0.000959  0.001050  0.001144  0.001239  0.001336
  0.001427  0.001502  0.001551  0.001572  0.001565  0.001531  0.001470  0.001383
  0.001275  0.001150  0.001016  0.000873  0.000726  0.000578  0.000432  0.000291
 -0.000000 -0.000000  0.000000  0.000000  0.000000  0.000000  0.000000
  1.000000  0.000000
  0.265807  0.265764  0.265734  0.265712  0.265696  0.265684  0.265674  0.265666
  0.265661  0.265656  0.265649  0.265642  0.265633  0.265622  0.265610  0.265595
  0.265578  0.265557  0.265533  0.265505  0.265471  0.265431  0.265383  0.265324
  0.265251  0.265167  0.265077  0.264984  0.264890  0.264793  0.264695  0.264597
  0.264504  0.264417  0.264337  0.264263  0.264196  0.264136  0.264081  0.264033
  0.263991  0.263944  0.263891  0.263834  0.263776  0.263728  0.263704
 ***************************************************************
 ************STARTING THE INPUT FOR EACH BLADE ROW**************
  BLADE ROW NUMBER =        5                                           
    NUMBER OF BLADES IN ROW 
       129
        JM        JLE       JTE 
        47        10        41
      KTIPSTART  KTIPEND 
         0         0
       BOUNDARY LAYER TRANSITION POINTS 
         0         0         0         0
  SET NEWGRID= 1 TO GENERATE A NEW GRID WITH DIFFERENT "J" POINTS AND SPACINGS.
         0
   RPMROW,    RPMHUB 
   15000.0   15000.0
       JROTHS    JROTHE    JROTTS    JROTTE 
         1         1         1         1
   PUPROW    PLEROW   PTEROW    PDROW 
  458581.0  458581.0  546611.8  546611.8
      NSECS_ROW   INSURF  
         3         0
  IF_CUSP_OUT   IFANGLES 
         1         0
         0         3         0
 ***************************************************************
  ROW NUMBER           5  SECTION NUMBER            1
           0           0           0  IF_DESIGN etc 
   1.00000   0.00000    0
  0.055967  0.056654  0.057189  0.057605  0.057928  0.058180  0.058376  0.058529
  0.058648  0.058740  0.058832  0.058935  0.059049  0.059179  0.059324  0.059488
  0.059672  0.059878  0.060108  0.060365  0.060654  0.060978  0.061346  0.061779
  0.062276  0.062827  0.063388  0.063948  0.064498  0.065053  0.065609  0.066160
  0.066685  0.067180  0.067639  0.068069  0.068467  0.068836  0.069174  0.069481
  0.069758  0.070035  0.070369  0.070770  0.071252  0.071832  0.072529
  1.000000  0.000000
  0.008941  0.007974  0.007222  0.006637  0.006182  0.005827  0.005551  0.005336
  0.005169  0.005039  0.005105  0.005045  0.004948  0.004816  0.004663  0.004489
  0.004292  0.004072  0.003827  0.003554  0.003250  0.002912  0.002533  0.002093
  0.001596  0.001058  0.000521  0.000000 -0.000500 -0.000992 -0.001471 -0.001933
 -0.002362 -0.002755 -0.003110 -0.003434 -0.003728 -0.003994 -0.004232 -0.004444
 -0.004694 -0.004831 -0.004996 -0.005194 -0.005432 -0.005718 -0.006063
  1.000000
  0.000000  0.000000  0.000000  0.000000  0.000000  0.000000  0.000000  0.000000
  0.000000  0.000000  0.000378  0.000506  0.000609  0.000692  0.000774  0.000855
  0.000936  0.001016  0.001094  0.001170  0.001243  0.001311  0.001372  0.001425
  0.001463  0.001481  0.001475  0.001447  0.001399  0.001333  0.001248  0.001148
  0.001038  0.000923  0.000806  0.000687  0.000570  0.000457  0.000347  0.000244
 -0.000000 -0.000000  0.000000  0.000000  0.000000  0.000000  0.000000
  1.000000  0.000000
  0.236295  0.236307  0.236319  0.236333  0.236345  0.236354  0.236362  0.236368
  0.236373  0.236377  0.236383  0.236390  0.236399  0.236409  0.236420  0.236434
  0.236450  0.236469  0.236492  0.236518  0.236550  0.236587  0.236631  0.236686
  0.236751  0.236827  0.236906  0.236986  0.237065  0.237145  0.237223  0.237298
  0.237366  0.237428  0.237481  0.237527  0.237567  0.237600  0.237628  0.237650
  0.237668  0.237679  0.237693  0.237708  0.237726  0.237746  0.237771
 ***************************************************************
  ROW NUMBER           5  SECTION NUMBER            2
           0           0           0  IF_DESIGN etc 
   1.00000   0.00000    0
  0.055985  0.056667  0.057198  0.057611  0.057933  0.058183  0.058378  0.058530
  0.058648  0.058740  0.058832  0.058934  0.059048  0.059177  0.059322  0.059485
  0.059669  0.059874  0.060104  0.060361  0.060650  0.060974  0.061342  0.061775
  0.062273  0.062824  0.063387  0.063948  0.064499  0.065055  0.065612  0.066164
  0.066690  0.067185  0.067644  0.068073  0.068471  0.068839  0.069176  0.069482
  0.069758  0.070034  0.070365  0.070764  0.071243  0.071819  0.072512
  1.000000  0.000000
  0.010138  0.009069  0.008237  0.007590  0.007085  0.006693  0.006388  0.006150
  0.005965  0.005821  0.005888  0.005820  0.005712  0.005564  0.005392  0.005196
  0.004974  0.004725  0.004447  0.004136  0.003789  0.003401  0.002965  0.002456
  0.001878  0.001249  0.000617  0.000000 -0.000597 -0.001187 -0.001766 -0.002328
 -0.002855 -0.003340 -0.003782 -0.004187 -0.004558 -0.004895 -0.005199 -0.005471
 -0.005773 -0.005961 -0.006187 -0.006458 -0.006785 -0.007177 -0.007649
  1.000000
  0.000000  0.000000  0.000000  0.000000  0.000000  0.000000  0.000000  0.000000
  0.000000  0.000000  0.000408  0.000547  0.000660  0.000751  0.000839  0.000927
  0.001015  0.001102  0.001187  0.001269  0.001348  0.001421  0.001487  0.001545
  0.001587  0.001606  0.001599  0.001569  0.001517  0.001445  0.001353  0.001245
  0.001126  0.001001  0.000873  0.000745  0.000618  0.000495  0.000376  0.000264
 -0.000000 -0.000000  0.000000  0.000000  0.000000  0.000000  0.000000
  1.000000  0.000000
  0.250000  0.250000  0.250000  0.250000  0.250000  0.250000  0.250000  0.250000
  0.250000  0.250000  0.250000  0.250000  0.250000  0.250000  0.250000  0.250000
  0.250000  0.250000  0.250000  0.250000  0.250000  0.250000  0.250000  0.250000
  0.250000  0.250000  0.250000  0.250000  0.250000  0.250000  0.250000  0.250000
  0.250000  0.250000  0.250000  0.250000  0.250000  0.250000  0.250000  0.250000
  0.250000  0.250000  0.250000  0.250000  0.250000  0.250000  0.250000
 ***************************************************************
  ROW NUMBER           5  SECTION NUMBER            3
           0           0           0  IF_DESIGN etc 
   1.00000   0.00000    0
  0.055968  0.056655  0.057189  0.057605  0.057929  0.058181  0.058377  0.058529
  0.058648  0.058741  0.058833  0.058935  0.059050  0.059179  0.059325  0.059488
  0.059673  0.059878  0.060108  0.060366  0.060654  0.060979  0.061346  0.061779
  0.062277  0.062827  0.063389  0.063948  0.064499  0.065053  0.065610  0.066160
  0.066686  0.067180  0.067640  0.068069  0.068468  0.068836  0.069174  0.069482
  0.069759  0.070036  0.070369  0.070770  0.071253  0.071833  0.072530
  1.000000  0.000000
  0.011435  0.010252  0.009330  0.008613  0.008055  0.007620  0.007282  0.007018
  0.006813  0.006654  0.006724  0.006648  0.006528  0.006363  0.006171  0.005951
  0.005701  0.005421  0.005107  0.004755  0.004362  0.003921  0.003423  0.002840
  0.002177  0.001450  0.000719  0.000000 -0.000698 -0.001391 -0.002075 -0.002742
 -0.003369 -0.003949 -0.004481 -0.004971 -0.005421 -0.005831 -0.006202 -0.006537
 -0.006892 -0.007131 -0.007418 -0.007763 -0.008179 -0.008678 -0.009279
  1.000000
  0.000000  0.000000  0.000000  0.000000  0.000000  0.000000  0.000000  0.000000
  0.000000  0.000000  0.000446  0.000598  0.000722  0.000822  0.000919  0.001016
  0.001112  0.001207  0.001300  0.001391  0.001477  0.001557  0.001629  0.001692
  0.001738  0.001759  0.001752  0.001718  0.001662  0.001582  0.001482  0.001363
  0.001233  0.001096  0.000956  0.000816  0.000677  0.000542  0.000412  0.000289
 -0.000000 -0.000000  0.000000  0.000000  0.000000  0.000000  0.000000
  1.000000  0.000000
  0.263705  0.263693  0.263681  0.263667  0.263655  0.263646  0.263638  0.263632
  0.263627  0.263623  0.263617  0.263610  0.263601  0.263591  0.263580  0.263566
  0.263550  0.263530  0.263508  0.263481  0.263450  0.263413  0.263369  0.263314
  0.263249  0.263173  0.263094  0.263014  0.262934  0.262855  0.262777  0.262702
  0.262633  0.262572  0.262519  0.262473  0.262433  0.262400  0.262372  0.262350
  0.262332  0.262321  0.262307  0.262292  0.262274  0.262254  0.262229
 ***************************************************************
 ************STARTING THE INPUT FOR EACH BLADE ROW**************
  BLADE ROW NUMBER =        6                                           
    NUMBER OF BLADES IN ROW 
       130
        JM        JLE       JTE 
        47        10        41
      KTIPSTART  KTIPEND 
         0         0
       BOUNDARY LAYER TRANSITION POINTS 
         0         0         0         0
  SET NEWGRID= 1 TO GENERATE A NEW GRID WITH DIFFERENT "J" POINTS AND SPACINGS.
         0
   RPMROW,    RPMHUB 
       0.0       0.0
       JROTHS    JROTHE    JROTTS    JROTTE 
         1         1         1         1
   PUPROW    PLEROW   PTEROW    PDROW 
  546611.8  546611.8  645023.4  645023.4
      NSECS_ROW   INSURF  
         3         0
  IF_CUSP_OUT   IFANGLES 
         1         0
         0         3         0
 ***************************************************************
  ROW NUMBER           6  SECTION NUMBER            1
           0           0           0  IF_DESIGN etc 
   1.00000   0.00000    0
  0.069729  0.070414  0.070946  0.071361  0.071684  0.071935  0.072131  0.072283
  0.072402  0.072494  0.072586  0.072689  0.072803  0.072932  0.073077  0.073241
  0.073425  0.073631  0.073861  0.074118  0.074407  0.074731  0.075099  0.075532
  0.076030  0.076580  0.077142  0.077702  0.078252  0.078807  0.079363  0.079913
  0.080438  0.080931  0.081389  0.081817  0.082215  0.082582  0.082918  0.083224
  0.083499  0.083774  0.084105  0.084503  0.084982  0.085560  0.086255
  1.000000  0.000000
 -0.012955 -0.011827 -0.010949 -0.010266 -0.009734 -0.009320 -0.008997 -0.008746
 -0.008551 -0.008399 -0.008104 -0.007910 -0.007698 -0.007463 -0.007202 -0.006913
 -0.006594 -0.006244 -0.005861 -0.005443 -0.004987 -0.004490 -0.003945 -0.003326
 -0.002647 -0.001933 -0.001245 -0.000599  0.000000  0.000567  0.001098  0.001588
  0.002023  0.002403  0.002732  0.003017  0.003263  0.003475  0.003656  0.003810
  0.003840  0.004038  0.004276  0.004562  0.004906  0.005319  0.005816
  1.000000
  0.000000  0.000000  0.000000  0.000000  0.000000  0.000000  0.000000  0.000000
  0.000000  0.000000  0.000304  0.000405  0.000474  0.000533  0.000598  0.000669
  0.000746  0.000829  0.000916  0.001008  0.001104  0.001202  0.001302  0.001404
  0.001500  0.001579  0.001630  0.001652  0.001645  0.001610  0.001546  0.001454
  0.001340  0.001209  0.001068  0.000918  0.000763  0.000608  0.000454  0.000305
 -0.000000 -0.000000  0.000000  0.000000  0.000000  0.000000  0.000000
  1.000000  0.000000
  0.237666  0.237694  0.237714  0.237729  0.237741  0.237750  0.237756  0.237762
  0.237766  0.237769  0.237774  0.237779  0.237785  0.237792  0.237801  0.237811
  0.237823  0.237837  0.237854  0.237873  0.237896  0.237924  0.237956  0.237997
  0.238047  0.238105  0.238168  0.238232  0.238297  0.238365  0.238433  0.238502
  0.238568  0.238630  0.238687  0.238739  0.238787  0.238831  0.238871  0.238906
  0.238937  0.238973  0.239013  0.239056  0.239100  0.239136  0.239154
 ***************************************************************
  ROW NUMBER           6  SECTION NUMBER            2
           0           0           0  IF_DESIGN etc 
   1.00000   0.00000    0
  0.069745  0.070426  0.070956  0.071369  0.071690  0.071940  0.072135  0.072286
  0.072404  0.072496  0.072588  0.072690  0.072804  0.072932  0.073077  0.073240
  0.073424  0.073629  0.073858  0.074115  0.074403  0.074727  0.075095  0.075528
  0.076025  0.076576  0.077138  0.077697  0.078248  0.078804  0.079360  0.079911
  0.080437  0.080931  0.081390  0.081818  0.082216  0.082583  0.082919  0.083225
  0.083501  0.083776  0.084107  0.084506  0.084984  0.085560  0.086252
  1.000000  0.000000
 -0.012285 -0.011218 -0.010387 -0.009740 -0.009236 -0.008844 -0.008539 -0.008302
 -0.008117 -0.007973 -0.007691 -0.007507 -0.007306 -0.007083 -0.006835 -0.006560
 -0.006257 -0.005924 -0.005561 -0.005164 -0.004731 -0.004259 -0.003741 -0.003154
 -0.002510 -0.001832 -0.001180 -0.000567  0.000000  0.000536  0.001039  0.001502
  0.001913  0.002272  0.002582  0.002851  0.003083  0.003282  0.003452  0.003596
  0.003620  0.003808  0.004033  0.004305  0.004631  0.005023  0.005494
  1.000000
  0.000000  0.000000  0.000000  0.000000  0.000000  0.000000  0.000000  0.000000
  0.000000  0.000000  0.000295  0.000392  0.000459  0.000517  0.000580  0.000649
  0.000723  0.000803  0.000887  0.000977  0.001069  0.001165  0.001262  0.001360
  0.001453  0.001529  0.001579  0.001600  0.001594  0.001560  0.001497  0.001408
  0.001298  0.001172  0.001034  0.000889  0.000739  0.000589  0.000440  0.000296
 -0.000000 -0.000000  0.000000  0.000000  0.000000  0.000000  0.000000
  1.000000  0.000000
  0.250000  0.250000  0.250000  0.250000  0.250000  0.250000  0.250000  0.250000
  0.250000  0.250000  0.250000  0.250000  0.250000  0.250000  0.250000  0.250000
  0.250000  0.250000  0.250000  0.250000  0.250000  0.250000  0.250000  0.250000
  0.250000  0.250000  0.250000  0.250000  0.250000  0.250000  0.250000  0.250000
  0.250000  0.250000  0.250000  0.250000  0.250000  0.250000  0.250000  0.250000
  0.250000  0.250000  0.250000  0.250000  0.250000  0.250000  0.250000
 ***************************************************************
  ROW NUMBER           6  SECTION NUMBER            3
           0           0           0  IF_DESIGN etc 
   1.00000   0.00000    0
  0.069729  0.070414  0.070946  0.071361  0.071684  0.071935  0.072131  0.072283
  0.072402  0.072494  0.072586  0.072689  0.072803  0.072932  0.073077  0.073241
  0.073425  0.073631  0.073861  0.074118  0.074407  0.074731  0.075099  0.075532
  0.076030  0.076580  0.077142  0.077702  0.078252  0.078807  0.079362  0.079913
  0.080438  0.080931  0.081389  0.081817  0.082215  0.082582  0.082918  0.083224
  0.083499  0.083774  0.084105  0.084503  0.084982  0.085560  0.086255
  1.000000  0.000000
 -0.011809 -0.010784 -0.009987 -0.009366 -0.008883 -0.008507 -0.008215 -0.007987
 -0.007810 -0.007672 -0.007398 -0.007221 -0.007027 -0.006813 -0.006574 -0.006310
 -0.006018 -0.005698 -0.005348 -0.004966 -0.004550 -0.004095 -0.003597 -0.003032
 -0.002412 -0.001761 -0.001133 -0.000545  0.000000  0.000515  0.000997  0.001441
  0.001834  0.002178  0.002473  0.002730  0.002951  0.003141  0.003302  0.003439
  0.003459  0.003639  0.003856  0.004116  0.004429  0.004806  0.005260
  1.000000
  0.000000  0.000000  0.000000  0.000000  0.000000  0.000000  0.000000  0.000000
  0.000000  0.000000  0.000290  0.000385  0.000451  0.000507  0.000569  0.000637
  0.000710  0.000788  0.000871  0.000959  0.001050  0.001144  0.001239  0.001336
  0.001426  0.001501  0.001550  0.001571  0.001565  0.001531  0.001470  0.001383
  0.001274  0.001150  0.001016  0.000873  0.000726  0.000578  0.000432  0.000291
 -0.000000 -0.000000  0.000000  0.000000  0.000000  0.000000  0.000000
  1.000000  0.000000
  0.262334  0.262306  0.262286  0.262271  0.262259  0.262251  0.262244  0.262238
  0.262234  0.262231  0.262226  0.262221  0.262215  0.262208  0.262199  0.262189
  0.262177  0.262163  0.262146  0.262127  0.262104  0.262076  0.262044  0.262003
  0.261953  0.261895  0.261832  0.261768  0.261703  0.261635  0.261566  0.261498
  0.261432  0.261370  0.261313  0.261261  0.261213  0.261169  0.261129  0.261094
  0.261063  0.261027  0.260987  0.260944  0.260900  0.260864  0.260846
 ***************************************************************
 ************STARTING THE INPUT FOR EACH BLADE ROW**************
  BLADE ROW NUMBER =        7                                           
    NUMBER OF BLADES IN ROW 
       130
        JM        JLE       JTE 
        47        10        41
      KTIPSTART  KTIPEND 
         0         0
       BOUNDARY LAYER TRANSITION POINTS 
         0         0         0         0
  SET NEWGRID= 1 TO GENERATE A NEW GRID WITH DIFFERENT "J" POINTS AND SPACINGS.
         0
   RPMROW,    RPMHUB 
   15000.0   15000.0
       JROTHS    JROTHE    JROTTS    JROTTE 
         1         1         1         1
   PUPROW    PLEROW   PTEROW    PDROW 
  645023.4  645023.4  755434.6  755434.6
      NSECS_ROW   INSURF  
         3         0
  IF_CUSP_OUT   IFANGLES 
         1         0
         0         3         0
 ***************************************************************
  ROW NUMBER           7  SECTION NUMBER            1
           0           0           0  IF_DESIGN etc 
   1.00000   0.00000    0
  0.086234  0.086917  0.087450  0.087864  0.088186  0.088437  0.088633  0.088785
  0.088903  0.088995  0.089087  0.089189  0.089304  0.089432  0.089578  0.089741
  0.089925  0.090130  0.090360  0.090617  0.090905  0.091229  0.091597  0.092030
  0.092527  0.093077  0.093639  0.094199  0.094749  0.095304  0.095860  0.096410
  0.096936  0.097430  0.097890  0.098318  0.098716  0.099084  0.099421  0.099728
  0.100004  0.100280  0.100613  0.101012  0.101493  0.102070  0.102765
  1.000000  0.000000
  0.009168  0.008183  0.007416  0.006819  0.006354  0.005993  0.005711  0.005492
  0.005322  0.005189  0.005254  0.005193  0.005094  0.004959  0.004802  0.004624
  0.004423  0.004197  0.003946  0.003665  0.003353  0.003005  0.002615  0.002162
  0.001650  0.001094  0.000540  0.000000 -0.000519 -0.001029 -0.001528 -0.002009
 -0.002457 -0.002867 -0.003239 -0.003579 -0.003887 -0.004166 -0.004417 -0.004641
 -0.004894 -0.005041 -0.005218 -0.005430 -0.005686 -0.005993 -0.006362
  1.000000
  0.000000  0.000000  0.000000  0.000000  0.000000  0.000000  0.000000  0.000000
  0.000000  0.000000  0.000383  0.000513  0.000617  0.000702  0.000784  0.000867
  0.000949  0.001030  0.001110  0.001187  0.001260  0.001329  0.001391  0.001444
  0.001484  0.001502  0.001495  0.001467  0.001418  0.001351  0.001265  0.001164
  0.001053  0.000936  0.000817  0.000697  0.000578  0.000463  0.000352  0.000247
 -0.000000 -0.000000  0.000000  0.000000  0.000000  0.000000  0.000000
  1.000000  0.000000
  0.239154  0.239163  0.239171  0.239181  0.239190  0.239196  0.239202  0.239206
  0.239209  0.239212  0.239216  0.239221  0.239227  0.239234  0.239243  0.239252
  0.239264  0.239277  0.239293  0.239312  0.239334  0.239361  0.239392  0.239431
  0.239477  0.239531  0.239587  0.239644  0.239700  0.239757  0.239812  0.239865
  0.239914  0.239957  0.239995  0.240028  0.240056  0.240079  0.240099  0.240114
  0.240127  0.240135  0.240144  0.240155  0.240167  0.240181  0.240199
 ***************************************************************
  ROW NUMBER           7  SECTION NUMBER            2
           0           0           0  IF_DESIGN etc 
   1.00000   0.00000    0
  0.086243  0.086924  0.087455  0.087868  0.088189  0.088439  0.088634  0.088785
  0.088903  0.088995  0.089087  0.089189  0.089303  0.089432  0.089577  0.089740
  0.089924  0.090129  0.090358  0.090615  0.090903  0.091228  0.091595  0.092028
  0.092525  0.093076  0.093639  0.094199  0.094750  0.095305  0.095862  0.096413
  0.096939  0.097433  0.097892  0.098321  0.098719  0.099086  0.099423  0.099729
  0.100004  0.100280  0.100611  0.101009  0.101488  0.102064  0.102756
  1.000000  0.000000
  0.010130  0.009062  0.008231  0.007583  0.007080  0.006688  0.006382  0.006145
  0.005960  0.005816  0.005883  0.005815  0.005708  0.005560  0.005388  0.005192
  0.004970  0.004722  0.004443  0.004133  0.003786  0.003398  0.002962  0.002454
  0.001877  0.001248  0.000617  0.000000 -0.000596 -0.001186 -0.001765 -0.002326
 -0.002852 -0.003337 -0.003779 -0.004184 -0.004554 -0.004891 -0.005194 -0.005467
 -0.005769 -0.005956 -0.006182 -0.006453 -0.006779 -0.007171 -0.007643
  1.000000
  0.000000  0.000000  0.000000  0.000000  0.000000  0.000000  0.000000  0.000000
  0.000000  0.000000  0.000408  0.000547  0.000659  0.000750  0.000838  0.000927
  0.001014  0.001101  0.001186  0.001268  0.001347  0.001420  0.001486  0.001544
  0.001586  0.001605  0.001598  0.001567  0.001516  0.001443  0.001352  0.001244
  0.001125  0.001000  0.000873  0.000745  0.000618  0.000494  0.000376  0.000264
 -0.000000 -0.000000  0.000000  0.000000  0.000000  0.000000  0.000000
  1.000000  0.000000
  0.250000  0.250000  0.250000  0.250000  0.250000  0.250000  0.250000  0.250000
  0.250000  0.250000  0.250000  0.250000  0.250000  0.250000  0.250000  0.250000
  0.250000  0.250000  0.250000  0.250000  0.250000  0.250000  0.250000  0.250000
  0.250000  0.250000  0.250000  0.250000  0.250000  0.250000  0.250000  0.250000
  0.250000  0.250000  0.250000  0.250000  0.250000  0.250000  0.250000  0.250000
  0.250000  0.250000  0.250000  0.250000  0.250000  0.250000  0.250000
 ***************************************************************
  ROW NUMBER           7  SECTION NUMBER            3
           0           0           0  IF_DESIGN etc 
   1.00000   0.00000    0
  0.086234  0.086918  0.087450  0.087865  0.088187  0.088438  0.088633  0.088785
  0.088904  0.088996  0.089088  0.089190  0.089304  0.089433  0.089578  0.089742
  0.089925  0.090131  0.090360  0.090618  0.090906  0.091230  0.091597  0.092030
  0.092527  0.093078  0.093640  0.094199  0.094750  0.095304  0.095861  0.096411
  0.096937  0.097431  0.097890  0.098319  0.098717  0.099085  0.099422  0.099729
  0.100005  0.100281  0.100613  0.101013  0.101493  0.102071  0.102765
  1.000000  0.000000
  0.011137  0.009981  0.009080  0.008379  0.007834  0.007409  0.007079  0.006821
  0.006621  0.006465  0.006535  0.006461  0.006344  0.006183  0.005995  0.005781
  0.005538  0.005265  0.004959  0.004616  0.004234  0.003804  0.003321  0.002755
  0.002110  0.001406  0.000697  0.000000 -0.000675 -0.001346 -0.002007 -0.002652
 -0.003257 -0.003817 -0.004330 -0.004802 -0.005234 -0.005628 -0.005986 -0.006307
 -0.006659 -0.006887 -0.007161 -0.007491 -0.007888 -0.008365 -0.008939
  1.000000
  0.000000  0.000000  0.000000  0.000000  0.000000  0.000000  0.000000  0.000000
  0.000000  0.000000  0.000437  0.000586  0.000708  0.000805  0.000900  0.000995
  0.001089  0.001182  0.001273  0.001362  0.001446  0.001525  0.001596  0.001657
  0.001702  0.001723  0.001716  0.001683  0.001627  0.001550  0.001451  0.001335
  0.001208  0.001073  0.000937  0.000799  0.000663  0.000531  0.000403  0.000283
 -0.000000 -0.000000  0.000000  0.000000  0.000000  0.000000  0.000000
  1.000000  0.000000
  0.260846  0.260837  0.260828  0.260819  0.260810  0.260804  0.260798  0.260794
  0.260791  0.260788  0.260784  0.260779  0.260773  0.260766  0.260757  0.260748
  0.260736  0.260723  0.260707  0.260688  0.260666  0.260639  0.260608  0.260569
  0.260523  0.260469  0.260413  0.260356  0.260300  0.260243  0.260188  0.260135
  0.260086  0.260043  0.260005  0.259972  0.259944  0.259921  0.259901  0.259886
  0.259873  0.259865  0.259856  0.259845  0.259833  0.259819  0.259801
 ***************************************************************
 ************STARTING THE INPUT FOR EACH BLADE ROW**************
  BLADE ROW NUMBER =        8                                           
    NUMBER OF BLADES IN ROW 
       131
        JM        JLE       JTE 
        47        10        41
      KTIPSTART  KTIPEND 
         0         0
       BOUNDARY LAYER TRANSITION POINTS 
         0         0         0         0
  SET NEWGRID= 1 TO GENERATE A NEW GRID WITH DIFFERENT "J" POINTS AND SPACINGS.
         0
   RPMROW,    RPMHUB 
       0.0       0.0
       JROTHS    JROTHE    JROTTS    JROTTE 
         1         1         1         1
   PUPROW    PLEROW   PTEROW    PDROW 
  755434.6  755434.6  877519.6  877519.6
      NSECS_ROW   INSURF  
         3         0
  IF_CUSP_OUT   IFANGLES 
         1         0
         0         3         0
 ***************************************************************
  ROW NUMBER           8  SECTION NUMBER            1
           0           0           0  IF_DESIGN etc 
   1.00000   0.00000    0
  0.099989  0.100672  0.101203  0.101617  0.101939  0.102190  0.102385  0.102537
  0.102655  0.102747  0.102839  0.102941  0.103056  0.103184  0.103329  0.103493
  0.103677  0.103882  0.104112  0.104369  0.104657  0.104981  0.105349  0.105782
  0.106279  0.106830  0.107391  0.107951  0.108501  0.109056  0.109612  0.110162
  0.110688  0.111181  0.111640  0.112068  0.112465  0.112832  0.113168  0.113474
  0.113749  0.114024  0.114355  0.114753  0.115231  0.115807  0.116501
  1.000000  0.000000
 -0.012795 -0.011682 -0.010815 -0.010140 -0.009615 -0.009206 -0.008888 -0.008640
 -0.008447 -0.008297 -0.008005 -0.007814 -0.007605 -0.007373 -0.007115 -0.006829
 -0.006513 -0.006168 -0.005790 -0.005377 -0.004926 -0.004435 -0.003896 -0.003285
 -0.002614 -0.001909 -0.001229 -0.000591  0.000000  0.000559  0.001084  0.001567
  0.001997  0.002372  0.002696  0.002978  0.003221  0.003430  0.003608  0.003760
  0.003789  0.003984  0.004219  0.004502  0.004842  0.005250  0.005741
  1.000000
  0.000000  0.000000  0.000000  0.000000  0.000000  0.000000  0.000000  0.000000
  0.000000  0.000000  0.000302  0.000401  0.000470  0.000529  0.000594  0.000664
  0.000740  0.000822  0.000909  0.001000  0.001095  0.001193  0.001292  0.001393
  0.001487  0.001566  0.001617  0.001639  0.001632  0.001597  0.001533  0.001442
  0.001329  0.001199  0.001059  0.000910  0.000757  0.000603  0.000450  0.000303
 -0.000000 -0.000000  0.000000  0.000000  0.000000  0.000000  0.000000
  1.000000  0.000000
  0.240126  0.240146  0.240160  0.240170  0.240178  0.240184  0.240189  0.240193
  0.240196  0.240198  0.240201  0.240205  0.240209  0.240215  0.240221  0.240228
  0.240236  0.240246  0.240258  0.240271  0.240288  0.240307  0.240330  0.240360
  0.240395  0.240436  0.240481  0.240527  0.240574  0.240623  0.240673  0.240723
  0.240771  0.240816  0.240859  0.240898  0.240934  0.240967  0.240996  0.241023
  0.241047  0.241075  0.241106  0.241140  0.241174  0.241203  0.241218
 ***************************************************************
  ROW NUMBER           8  SECTION NUMBER            2
           0           0           0  IF_DESIGN etc 
   1.00000   0.00000    0
  0.099998  0.100679  0.101209  0.101621  0.101942  0.102192  0.102387  0.102538
  0.102656  0.102748  0.102840  0.102942  0.103056  0.103185  0.103329  0.103492
  0.103676  0.103881  0.104110  0.104367  0.104655  0.104979  0.105346  0.105779
  0.106276  0.106827  0.107389  0.107948  0.108499  0.109054  0.109610  0.110161
  0.110687  0.111181  0.111639  0.112068  0.112465  0.112832  0.113169  0.113475
  0.113750  0.114025  0.114357  0.114755  0.115233  0.115809  0.116501
  1.000000  0.000000
 -0.012282 -0.011215 -0.010384 -0.009737 -0.009234 -0.008842 -0.008537 -0.008299
 -0.008115 -0.007971 -0.007688 -0.007505 -0.007304 -0.007081 -0.006833 -0.006558
 -0.006255 -0.005923 -0.005560 -0.005163 -0.004730 -0.004258 -0.003740 -0.003153
 -0.002509 -0.001832 -0.001179 -0.000567  0.000000  0.000536  0.001039  0.001502
  0.001913  0.002272  0.002581  0.002850  0.003082  0.003281  0.003451  0.003595
  0.003619  0.003807  0.004032  0.004303  0.004629  0.005021  0.005493
  1.000000
  0.000000  0.000000  0.000000  0.000000  0.000000  0.000000  0.000000  0.000000
  0.000000  0.000000  0.000295  0.000392  0.000459  0.000517  0.000580  0.000648
  0.000723  0.000803  0.000887  0.000976  0.001069  0.001165  0.001261  0.001360
  0.001452  0.001529  0.001579  0.001600  0.001593  0.001559  0.001497  0.001408
  0.001297  0.001171  0.001034  0.000889  0.000739  0.000589  0.000440  0.000296
 -0.000000 -0.000000  0.000000  0.000000  0.000000  0.000000  0.000000
  1.000000  0.000000
  0.250000  0.250000  0.250000  0.250000  0.250000  0.250000  0.250000  0.250000
  0.250000  0.250000  0.250000  0.250000  0.250000  0.250000  0.250000  0.250000
  0.250000  0.250000  0.250000  0.250000  0.250000  0.250000  0.250000  0.250000
  0.250000  0.250000  0.250000  0.250000  0.250000  0.250000  0.250000  0.250000
  0.250000  0.250000  0.250000  0.250000  0.250000  0.250000  0.250000  0.250000
  0.250000  0.250000  0.250000  0.250000  0.250000  0.250000  0.250000
 ***************************************************************
  ROW NUMBER           8  SECTION NUMBER            3
           0           0           0  IF_DESIGN etc 
   1.00000   0.00000    0
  0.099989  0.100672  0.101203  0.101617  0.101939  0.102190  0.102385  0.102537
  0.102655  0.102747  0.102839  0.102941  0.103056  0.103184  0.103329  0.103493
  0.103677  0.103882  0.104112  0.104369  0.104657  0.104981  0.105349  0.105782
  0.106279  0.106830  0.107391  0.107951  0.108501  0.109056  0.109612  0.110162
  0.110688  0.111181  0.111640  0.112068  0.112465  0.112832  0.113168  0.113474
  0.113749  0.114024  0.114355  0.114753  0.115231  0.115807  0.116501
  1.000000  0.000000
 -0.011877 -0.010846 -0.010044 -0.009420 -0.008934 -0.008555 -0.008261 -0.008032
 -0.007853 -0.007714 -0.007439 -0.007262 -0.007067 -0.006851 -0.006611 -0.006345
 -0.006052 -0.005730 -0.005379 -0.004994 -0.004575 -0.004118 -0.003617 -0.003049
 -0.002426 -0.001771 -0.001140 -0.000548  0.000000  0.000518  0.001003  0.001450
  0.001846  0.002191  0.002489  0.002748  0.002970  0.003162  0.003325  0.003463
  0.003483  0.003664  0.003882  0.004144  0.004459  0.004838  0.005294
  1.000000
  0.000000  0.000000  0.000000  0.000000  0.000000  0.000000  0.000000  0.000000
  0.000000  0.000000  0.000290  0.000386  0.000451  0.000508  0.000570  0.000638
  0.000711  0.000789  0.000873  0.000960  0.001052  0.001146  0.001241  0.001338
  0.001429  0.001504  0.001553  0.001574  0.001567  0.001534  0.001473  0.001385
  0.001276  0.001152  0.001017  0.000874  0.000727  0.000579  0.000433  0.000291
 -0.000000 -0.000000  0.000000  0.000000  0.000000  0.000000  0.000000
  1.000000  0.000000
  0.259874  0.259854  0.259840  0.259830  0.259822  0.259816  0.259811  0.259807
  0.259804  0.259802  0.259799  0.259795  0.259791  0.259786  0.259779  0.259772
  0.259764  0.259754  0.259742  0.259729  0.259712  0.259693  0.259670  0.259641
  0.259605  0.259564  0.259519  0.259473  0.259426  0.259377  0.259327  0.259277
  0.259229  0.259184  0.259142  0.259102  0.259066  0.259033  0.259004  0.258977
  0.258953  0.258925  0.258894  0.258860  0.258826  0.258797  0.258782
 ***************************************************************
 ************STARTING THE INPUT FOR EACH BLADE ROW**************
  BLADE ROW NUMBER =        9                                           
    NUMBER OF BLADES IN ROW 
       131
        JM        JLE       JTE 
        47        10        41
      KTIPSTART  KTIPEND 
         0         0
       BOUNDARY LAYER TRANSITION POINTS 
         0         0         0         0
  SET NEWGRID= 1 TO GENERATE A NEW GRID WITH DIFFERENT "J" POINTS AND SPACINGS.
         0
   RPMROW,    RPMHUB 
   15000.0   15000.0
       JROTHS    JROTHE    JROTTS    JROTTE 
         1         1         1         1
   PUPROW    PLEROW   PTEROW    PDROW 
  877519.6  877519.6 1013041.7 1013041.7
      NSECS_ROW   INSURF  
         3         0
  IF_CUSP_OUT   IFANGLES 
         1         0
         0         3         0
 ***************************************************************
  ROW NUMBER           9  SECTION NUMBER            1
           0           0           0  IF_DESIGN etc 
   1.00000   0.00000    0
  0.116491  0.117173  0.117705  0.118118  0.118440  0.118690  0.118885  0.119037
  0.119155  0.119247  0.119339  0.119441  0.119555  0.119684  0.119829  0.119992
  0.120176  0.120381  0.120611  0.120868  0.121156  0.121480  0.121847  0.122280
  0.122777  0.123327  0.123889  0.124449  0.124999  0.125554  0.126110  0.126661
  0.127186  0.127680  0.128139  0.128568  0.128966  0.129333  0.129670  0.129976
  0.130252  0.130528  0.130859  0.131258  0.131738  0.132315  0.133008
  1.000000  0.000000
  0.009340  0.008340  0.007562  0.006956  0.006485  0.006117  0.005832  0.005609
  0.005436  0.005302  0.005367  0.005305  0.005204  0.005067  0.004907  0.004726
  0.004521  0.004291  0.004035  0.003749  0.003431  0.003076  0.002677  0.002214
  0.001690  0.001122  0.000553  0.000000 -0.000533 -0.001057 -0.001570 -0.002065
 -0.002527 -0.002951 -0.003335 -0.003687 -0.004006 -0.004295 -0.004556 -0.004788
 -0.005050 -0.005204 -0.005390 -0.005613 -0.005881 -0.006203 -0.006591
  1.000000
  0.000000  0.000000  0.000000  0.000000  0.000000  0.000000  0.000000  0.000000
  0.000000  0.000000  0.000387  0.000518  0.000624  0.000710  0.000793  0.000877
  0.000960  0.001042  0.001122  0.001200  0.001274  0.001344  0.001406  0.001461
  0.001500  0.001518  0.001512  0.001483  0.001434  0.001366  0.001280  0.001177
  0.001065  0.000946  0.000826  0.000705  0.000585  0.000468  0.000356  0.000250
 -0.000000 -0.000000  0.000000  0.000000  0.000000  0.000000  0.000000
  1.000000  0.000000
  0.241217  0.241224  0.241231  0.241238  0.241244  0.241249  0.241253  0.241256
  0.241258  0.241260  0.241263  0.241267  0.241271  0.241276  0.241282  0.241289
  0.241298  0.241308  0.241319  0.241333  0.241349  0.241368  0.241391  0.241420
  0.241454  0.241493  0.241534  0.241576  0.241617  0.241658  0.241699  0.241738
  0.241773  0.241805  0.241833  0.241857  0.241877  0.241894  0.241908  0.241920
  0.241929  0.241935  0.241942  0.241949  0.241958  0.241967  0.241978
 ***************************************************************
  ROW NUMBER           9  SECTION NUMBER            2
           0           0           0  IF_DESIGN etc 
   1.00000   0.00000    0
  0.116496  0.117177  0.117707  0.118120  0.118441  0.118691  0.118886  0.119037
  0.119155  0.119247  0.119339  0.119441  0.119555  0.119684  0.119829  0.119992
  0.120175  0.120380  0.120610  0.120867  0.121155  0.121479  0.121846  0.122279
  0.122776  0.123327  0.123889  0.124449  0.125000  0.125555  0.126111  0.126662
  0.127188  0.127682  0.128141  0.128569  0.128967  0.129334  0.129671  0.129977
  0.130252  0.130528  0.130859  0.131257  0.131736  0.132311  0.133003
  1.000000  0.000000
  0.010126  0.009059  0.008228  0.007581  0.007077  0.006685  0.006380  0.006143
  0.005958  0.005814  0.005881  0.005813  0.005706  0.005558  0.005386  0.005190
  0.004968  0.004720  0.004442  0.004131  0.003785  0.003397  0.002961  0.002453
  0.001876  0.001247  0.000617  0.000000 -0.000596 -0.001185 -0.001764 -0.002326
 -0.002851 -0.003336 -0.003777 -0.004183 -0.004553 -0.004889 -0.005192 -0.005465
 -0.005767 -0.005954 -0.006180 -0.006451 -0.006777 -0.007169 -0.007640
  1.000000
  0.000000  0.000000  0.000000  0.000000  0.000000  0.000000  0.000000  0.000000
  0.000000  0.000000  0.000408  0.000547  0.000659  0.000750  0.000838  0.000926
  0.001014  0.001101  0.001185  0.001268  0.001346  0.001420  0.001486  0.001543
  0.001585  0.001604  0.001598  0.001567  0.001515  0.001443  0.001352  0.001244
  0.001125  0.000999  0.000872  0.000744  0.000618  0.000494  0.000376  0.000264
 -0.000000 -0.000000  0.000000  0.000000  0.000000  0.000000  0.000000
  1.000000  0.000000
  0.250000  0.250000  0.250000  0.250000  0.250000  0.250000  0.250000  0.250000
  0.250000  0.250000  0.250000  0.250000  0.250000  0.250000  0.250000  0.250000
  0.250000  0.250000  0.250000  0.250000  0.250000  0.250000  0.250000  0.250000
  0.250000  0.250000  0.250000  0.250000  0.250000  0.250000  0.250000  0.250000
  0.250000  0.250000  0.250000  0.250000  0.250000  0.250000  0.250000  0.250000
  0.250000  0.250000  0.250000  0.250000  0.250000  0.250000  0.250000
 ***************************************************************
  ROW NUMBER           9  SECTION NUMBER            3
           0           0           0  IF_DESIGN etc 
   1.00000   0.00000    0
  0.116491  0.117174  0.117705  0.118118  0.118440  0.118691  0.118886  0.119037
  0.119156  0.119247  0.119339  0.119441  0.119556  0.119684  0.119829  0.119993
  0.120176  0.120382  0.120611  0.120868  0.121156  0.121480  0.121847  0.122280
  0.122777  0.123328  0.123890  0.124449  0.125000  0.125555  0.126111  0.126661
  0.127187  0.127681  0.128140  0.128568  0.128966  0.129334  0.129671  0.129977
  0.130252  0.130528  0.130860  0.131259  0.131738  0.132315  0.133008
  1.000000  0.000000
  0.010934  0.009795  0.008909  0.008220  0.007683  0.007265  0.006939  0.006686
  0.006489  0.006336  0.006405  0.006332  0.006217  0.006059  0.005874  0.005664
  0.005425  0.005157  0.004857  0.004520  0.004145  0.003724  0.003250  0.002695
  0.002065  0.001375  0.000681  0.000000 -0.000660 -0.001315 -0.001960 -0.002589
 -0.003179 -0.003724 -0.004224 -0.004683 -0.005103 -0.005487 -0.005834 -0.006146
 -0.006488 -0.006709 -0.006974 -0.007293 -0.007677 -0.008138 -0.008693
  1.000000
  0.000000  0.000000  0.000000  0.000000  0.000000  0.000000  0.000000  0.000000
  0.000000  0.000000  0.000431  0.000578  0.000698  0.000794  0.000887  0.000981
  0.001074  0.001165  0.001255  0.001342  0.001426  0.001503  0.001573  0.001634
  0.001678  0.001698  0.001691  0.001659  0.001604  0.001528  0.001431  0.001316
  0.001191  0.001058  0.000923  0.000788  0.000654  0.000523  0.000398  0.000279
 -0.000000 -0.000000  0.000000  0.000000  0.000000  0.000000  0.000000
  1.000000  0.000000
  0.258783  0.258776  0.258769  0.258762  0.258756  0.258751  0.258747  0.258744
  0.258742  0.258740  0.258737  0.258733  0.258729  0.258724  0.258718  0.258711
  0.258702  0.258692  0.258681  0.258667  0.258651  0.258632  0.258609  0.258580
  0.258546  0.258507  0.258466  0.258424  0.258383  0.258342  0.258301  0.258262
  0.258227  0.258195  0.258167  0.258144  0.258123  0.258106  0.258092  0.258080
  0.258071  0.258065  0.258058  0.258051  0.258042  0.258033  0.258022
 ***************************************************************
 ************STARTING THE INPUT FOR EACH BLADE ROW**************
  BLADE ROW NUMBER =       10                                           
    NUMBER OF BLADES IN ROW 
       131
        JM        JLE       JTE 
        50        10        41
      KTIPSTART  KTIPEND 
         0         0
       BOUNDARY LAYER TRANSITION POINTS 
         0         0         0         0
  SET NEWGRID= 1 TO GENERATE A NEW GRID WITH DIFFERENT "J" POINTS AND SPACINGS.
         0
   RPMROW,    RPMHUB 
       0.0       0.0
       JROTHS    JROTHE    JROTTS    JROTTE 
         1         1         1         1
   PUPROW    PLEROW   PTEROW    PDROW 
 1013041.7 1013041.7 1161549.1 1161549.1
      NSECS_ROW   INSURF  
         3         0
  IF_CUSP_OUT   IFANGLES 
         1         0
         0         3         0
 ***************************************************************
  ROW NUMBER          10  SECTION NUMBER            1
           0           0           0  IF_DESIGN etc 
   1.00000   0.00000    0
  0.130244  0.130926  0.131456  0.131870  0.132191  0.132442  0.132636  0.132788
  0.132906  0.132998  0.133090  0.133192  0.133306  0.133435  0.133580  0.133743
  0.133927  0.134132  0.134362  0.134619  0.134907  0.135231  0.135598  0.136031
  0.136528  0.137079  0.137641  0.138201  0.138752  0.139307  0.139863  0.140414
  0.140940  0.141434  0.141893  0.142321  0.142719  0.143086  0.143422  0.143729
  0.144004  0.144280  0.144608  0.144999  0.145464  0.146018  0.146678  0.147464
  0.148399  0.149513
  1.000000  0.000000
 -0.012688 -0.011584 -0.010725 -0.010056 -0.009536 -0.009130 -0.008815 -0.008569
 -0.008378 -0.008229 -0.007939 -0.007750 -0.007542 -0.007312 -0.007056 -0.006773
 -0.006460 -0.006117 -0.005742 -0.005332 -0.004886 -0.004398 -0.003864 -0.003258
 -0.002592 -0.001893 -0.001219 -0.000586  0.000000  0.000555  0.001074  0.001554
  0.001979  0.002351  0.002672  0.002951  0.003192  0.003398  0.003575  0.003725
  0.003753  0.003947  0.004177  0.004452  0.004778  0.005167  0.005631  0.006182
  0.006839  0.007621
  1.000000
  0.000000  0.000000  0.000000  0.000000  0.000000  0.000000  0.000000  0.000000
  0.000000  0.000000  0.000300  0.000399  0.000467  0.000526  0.000590  0.000660
  0.000736  0.000818  0.000904  0.000995  0.001089  0.001186  0.001285  0.001385
  0.001480  0.001557  0.001608  0.001630  0.001623  0.001588  0.001525  0.001434
  0.001322  0.001193  0.001053  0.000905  0.000753  0.000600  0.000448  0.000301
 -0.000000 -0.000000  0.000000  0.000000  0.000000  0.000000  0.000000  0.000000
  0.000000  0.000000
  1.000000  0.000000
  0.241929  0.241943  0.241953  0.241960  0.241965  0.241969  0.241972  0.241975
  0.241977  0.241978  0.241980  0.241983  0.241986  0.241989  0.241993  0.241998
  0.242004  0.242011  0.242019  0.242029  0.242040  0.242054  0.242070  0.242090
  0.242114  0.242142  0.242172  0.242203  0.242234  0.242265  0.242296  0.242327
  0.242356  0.242383  0.242407  0.242428  0.242447  0.242464  0.242479  0.242492
  0.242503  0.242508  0.242514  0.242521  0.242527  0.242535  0.242542  0.242549
  0.242554  0.242557
 ***************************************************************
  ROW NUMBER          10  SECTION NUMBER            2
           0           0           0  IF_DESIGN etc 
   1.00000   0.00000    0
  0.130247  0.130928  0.131458  0.131871  0.132192  0.132442  0.132637  0.132788
  0.132906  0.132998  0.133090  0.133192  0.133306  0.133435  0.133580  0.133743
  0.133926  0.134132  0.134361  0.134618  0.134906  0.135230  0.135597  0.136030
  0.136527  0.137078  0.137640  0.138200  0.138751  0.139306  0.139863  0.140414
  0.140940  0.141434  0.141893  0.142321  0.142719  0.143086  0.143423  0.143729
  0.144004  0.144280  0.144608  0.144998  0.145463  0.146016  0.146675  0.147460
  0.148395  0.149507
  1.000000  0.000000
 -0.012286 -0.011219 -0.010388 -0.009741 -0.009237 -0.008845 -0.008540 -0.008302
 -0.008118 -0.007974 -0.007691 -0.007508 -0.007306 -0.007083 -0.006835 -0.006561
 -0.006257 -0.005925 -0.005562 -0.005165 -0.004732 -0.004259 -0.003742 -0.003155
 -0.002510 -0.001833 -0.001180 -0.000567  0.000000  0.000537  0.001039  0.001502
  0.001913  0.002273  0.002582  0.002851  0.003083  0.003282  0.003452  0.003596
  0.003621  0.003808  0.004032  0.004298  0.004614  0.004991  0.005440  0.005974
  0.006611  0.007368
  1.000000
  0.000000  0.000000  0.000000  0.000000  0.000000  0.000000  0.000000  0.000000
  0.000000  0.000000  0.000295  0.000392  0.000459  0.000517  0.000580  0.000649
  0.000723  0.000803  0.000887  0.000977  0.001069  0.001165  0.001262  0.001360
  0.001453  0.001529  0.001579  0.001601  0.001594  0.001560  0.001497  0.001408
  0.001298  0.001172  0.001034  0.000889  0.000740  0.000589  0.000440  0.000296
 -0.000000 -0.000000  0.000000  0.000000  0.000000  0.000000  0.000000  0.000000
  0.000000  0.000000
  1.000000  0.000000
  0.250000  0.250000  0.250000  0.250000  0.250000  0.250000  0.250000  0.250000
  0.250000  0.250000  0.250000  0.250000  0.250000  0.250000  0.250000  0.250000
  0.250000  0.250000  0.250000  0.250000  0.250000  0.250000  0.250000  0.250000
  0.250000  0.250000  0.250000  0.250000  0.250000  0.250000  0.250000  0.250000
  0.250000  0.250000  0.250000  0.250000  0.250000  0.250000  0.250000  0.250000
  0.250000  0.250000  0.250000  0.250000  0.250000  0.250000  0.250000  0.250000
  0.250000  0.250000
 ***************************************************************
  ROW NUMBER          10  SECTION NUMBER            3
           0           0           0  IF_DESIGN etc 
   1.00000   0.00000    0
  0.130245  0.130926  0.131457  0.131870  0.132192  0.132442  0.132637  0.132789
  0.132907  0.132998  0.133090  0.133192  0.133307  0.133435  0.133580  0.133743
  0.133927  0.134132  0.134362  0.134619  0.134907  0.135231  0.135598  0.136031
  0.136528  0.137079  0.137641  0.138201  0.138752  0.139307  0.139863  0.140414
  0.140939  0.141433  0.141892  0.142320  0.142718  0.143085  0.143422  0.143728
  0.144003  0.144279  0.144607  0.144998  0.145463  0.146017  0.146677  0.147463
  0.148398  0.149512
  1.000000  0.000000
 -0.011935 -0.010899 -0.010093 -0.009465 -0.008976 -0.008596 -0.008300 -0.008070
 -0.007890 -0.007751 -0.007475 -0.007296 -0.007101 -0.006884 -0.006643 -0.006376
 -0.006081 -0.005758 -0.005404 -0.005018 -0.004597 -0.004138 -0.003635 -0.003064
 -0.002438 -0.001780 -0.001146 -0.000551  0.000000  0.000521  0.001008  0.001457
  0.001856  0.002203  0.002503  0.002763  0.002987  0.003180  0.003344  0.003483
  0.003504  0.003686  0.003903  0.004162  0.004469  0.004836  0.005272  0.005791
  0.006410  0.007147
  1.000000
  0.000000  0.000000  0.000000  0.000000  0.000000  0.000000  0.000000  0.000000
  0.000000  0.000000  0.000291  0.000386  0.000452  0.000509  0.000571  0.000639
  0.000712  0.000791  0.000874  0.000962  0.001054  0.001148  0.001243  0.001340
  0.001431  0.001507  0.001556  0.001577  0.001570  0.001536  0.001475  0.001387
  0.001279  0.001154  0.001019  0.000876  0.000729  0.000580  0.000434  0.000292
 -0.000000 -0.000000  0.000000  0.000000  0.000000  0.000000  0.000000  0.000000
  0.000000  0.000000
  1.000000  0.000000
  0.258071  0.258057  0.258047  0.258040  0.258035  0.258031  0.258028  0.258025
  0.258023  0.258022  0.258020  0.258017  0.258014  0.258011  0.258007  0.258002
  0.257996  0.257989  0.257981  0.257971  0.257960  0.257947  0.257930  0.257910
  0.257886  0.257858  0.257828  0.257797  0.257766  0.257735  0.257704  0.257673
  0.257644  0.257617  0.257593  0.257572  0.257553  0.257536  0.257521  0.257508
  0.257497  0.257492  0.257486  0.257479  0.257472  0.257465  0.257458  0.257452
  0.257446  0.257443
  STARTING INLET BOUNDARY CONDITION DATA .
  NUMBER OF POINTS FOR INLET BOUNDARY CONDITIONS 
        37
  SPACING OF INLET BOUNDARY CONDITION POINTS 
  1.000000  1.250000  1.562500  1.953125  2.441406  3.051758  3.814697  4.768372
  5.960464  7.450581  9.313226 11.641532 14.551915 18.189894 20.000000 20.000000
 20.000000 20.000000 20.000000 20.000000 20.000000 20.000000 18.189894 14.551915
 11.641532  9.313226  7.450581  5.960464  4.768372  3.814697  3.051758  2.441406
  1.953125  1.562500  1.250000  1.000000
   INLET STAGNATION PRESSURES 
  250000.0  250000.0  250000.0  250000.0  250000.0  250000.0  250000.0  250000.0
  250000.0  250000.0  250000.0  250000.0  250000.0  250000.0  250000.0  250000.0
  250000.0  250000.0  250000.0  250000.0  250000.0  250000.0  250000.0  250000.0
  250000.0  250000.0  250000.0  250000.0  250000.0  250000.0  250000.0  250000.0
  250000.0  250000.0  250000.0  250000.0  250000.0
   INLET STAGNATION TEMPERATURES 
  400.0000  400.0000  400.0000  400.0000  400.0000  400.0000  400.0000  400.0000
  400.0000  400.0000  400.0000  400.0000  400.0000  400.0000  400.0000  400.0000
  400.0000  400.0000  400.0000  400.0000  400.0000  400.0000  400.0000  400.0000
  400.0000  400.0000  400.0000  400.0000  400.0000  400.0000  400.0000  400.0000
  400.0000  400.0000  400.0000  400.0000  400.0000
   INLET ABSOLUTE TANGENTIAL VELOCITY 
    0.0000    0.0000    0.0000    0.0000    0.0000    0.0000    0.0000    0.0000
    0.0000    0.0000    0.0000    0.0000    0.0000    0.0000    0.0000    0.0000
    0.0000    0.0000    0.0000    0.0000    0.0000    0.0000    0.0000    0.0000
    0.0000    0.0000    0.0000    0.0000    0.0000    0.0000    0.0000    0.0000
    0.0000    0.0000    0.0000    0.0000    0.0000
   INLET MERIDIONAL VELOCITY 
  176.8715  176.8715  176.8715  176.8715  176.8715  176.8715  176.8715  176.8715
  176.8715  176.8715  176.8715  176.8715  176.8715  176.8715  176.8715  176.8715
  176.8715  176.8715  176.8715  176.8715  176.8715  176.8715  176.8715  176.8715
  176.8715  176.8715  176.8715  176.8715  176.8715  176.8715  176.8715  176.8715
  176.8715  176.8715  176.8715  176.8715  176.8715
   INLET MERIDIONAL YAW ANGLE  
   35.4353   35.4353   35.4353   35.4353   35.4353   35.4353   35.4353   35.4353
   35.4353   35.4353   35.4353   35.4353   35.4353   35.4353   35.4353   35.4353
   35.4353   35.4353   35.4353   35.4353   35.4353   35.4353   35.4353   35.4353
   35.4353   35.4353   35.4353   35.4353   35.4353   35.4353   35.4353   35.4353
   35.4353   35.4353   35.4353   35.4353   35.4353
   INLET PITCH ANGLE 
   -0.6438   -0.6399   -0.6351   -0.6291   -0.6215   -0.6121   -0.6003   -0.5856
   -0.5672   -0.5442   -0.5155   -0.4796   -0.4347   -0.3786   -0.3084   -0.2313
   -0.1541   -0.0770    0.0002    0.0773    0.1545    0.2316    0.3087    0.3789
    0.4350    0.4799    0.5158    0.5446    0.5676    0.5860    0.6007    0.6125
    0.6219    0.6294    0.6354    0.6403    0.6441
   PDOWN_HUB   PDOWN_TIP 
 1161549.1 1161549.1
 MIXING LENGTH LIMITS ON ALL BLADE ROWS
  0.050000  0.050000  0.050000  0.050000  0.050000  0.030000
  0.050000  0.050000  0.050000  0.050000  0.050000  0.030000
  0.050000  0.050000  0.050000  0.050000  0.050000  0.030000
  0.050000  0.050000  0.050000  0.050000  0.050000  0.030000
  0.050000  0.050000  0.050000  0.050000  0.050000  0.030000
  0.050000  0.050000  0.050000  0.050000  0.050000  0.030000
  0.050000  0.050000  0.050000  0.050000  0.050000  0.030000
  0.050000  0.050000  0.050000  0.050000  0.050000  0.030000
  0.050000  0.050000  0.050000  0.050000  0.050000  0.030000
  0.050000  0.050000  0.050000  0.050000  0.050000  0.030000
  FACTOR TO INCREASE THE TURBULENT VISCOSITY OVER THE FIRST NMIXUP STEPS 
   2.00000 1000
