    3D DATASET FOR MULTALL, GENERATED BY STAGEN  
   37    0   37    0 9000    0    0    3    8    1    2   37   10   10 1000
    0    2    1    3    0    1    0   10    5    0    1    0
    3    3    3    9    9    9    1    3    1
  BLADE ROW NUMBER =        1                                           
   62   15   54  191    0    0    1    1    1    1    0    0    0    0    0    0
       0.0 1379816.9 1379816.9 1195863.0 1195863.0   0.00000       0.0
  1.000000
 -0.008418 -0.006743 -0.005384 -0.004281 -0.003385 -0.002658 -0.002069 -0.001590
 -0.001201 -0.000886 -0.000630 -0.000422 -0.000253 -0.000116 -0.000005  0.000106
  0.000227  0.000358  0.000503  0.000661  0.000835  0.001027  0.001237  0.001467
  0.001718  0.001992  0.002292  0.002620  0.002979  0.003373  0.003808  0.004302
  0.004860  0.005476  0.006142  0.006821  0.007500  0.008174  0.008841  0.009512
  0.010186  0.010856  0.011514  0.012146  0.012748  0.013317  0.013855  0.014364
  0.014843  0.015293  0.015714  0.016106  0.016469  0.016802  0.017135  0.017511
  0.017935  0.018412  0.018950  0.019556  0.020238  0.021008
  1.000000
 -0.001021 -0.001362 -0.001639 -0.001863 -0.002045 -0.002193 -0.002313 -0.002411
 -0.002490 -0.002554 -0.002606 -0.002648 -0.002683 -0.002711 -0.002733 -0.002405
 -0.002305 -0.002279 -0.002283 -0.002287 -0.002289 -0.002289 -0.002286 -0.002278
 -0.002266 -0.002247 -0.002220 -0.002184 -0.002135 -0.002070 -0.001985 -0.001872
 -0.001723 -0.001532 -0.001294 -0.001019 -0.000710 -0.000369  0.000000  0.000404
  0.000843  0.001312  0.001805  0.002308  0.002814  0.003316  0.003813  0.004302
  0.004780  0.005244  0.005692  0.006120  0.006476  0.006250  0.006680  0.007164
  0.007709  0.008324  0.009017  0.009798  0.010677  0.011669
  1.000000
  0.000000  0.000000  0.000000  0.000000  0.000000  0.000000  0.000000  0.000000
  0.000000  0.000000  0.000000  0.000000  0.000000  0.000000  0.000000  0.000623
  0.000788  0.000856  0.000894  0.000934  0.000978  0.001024  0.001074  0.001127
  0.001182  0.001240  0.001302  0.001365  0.001430  0.001497  0.001565  0.001635
  0.001704  0.001768  0.001825  0.001866  0.001892  0.001904  0.001902  0.001884
  0.001851  0.001804  0.001743  0.001671  0.001591  0.001504  0.001412  0.001317
  0.001219  0.001120  0.001022  0.000926  0.000782  0.000000  0.000000  0.000000
  0.000000  0.000000  0.000000  0.000000  0.000000  0.000000
  1.000000
  0.413291  0.413272  0.413253  0.413235  0.413219  0.413205  0.413193  0.413182
  0.413173  0.413166  0.413160  0.413155  0.413150  0.413147  0.413144  0.413139
  0.413134  0.413128  0.413122  0.413115  0.413107  0.413098  0.413088  0.413077
  0.413065  0.413052  0.413037  0.413020  0.413001  0.412980  0.412957  0.412930
  0.412899  0.412864  0.412826  0.412787  0.412748  0.412709  0.412671  0.412633
  0.412596  0.412559  0.412525  0.412492  0.412463  0.412436  0.412411  0.412389
  0.412370  0.412352  0.412337  0.412323  0.412311  0.412301  0.412293  0.412285
  0.412275  0.412264  0.412251  0.412236  0.412219  0.412199
  1.000000
 -0.008409 -0.006736 -0.005378 -0.004276 -0.003382 -0.002656 -0.002067 -0.001588
 -0.001200 -0.000885 -0.000629 -0.000421 -0.000253 -0.000116 -0.000005  0.000106
  0.000227  0.000358  0.000502  0.000661  0.000835  0.001026  0.001236  0.001466
  0.001717  0.001992  0.002291  0.002619  0.002978  0.003373  0.003808  0.004302
  0.004860  0.005476  0.006143  0.006821  0.007501  0.008175  0.008842  0.009514
  0.010187  0.010858  0.011516  0.012148  0.012750  0.013319  0.013856  0.014365
  0.014844  0.015294  0.015715  0.016106  0.016469  0.016802  0.017135  0.017510
  0.017933  0.018410  0.018947  0.019553  0.020235  0.021004
  1.000000
 -0.001004 -0.001338 -0.001609 -0.001829 -0.002008 -0.002153 -0.002270 -0.002366
 -0.002444 -0.002506 -0.002558 -0.002599 -0.002633 -0.002660 -0.002682 -0.002355
 -0.002257 -0.002232 -0.002235 -0.002239 -0.002241 -0.002241 -0.002237 -0.002230
 -0.002217 -0.002199 -0.002172 -0.002136 -0.002088 -0.002024 -0.001941 -0.001830
 -0.001684 -0.001498 -0.001265 -0.000996 -0.000693 -0.000361  0.000000  0.000395
  0.000823  0.001282  0.001763  0.002254  0.002748  0.003239  0.003724  0.004201
  0.004668  0.005121  0.005558  0.005976  0.006323  0.006091  0.006511  0.006985
  0.007518  0.008119  0.008797  0.009560  0.010421  0.011390
  1.000000
  0.000000  0.000000  0.000000  0.000000  0.000000  0.000000  0.000000  0.000000
  0.000000  0.000000  0.000000  0.000000  0.000000  0.000000  0.000000  0.000621
  0.000784  0.000851  0.000889  0.000929  0.000972  0.001018  0.001067  0.001120
  0.001175  0.001233  0.001294  0.001357  0.001422  0.001488  0.001555  0.001625
  0.001693  0.001757  0.001813  0.001854  0.001881  0.001892  0.001889  0.001872
  0.001840  0.001793  0.001732  0.001661  0.001581  0.001495  0.001404  0.001309
  0.001212  0.001113  0.001016  0.000920  0.000777  0.000000  0.000000  0.000000
  0.000000  0.000000  0.000000  0.000000  0.000000  0.000000
  1.000000
  0.421200  0.421200  0.421200  0.421200  0.421200  0.421200  0.421200  0.421200
  0.421200  0.421200  0.421200  0.421200  0.421200  0.421200  0.421200  0.421200
  0.421200  0.421200  0.421200  0.421200  0.421200  0.421200  0.421200  0.421200
  0.421200  0.421200  0.421200  0.421200  0.421200  0.421200  0.421200  0.421200
  0.421200  0.421200  0.421200  0.421200  0.421200  0.421200  0.421200  0.421200
  0.421200  0.421200  0.421200  0.421200  0.421200  0.421200  0.421200  0.421200
  0.421200  0.421200  0.421200  0.421200  0.421200  0.421200  0.421200  0.421200
  0.421200  0.421200  0.421200  0.421200  0.421200  0.421200
  1.000000
 -0.008417 -0.006743 -0.005384 -0.004280 -0.003385 -0.002658 -0.002068 -0.001589
 -0.001201 -0.000885 -0.000629 -0.000421 -0.000253 -0.000116 -0.000005  0.000106
  0.000227  0.000359  0.000503  0.000661  0.000835  0.001027  0.001237  0.001467
  0.001718  0.001992  0.002292  0.002620  0.002979  0.003373  0.003809  0.004303
  0.004860  0.005476  0.006142  0.006821  0.007501  0.008174  0.008841  0.009513
  0.010186  0.010856  0.011514  0.012147  0.012749  0.013318  0.013855  0.014364
  0.014843  0.015294  0.015715  0.016106  0.016469  0.016802  0.017136  0.017511
  0.017935  0.018412  0.018950  0.019556  0.020239  0.021008
  1.000000
 -0.000990 -0.001318 -0.001585 -0.001801 -0.001977 -0.002119 -0.002235 -0.002329
 -0.002405 -0.002467 -0.002518 -0.002558 -0.002591 -0.002618 -0.002640 -0.002314
 -0.002217 -0.002192 -0.002196 -0.002199 -0.002201 -0.002200 -0.002196 -0.002189
 -0.002177 -0.002158 -0.002132 -0.002096 -0.002048 -0.001985 -0.001904 -0.001795
 -0.001652 -0.001468 -0.001240 -0.000976 -0.000680 -0.000354  0.000000  0.000387
  0.000807  0.001256  0.001727  0.002208  0.002692  0.003172  0.003647  0.004115
  0.004572  0.005016  0.005443  0.005852  0.006191  0.005954  0.006365  0.006830
  0.007353  0.007943  0.008607  0.009356  0.010200  0.011151
  1.000000
  0.000000  0.000000  0.000000  0.000000  0.000000  0.000000  0.000000  0.000000
  0.000000  0.000000  0.000000  0.000000  0.000000  0.000000  0.000000  0.000621
  0.000782  0.000848  0.000886  0.000926  0.000969  0.001015  0.001064  0.001116
  0.001171  0.001229  0.001289  0.001352  0.001417  0.001483  0.001550  0.001620
  0.001688  0.001751  0.001807  0.001848  0.001874  0.001886  0.001883  0.001866
  0.001834  0.001787  0.001726  0.001655  0.001576  0.001490  0.001399  0.001304
  0.001207  0.001110  0.001013  0.000917  0.000775  0.000000  0.000000  0.000000
  0.000000  0.000000  0.000000  0.000000  0.000000  0.000000
  1.000000
  0.429109  0.429128  0.429147  0.429165  0.429181  0.429195  0.429207  0.429218
  0.429227  0.429234  0.429240  0.429245  0.429250  0.429253  0.429256  0.429261
  0.429266  0.429272  0.429278  0.429285  0.429293  0.429302  0.429312  0.429323
  0.429335  0.429348  0.429363  0.429380  0.429399  0.429420  0.429443  0.429470
  0.429501  0.429536  0.429574  0.429613  0.429652  0.429691  0.429729  0.429767
  0.429804  0.429841  0.429875  0.429908  0.429937  0.429964  0.429989  0.430011
  0.430030  0.430048  0.430063  0.430077  0.430089  0.430099  0.430107  0.430115
  0.430125  0.430136  0.430149  0.430164  0.430181  0.430201
  BLADE ROW NUMBER =        2                                           
   59   12   51  173    0    0    1    1    1    1    0    0    0    0    0    0
    6930.4 1195863.0 1195863.0 1032058.5 1032058.5   0.00000    6930.4
  1.000000
  0.016366  0.017329  0.018112  0.018750  0.019268  0.019690  0.020034  0.020313
  0.020540  0.020725  0.020876  0.020998  0.021120  0.021253  0.021398  0.021557
  0.021732  0.021924  0.022135  0.022366  0.022619  0.022896  0.023198  0.023528
  0.023889  0.024285  0.024719  0.025199  0.025743  0.026356  0.027035  0.027769
  0.028516  0.029264  0.030006  0.030740  0.031479  0.032221  0.032959  0.033683
  0.034380  0.035042  0.035669  0.036261  0.036821  0.037349  0.037845  0.038308
  0.038740  0.039139  0.039506  0.039873  0.040287  0.040754  0.041279  0.041872
  0.042539  0.043292  0.044139
  1.000000
 -0.000981 -0.000743 -0.000550 -0.000393 -0.000265 -0.000160 -0.000076 -0.000007
  0.000049  0.000095  0.000132  0.000162  0.000521  0.000611  0.000679  0.000747
  0.000815  0.000883  0.000950  0.001018  0.001083  0.001145  0.001202  0.001252
  0.001293  0.001323  0.001335  0.001326  0.001288  0.001210  0.001081  0.000891
  0.000646  0.000347  0.000000 -0.000394 -0.000840 -0.001338 -0.001882 -0.002465
 -0.003069 -0.003685 -0.004303 -0.004919 -0.005530 -0.006132 -0.006719 -0.007288
 -0.007835 -0.008355 -0.008970 -0.009427 -0.009942 -0.010523 -0.011177 -0.011914
 -0.012745 -0.013681 -0.014736
  1.000000
  0.000000  0.000000  0.000000  0.000000  0.000000  0.000000  0.000000  0.000000
  0.000000  0.000000  0.000000  0.000000  0.000749  0.000960  0.001077  0.001150
  0.001217  0.001284  0.001351  0.001418  0.001485  0.001551  0.001616  0.001680
  0.001742  0.001803  0.001859  0.001912  0.001962  0.002005  0.002037  0.002057
  0.002062  0.002052  0.002028  0.001993  0.001947  0.001888  0.001821  0.001743
  0.001660  0.001574  0.001485  0.001395  0.001305  0.001216  0.001128  0.001043
  0.000961  0.000832  0.000000  0.000000  0.000000  0.000000  0.000000  0.000000
  0.000000  0.000000  0.000000
  1.000000
  0.412315  0.412289  0.412271  0.412256  0.412243  0.412233  0.412224  0.412217
  0.412211  0.412206  0.412202  0.412199  0.412194  0.412189  0.412184  0.412177
  0.412170  0.412161  0.412152  0.412141  0.412128  0.412114  0.412098  0.412080
  0.412059  0.412035  0.412008  0.411977  0.411940  0.411897  0.411849  0.411796
  0.411741  0.411686  0.411632  0.411579  0.411528  0.411478  0.411430  0.411387
  0.411348  0.411314  0.411286  0.411262  0.411242  0.411227  0.411215  0.411207
  0.411201  0.411198  0.411197  0.411206  0.411215  0.411226  0.411237  0.411247
  0.411257  0.411265  0.411269
  1.000000
  0.016373  0.017335  0.018117  0.018754  0.019272  0.019693  0.020036  0.020315
  0.020542  0.020727  0.020877  0.021000  0.021122  0.021255  0.021400  0.021559
  0.021733  0.021925  0.022135  0.022367  0.022620  0.022897  0.023198  0.023529
  0.023890  0.024285  0.024720  0.025199  0.025743  0.026357  0.027036  0.027769
  0.028517  0.029266  0.030007  0.030742  0.031482  0.032223  0.032962  0.033686
  0.034383  0.035046  0.035672  0.036264  0.036824  0.037352  0.037847  0.038311
  0.038742  0.039141  0.039508  0.039875  0.040288  0.040754  0.041279  0.041870
  0.042537  0.043288  0.044135
  1.000000
 -0.000431 -0.000239 -0.000083  0.000045  0.000148  0.000232  0.000301  0.000357
  0.000402  0.000439  0.000469  0.000493  0.000860  0.000950  0.001012  0.001072
  0.001132  0.001192  0.001251  0.001308  0.001362  0.001412  0.001456  0.001493
  0.001519  0.001531  0.001526  0.001498  0.001439  0.001338  0.001183  0.000968
  0.000696  0.000372  0.000000 -0.000417 -0.000886 -0.001404 -0.001971 -0.002573
 -0.003195 -0.003827 -0.004460 -0.005090 -0.005714 -0.006326 -0.006924 -0.007502
 -0.008056 -0.008584 -0.009206 -0.009669 -0.010190 -0.010778 -0.011440 -0.012186
 -0.013026 -0.013974 -0.015042
  1.000000
  0.000000  0.000000  0.000000  0.000000  0.000000  0.000000  0.000000  0.000000
  0.000000  0.000000  0.000000  0.000000  0.000768  0.000982  0.001093  0.001164
  0.001232  0.001300  0.001368  0.001436  0.001503  0.001570  0.001635  0.001700
  0.001763  0.001824  0.001881  0.001935  0.001985  0.002028  0.002061  0.002081
  0.002086  0.002075  0.002052  0.002017  0.001969  0.001911  0.001842  0.001764
  0.001680  0.001592  0.001502  0.001411  0.001320  0.001230  0.001141  0.001055
  0.000972  0.000839  0.000000  0.000000  0.000000  0.000000  0.000000  0.000000
  0.000000  0.000000  0.000000
  1.000000
  0.421200  0.421200  0.421200  0.421200  0.421200  0.421200  0.421200  0.421200
  0.421200  0.421200  0.421200  0.421200  0.421200  0.421200  0.421200  0.421200
  0.421200  0.421200  0.421200  0.421200  0.421200  0.421200  0.421200  0.421200
  0.421200  0.421200  0.421200  0.421200  0.421200  0.421200  0.421200  0.421200
  0.421200  0.421200  0.421200  0.421200  0.421200  0.421200  0.421200  0.421200
  0.421200  0.421200  0.421200  0.421200  0.421200  0.421200  0.421200  0.421200
  0.421200  0.421200  0.421200  0.421200  0.421200  0.421200  0.421200  0.421200
  0.421200  0.421200  0.421200
  1.000000
  0.016369  0.017332  0.018115  0.018753  0.019272  0.019694  0.020037  0.020316
  0.020543  0.020728  0.020879  0.021001  0.021124  0.021257  0.021402  0.021561
  0.021735  0.021927  0.022138  0.022369  0.022623  0.022899  0.023201  0.023532
  0.023893  0.024288  0.024723  0.025202  0.025746  0.026360  0.027039  0.027772
  0.028519  0.029268  0.030009  0.030744  0.031483  0.032224  0.032962  0.033687
  0.034383  0.035046  0.035672  0.036264  0.036824  0.037352  0.037848  0.038311
  0.038743  0.039142  0.039509  0.039877  0.040290  0.040757  0.041282  0.041875
  0.042542  0.043295  0.044143
  1.000000
  0.000101  0.000250  0.000370  0.000468  0.000548  0.000613  0.000666  0.000709
  0.000744  0.000772  0.000795  0.000814  0.001190  0.001284  0.001340  0.001394
  0.001446  0.001498  0.001548  0.001595  0.001639  0.001678  0.001710  0.001733
  0.001744  0.001741  0.001719  0.001672  0.001592  0.001467  0.001288  0.001045
  0.000746  0.000397  0.000000 -0.000441 -0.000933 -0.001475 -0.002064 -0.002687
 -0.003330 -0.003980 -0.004630 -0.005275 -0.005913 -0.006539 -0.007148 -0.007737
 -0.008301 -0.008837 -0.009433 -0.009903 -0.010432 -0.011029 -0.011701 -0.012458
 -0.013311 -0.014273 -0.015357
  1.000000
  0.000000  0.000000  0.000000  0.000000  0.000000  0.000000  0.000000  0.000000
  0.000000  0.000000  0.000000  0.000000  0.000787  0.001007  0.001110  0.001181
  0.001251  0.001320  0.001389  0.001457  0.001525  0.001593  0.001660  0.001726
  0.001789  0.001851  0.001910  0.001964  0.002014  0.002058  0.002092  0.002112
  0.002116  0.002106  0.002083  0.002047  0.001999  0.001939  0.001869  0.001790
  0.001704  0.001615  0.001524  0.001432  0.001340  0.001248  0.001158  0.001071
  0.000986  0.000849  0.000000  0.000000  0.000000  0.000000  0.000000  0.000000
  0.000000  0.000000  0.000000
  1.000000
  0.430086  0.430111  0.430129  0.430144  0.430157  0.430167  0.430176  0.430183
  0.430189  0.430194  0.430198  0.430201  0.430206  0.430211  0.430216  0.430223
  0.430230  0.430239  0.430248  0.430259  0.430272  0.430286  0.430302  0.430321
  0.430342  0.430366  0.430393  0.430424  0.430460  0.430503  0.430551  0.430604
  0.430659  0.430714  0.430768  0.430821  0.430872  0.430922  0.430970  0.431013
  0.431052  0.431086  0.431114  0.431138  0.431158  0.431173  0.431185  0.431193
  0.431199  0.431202  0.431203  0.431194  0.431184  0.431174  0.431163  0.431153
  0.431143  0.431135  0.431131
  BLADE ROW NUMBER =        3                                           
   59   12   51  173    0    0    1    1    1    1    0    0    0    0    0    0
       0.0 1032058.5 1032058.5  885771.4  885771.4   0.00000       0.0
  1.000000
  0.043260  0.044224  0.045008  0.045646  0.046165  0.046587  0.046931  0.047210
  0.047438  0.047623  0.047774  0.047896  0.048018  0.048151  0.048297  0.048456
  0.048630  0.048822  0.049033  0.049264  0.049518  0.049795  0.050097  0.050427
  0.050788  0.051184  0.051618  0.052098  0.052641  0.053255  0.053934  0.054667
  0.055414  0.056162  0.056904  0.057638  0.058377  0.059118  0.059857  0.060581
  0.061277  0.061940  0.062566  0.063158  0.063718  0.064246  0.064742  0.065206
  0.065637  0.066037  0.066404  0.066771  0.067186  0.067652  0.068178  0.068771
  0.069439  0.070191  0.071039
  1.000000
 -0.002079 -0.002276 -0.002437 -0.002567 -0.002674 -0.002760 -0.002830 -0.002887
 -0.002934 -0.002972 -0.003002 -0.003027 -0.002665 -0.002554 -0.002526 -0.002530
 -0.002534 -0.002537 -0.002537 -0.002533 -0.002525 -0.002512 -0.002491 -0.002461
 -0.002421 -0.002366 -0.002295 -0.002200 -0.002075 -0.001910 -0.001699 -0.001435
 -0.001130 -0.000787 -0.000409  0.000000  0.000448  0.000934  0.001455  0.002001
  0.002559  0.003120  0.003677  0.004228  0.004770  0.005300  0.005815  0.006311
  0.006786  0.007181  0.006934  0.007410  0.007946  0.008551  0.009233  0.010000
  0.010866  0.011841  0.012939
  1.000000
  0.000000  0.000000  0.000000  0.000000  0.000000  0.000000  0.000000  0.000000
  0.000000  0.000000  0.000000  0.000000  0.000687  0.000870  0.000944  0.000987
  0.001031  0.001079  0.001131  0.001185  0.001244  0.001305  0.001369  0.001437
  0.001507  0.001579  0.001652  0.001727  0.001805  0.001880  0.001951  0.002014
  0.002059  0.002088  0.002102  0.002099  0.002079  0.002043  0.001991  0.001924
  0.001844  0.001756  0.001660  0.001559  0.001453  0.001345  0.001237  0.001128
  0.001022  0.000863  0.000000  0.000000  0.000000  0.000000  0.000000  0.000000
  0.000000  0.000000  0.000000
  1.000000
  0.411265  0.411269  0.411267  0.411258  0.411248  0.411238  0.411228  0.411220
  0.411212  0.411206  0.411200  0.411196  0.411191  0.411186  0.411180  0.411173
  0.411165  0.411157  0.411147  0.411135  0.411122  0.411108  0.411091  0.411073
  0.411051  0.411027  0.410999  0.410967  0.410930  0.410887  0.410837  0.410781
  0.410723  0.410664  0.410605  0.410546  0.410487  0.410429  0.410372  0.410317
  0.410265  0.410218  0.410176  0.410137  0.410102  0.410071  0.410044  0.410020
  0.409999  0.409981  0.409965  0.409954  0.409942  0.409928  0.409912  0.409894
  0.409873  0.409849  0.409820
  1.000000
  0.043269  0.044231  0.045014  0.045650  0.046168  0.046590  0.046933  0.047212
  0.047439  0.047624  0.047774  0.047896  0.048019  0.048151  0.048296  0.048455
  0.048630  0.048821  0.049032  0.049263  0.049517  0.049793  0.050095  0.050425
  0.050786  0.051182  0.051616  0.052096  0.052640  0.053253  0.053932  0.054666
  0.055413  0.056162  0.056904  0.057639  0.058378  0.059120  0.059858  0.060583
  0.061279  0.061942  0.062569  0.063161  0.063721  0.064248  0.064744  0.065207
  0.065638  0.066037  0.066404  0.066771  0.067184  0.067650  0.068175  0.068767
  0.069434  0.070185  0.071031
  1.000000
 -0.002030 -0.002222 -0.002378 -0.002505 -0.002609 -0.002693 -0.002761 -0.002817
 -0.002862 -0.002899 -0.002929 -0.002954 -0.002594 -0.002485 -0.002457 -0.002462
 -0.002466 -0.002468 -0.002467 -0.002463 -0.002455 -0.002442 -0.002422 -0.002392
 -0.002352 -0.002299 -0.002229 -0.002138 -0.002015 -0.001855 -0.001649 -0.001393
 -0.001097 -0.000764 -0.000397  0.000000  0.000435  0.000907  0.001412  0.001941
  0.002482  0.003026  0.003567  0.004101  0.004626  0.005140  0.005640  0.006121
  0.006581  0.006963  0.006708  0.007170  0.007691  0.008279  0.008941  0.009687
  0.010528  0.011475  0.012543
  1.000000
  0.000000  0.000000  0.000000  0.000000  0.000000  0.000000  0.000000  0.000000
  0.000000  0.000000  0.000000  0.000000  0.000684  0.000864  0.000937  0.000979
  0.001023  0.001070  0.001121  0.001176  0.001233  0.001294  0.001358  0.001425
  0.001494  0.001566  0.001639  0.001713  0.001790  0.001865  0.001935  0.001997
  0.002042  0.002071  0.002084  0.002080  0.002062  0.002026  0.001974  0.001907
  0.001829  0.001741  0.001646  0.001546  0.001441  0.001334  0.001226  0.001119
  0.001013  0.000856  0.000000  0.000000  0.000000  0.000000  0.000000  0.000000
  0.000000  0.000000  0.000000
  1.000000
  0.421200  0.421200  0.421200  0.421200  0.421200  0.421200  0.421200  0.421200
  0.421200  0.421200  0.421200  0.421200  0.421200  0.421200  0.421200  0.421200
  0.421200  0.421200  0.421200  0.421200  0.421200  0.421200  0.421200  0.421200
  0.421200  0.421200  0.421200  0.421200  0.421200  0.421200  0.421200  0.421200
  0.421200  0.421200  0.421200  0.421200  0.421200  0.421200  0.421200  0.421200
  0.421200  0.421200  0.421200  0.421200  0.421200  0.421200  0.421200  0.421200
  0.421200  0.421200  0.421200  0.421200  0.421200  0.421200  0.421200  0.421200
  0.421200  0.421200  0.421200
  1.000000
  0.043260  0.044224  0.045008  0.045646  0.046165  0.046588  0.046931  0.047211
  0.047438  0.047623  0.047774  0.047896  0.048019  0.048152  0.048297  0.048456
  0.048631  0.048822  0.049033  0.049265  0.049518  0.049795  0.050097  0.050427
  0.050789  0.051184  0.051619  0.052098  0.052642  0.053255  0.053934  0.054668
  0.055415  0.056163  0.056904  0.057639  0.058378  0.059119  0.059857  0.060581
  0.061277  0.061940  0.062566  0.063159  0.063719  0.064247  0.064742  0.065206
  0.065638  0.066037  0.066404  0.066772  0.067186  0.067653  0.068179  0.068771
  0.069439  0.070192  0.071040
  1.000000
 -0.001992 -0.002180 -0.002333 -0.002457 -0.002559 -0.002641 -0.002708 -0.002763
 -0.002807 -0.002844 -0.002873 -0.002897 -0.002538 -0.002431 -0.002404 -0.002408
 -0.002411 -0.002413 -0.002412 -0.002408 -0.002400 -0.002386 -0.002366 -0.002337
 -0.002298 -0.002245 -0.002177 -0.002087 -0.001967 -0.001810 -0.001609 -0.001359
 -0.001070 -0.000745 -0.000388  0.000000  0.000424  0.000884  0.001376  0.001893
  0.002420  0.002951  0.003477  0.003998  0.004510  0.005011  0.005497  0.005966
  0.006414  0.006785  0.006522  0.006974  0.007483  0.008056  0.008703  0.009431
  0.010252  0.011178  0.012221
  1.000000
  0.000000  0.000000  0.000000  0.000000  0.000000  0.000000  0.000000  0.000000
  0.000000  0.000000  0.000000  0.000000  0.000684  0.000862  0.000934  0.000975
  0.001019  0.001066  0.001117  0.001171  0.001229  0.001289  0.001353  0.001419
  0.001489  0.001560  0.001633  0.001707  0.001784  0.001858  0.001928  0.001989
  0.002035  0.002064  0.002076  0.002073  0.002054  0.002019  0.001967  0.001901
  0.001822  0.001735  0.001640  0.001540  0.001436  0.001329  0.001222  0.001115
  0.001010  0.000853  0.000000  0.000000  0.000000  0.000000  0.000000  0.000000
  0.000000  0.000000  0.000000
  1.000000
  0.431135  0.431131  0.431133  0.431142  0.431152  0.431162  0.431172  0.431180
  0.431188  0.431194  0.431199  0.431204  0.431209  0.431214  0.431220  0.431227
  0.431235  0.431243  0.431253  0.431265  0.431278  0.431292  0.431309  0.431327
  0.431349  0.431373  0.431401  0.431433  0.431470  0.431513  0.431563  0.431619
  0.431677  0.431736  0.431795  0.431854  0.431913  0.431971  0.432029  0.432083
  0.432135  0.432182  0.432224  0.432263  0.432298  0.432329  0.432356  0.432380
  0.432401  0.432420  0.432435  0.432446  0.432458  0.432472  0.432488  0.432506
  0.432527  0.432551  0.432580
  BLADE ROW NUMBER =        4                                           
   59   12   51  173    0    0    1    1    1    1    0    0    0    0    0    0
    6930.4  885771.4  885771.4  756551.3  756551.3   0.00000    6930.4
  1.000000
  0.066381  0.067345  0.068130  0.068768  0.069288  0.069710  0.070054  0.070334
  0.070562  0.070747  0.070897  0.071020  0.071143  0.071276  0.071421  0.071580
  0.071755  0.071947  0.072158  0.072389  0.072643  0.072920  0.073222  0.073552
  0.073914  0.074309  0.074744  0.075224  0.075768  0.076382  0.077061  0.077794
  0.078542  0.079290  0.080032  0.080766  0.081505  0.082247  0.082985  0.083710
  0.084406  0.085069  0.085696  0.086288  0.086849  0.087377  0.087873  0.088337
  0.088769  0.089168  0.089536  0.089904  0.090318  0.090785  0.091312  0.091905
  0.092574  0.093327  0.094177
  1.000000
 -0.001131 -0.000881 -0.000677 -0.000511 -0.000376 -0.000267 -0.000178 -0.000105
 -0.000046  0.000002  0.000041  0.000073  0.000431  0.000521  0.000591  0.000660
  0.000730  0.000801  0.000871  0.000941  0.001009  0.001075  0.001135  0.001189
  0.001234  0.001268  0.001285  0.001281  0.001249  0.001178  0.001054  0.000872
  0.000634  0.000341  0.000000 -0.000388 -0.000829 -0.001321 -0.001862 -0.002439
 -0.003039 -0.003651 -0.004265 -0.004879 -0.005487 -0.006087 -0.006672 -0.007240
 -0.007785 -0.008304 -0.008917 -0.009373 -0.009887 -0.010466 -0.011119 -0.011855
 -0.012684 -0.013618 -0.014670
  1.000000
  0.000000  0.000000  0.000000  0.000000  0.000000  0.000000  0.000000  0.000000
  0.000000  0.000000  0.000000  0.000000  0.000746  0.000955  0.001075  0.001147
  0.001215  0.001282  0.001349  0.001416  0.001482  0.001548  0.001613  0.001677
  0.001739  0.001800  0.001856  0.001909  0.001958  0.002001  0.002033  0.002053
  0.002058  0.002048  0.002024  0.001989  0.001943  0.001885  0.001816  0.001740
  0.001657  0.001571  0.001482  0.001393  0.001303  0.001214  0.001126  0.001041
  0.000959  0.000831  0.000000  0.000000  0.000000  0.000000  0.000000  0.000000
  0.000000  0.000000  0.000000
  1.000000
  0.409966  0.409937  0.409914  0.409894  0.409878  0.409864  0.409853  0.409844
  0.409837  0.409830  0.409825  0.409821  0.409815  0.409808  0.409801  0.409792
  0.409782  0.409771  0.409759  0.409744  0.409728  0.409709  0.409688  0.409664
  0.409637  0.409605  0.409570  0.409529  0.409482  0.409426  0.409363  0.409293
  0.409222  0.409150  0.409078  0.409009  0.408941  0.408874  0.408811  0.408753
  0.408700  0.408655  0.408615  0.408581  0.408553  0.408531  0.408513  0.408499
  0.408489  0.408483  0.408479  0.408488  0.408498  0.408509  0.408520  0.408532
  0.408544  0.408554  0.408561
  1.000000
  0.066393  0.067355  0.068138  0.068775  0.069293  0.069715  0.070058  0.070337
  0.070565  0.070749  0.070900  0.071022  0.071144  0.071277  0.071422  0.071581
  0.071756  0.071947  0.072158  0.072390  0.072643  0.072920  0.073222  0.073552
  0.073913  0.074309  0.074744  0.075223  0.075767  0.076381  0.077061  0.077795
  0.078542  0.079291  0.080034  0.080769  0.081508  0.082250  0.082989  0.083714
  0.084411  0.085074  0.085701  0.086293  0.086853  0.087381  0.087877  0.088340
  0.088772  0.089171  0.089538  0.089905  0.090319  0.090785  0.091310  0.091902
  0.092569  0.093320  0.094167
  1.000000
 -0.000431 -0.000239 -0.000083  0.000045  0.000148  0.000232  0.000301  0.000357
  0.000402  0.000439  0.000469  0.000493  0.000860  0.000950  0.001012  0.001073
  0.001133  0.001192  0.001251  0.001308  0.001363  0.001413  0.001457  0.001493
  0.001520  0.001532  0.001527  0.001499  0.001440  0.001338  0.001183  0.000968
  0.000696  0.000372  0.000000 -0.000417 -0.000886 -0.001405 -0.001971 -0.002574
 -0.003197 -0.003829 -0.004462 -0.005092 -0.005716 -0.006329 -0.006927 -0.007505
 -0.008060 -0.008587 -0.009210 -0.009673 -0.010194 -0.010782 -0.011445 -0.012191
 -0.013032 -0.013980 -0.015048
  1.000000
  0.000000  0.000000  0.000000  0.000000  0.000000  0.000000  0.000000  0.000000
  0.000000  0.000000  0.000000  0.000000  0.000768  0.000983  0.001093  0.001164
  0.001233  0.001300  0.001369  0.001436  0.001504  0.001570  0.001636  0.001701
  0.001764  0.001824  0.001882  0.001936  0.001986  0.002029  0.002062  0.002082
  0.002086  0.002076  0.002053  0.002018  0.001970  0.001912  0.001842  0.001764
  0.001680  0.001592  0.001503  0.001412  0.001321  0.001230  0.001142  0.001055
  0.000972  0.000840  0.000000  0.000000  0.000000  0.000000  0.000000  0.000000
  0.000000  0.000000  0.000000
  1.000000
  0.421200  0.421200  0.421200  0.421200  0.421200  0.421200  0.421200  0.421200
  0.421200  0.421200  0.421200  0.421200  0.421200  0.421200  0.421200  0.421200
  0.421200  0.421200  0.421200  0.421200  0.421200  0.421200  0.421200  0.421200
  0.421200  0.421200  0.421200  0.421200  0.421200  0.421200  0.421200  0.421200
  0.421200  0.421200  0.421200  0.421200  0.421200  0.421200  0.421200  0.421200
  0.421200  0.421200  0.421200  0.421200  0.421200  0.421200  0.421200  0.421200
  0.421200  0.421200  0.421200  0.421200  0.421200  0.421200  0.421200  0.421200
  0.421200  0.421200  0.421200
  1.000000
  0.066385  0.067350  0.068134  0.068773  0.069292  0.069715  0.070058  0.070338
  0.070566  0.070751  0.070901  0.071024  0.071147  0.071280  0.071425  0.071584
  0.071759  0.071951  0.072162  0.072393  0.072647  0.072924  0.073226  0.073556
  0.073918  0.074313  0.074748  0.075228  0.075772  0.076386  0.077065  0.077798
  0.078546  0.079294  0.080036  0.080770  0.081509  0.082251  0.082989  0.083714
  0.084410  0.085073  0.085700  0.086292  0.086853  0.087381  0.087877  0.088341
  0.088773  0.089173  0.089540  0.089908  0.090322  0.090790  0.091316  0.091909
  0.092578  0.093332  0.094181
  1.000000
  0.000240  0.000377  0.000488  0.000579  0.000653  0.000713  0.000761  0.000801
  0.000833  0.000860  0.000881  0.000898  0.001278  0.001372  0.001427  0.001479
  0.001531  0.001580  0.001628  0.001673  0.001714  0.001750  0.001778  0.001798
  0.001805  0.001798  0.001772  0.001720  0.001634  0.001502  0.001317  0.001067
  0.000761  0.000404  0.000000 -0.000447 -0.000947 -0.001496 -0.002091 -0.002721
 -0.003369 -0.004026 -0.004681 -0.005331 -0.005973 -0.006604 -0.007217 -0.007809
 -0.008377 -0.008916 -0.009516 -0.009988 -0.010520 -0.011120 -0.011795 -0.012557
 -0.013415 -0.014381 -0.015471
  1.000000
  0.000000  0.000000  0.000000  0.000000  0.000000  0.000000  0.000000  0.000000
  0.000000  0.000000  0.000000  0.000000  0.000793  0.001015  0.001116  0.001188
  0.001258  0.001327  0.001396  0.001465  0.001533  0.001602  0.001669  0.001735
  0.001799  0.001860  0.001920  0.001975  0.002025  0.002069  0.002103  0.002123
  0.002127  0.002117  0.002093  0.002058  0.002010  0.001949  0.001878  0.001799
  0.001713  0.001624  0.001532  0.001439  0.001346  0.001254  0.001164  0.001076
  0.000991  0.000853  0.000000  0.000000  0.000000  0.000000  0.000000  0.000000
  0.000000  0.000000  0.000000
  1.000000
  0.432434  0.432463  0.432486  0.432506  0.432522  0.432536  0.432547  0.432556
  0.432564  0.432570  0.432575  0.432579  0.432585  0.432592  0.432600  0.432608
  0.432618  0.432629  0.432642  0.432656  0.432673  0.432691  0.432712  0.432737
  0.432764  0.432795  0.432831  0.432871  0.432919  0.432974  0.433037  0.433107
  0.433179  0.433251  0.433322  0.433391  0.433460  0.433526  0.433589  0.433647
  0.433700  0.433746  0.433785  0.433819  0.433847  0.433870  0.433888  0.433901
  0.433911  0.433917  0.433921  0.433912  0.433902  0.433891  0.433880  0.433868
  0.433856  0.433846  0.433839
  BLADE ROW NUMBER =        5                                           
   59   12   51  172    0    0    1    1    1    1    0    0    0    0    0    0
       0.0  756551.3  756551.3  642083.2  642083.2   0.00000       0.0
  1.000000
  0.094120  0.095086  0.095872  0.096511  0.097032  0.097455  0.097799  0.098079
  0.098307  0.098492  0.098643  0.098766  0.098889  0.099022  0.099167  0.099326
  0.099501  0.099693  0.099904  0.100136  0.100390  0.100667  0.100969  0.101300
  0.101661  0.102057  0.102491  0.102971  0.103515  0.104129  0.104808  0.105541
  0.106288  0.107036  0.107778  0.108512  0.109251  0.109992  0.110730  0.111454
  0.112151  0.112814  0.113440  0.114033  0.114593  0.115122  0.115618  0.116082
  0.116514  0.116914  0.117282  0.117650  0.118065  0.118533  0.119060  0.119653
  0.120322  0.121076  0.121926
  1.000000
 -0.002099 -0.002297 -0.002459 -0.002591 -0.002698 -0.002785 -0.002856 -0.002914
 -0.002960 -0.002999 -0.003030 -0.003055 -0.002691 -0.002580 -0.002550 -0.002555
 -0.002560 -0.002562 -0.002562 -0.002559 -0.002551 -0.002537 -0.002516 -0.002486
 -0.002445 -0.002391 -0.002318 -0.002223 -0.002097 -0.001930 -0.001716 -0.001450
 -0.001142 -0.000795 -0.000414  0.000000  0.000453  0.000944  0.001470  0.002022
  0.002586  0.003153  0.003716  0.004272  0.004820  0.005356  0.005876  0.006378
  0.006857  0.007257  0.007011  0.007492  0.008034  0.008645  0.009333  0.010109
  0.010983  0.011968  0.013077
  1.000000
  0.000000  0.000000  0.000000  0.000000  0.000000  0.000000  0.000000  0.000000
  0.000000  0.000000  0.000000  0.000000  0.000690  0.000873  0.000948  0.000991
  0.001036  0.001083  0.001135  0.001190  0.001249  0.001310  0.001375  0.001443
  0.001513  0.001585  0.001659  0.001735  0.001812  0.001888  0.001960  0.002022
  0.002068  0.002097  0.002110  0.002108  0.002088  0.002051  0.001999  0.001932
  0.001852  0.001763  0.001667  0.001565  0.001459  0.001351  0.001242  0.001133
  0.001026  0.000867  0.000000  0.000000  0.000000  0.000000  0.000000  0.000000
  0.000000  0.000000  0.000000
  1.000000
  0.408561  0.408561  0.408553  0.408539  0.408523  0.408509  0.408496  0.408484
  0.408474  0.408465  0.408458  0.408452  0.408445  0.408438  0.408429  0.408420
  0.408409  0.408397  0.408383  0.408368  0.408350  0.408330  0.408307  0.408281
  0.408252  0.408219  0.408181  0.408138  0.408087  0.408027  0.407959  0.407883
  0.407805  0.407725  0.407644  0.407565  0.407485  0.407406  0.407329  0.407254
  0.407185  0.407121  0.407063  0.407011  0.406964  0.406922  0.406885  0.406853
  0.406824  0.406800  0.406779  0.406764  0.406748  0.406729  0.406708  0.406683
  0.406654  0.406621  0.406581
  1.000000
  0.094137  0.095099  0.095882  0.096519  0.097038  0.097459  0.097802  0.098082
  0.098309  0.098494  0.098644  0.098766  0.098889  0.099021  0.099166  0.099325
  0.099500  0.099692  0.099902  0.100134  0.100387  0.100664  0.100966  0.101296
  0.101657  0.102053  0.102488  0.102967  0.103512  0.104126  0.104805  0.105539
  0.106287  0.107036  0.107778  0.108513  0.109253  0.109994  0.110733  0.111458
  0.112155  0.112818  0.113445  0.114037  0.114597  0.115125  0.115621  0.116085
  0.116516  0.116915  0.117282  0.117649  0.118063  0.118529  0.119054  0.119646
  0.120313  0.121064  0.121911
  1.000000
 -0.002030 -0.002223 -0.002379 -0.002506 -0.002610 -0.002694 -0.002762 -0.002818
 -0.002864 -0.002900 -0.002931 -0.002955 -0.002595 -0.002487 -0.002459 -0.002463
 -0.002467 -0.002469 -0.002468 -0.002465 -0.002456 -0.002443 -0.002423 -0.002393
 -0.002353 -0.002300 -0.002230 -0.002138 -0.002016 -0.001856 -0.001650 -0.001393
 -0.001097 -0.000764 -0.000397  0.000000  0.000435  0.000907  0.001412  0.001942
  0.002483  0.003028  0.003568  0.004102  0.004628  0.005143  0.005642  0.006123
  0.006584  0.006966  0.006710  0.007173  0.007695  0.008283  0.008945  0.009691
  0.010532  0.011480  0.012548
  1.000000
  0.000000  0.000000  0.000000  0.000000  0.000000  0.000000  0.000000  0.000000
  0.000000  0.000000  0.000000  0.000000  0.000684  0.000864  0.000937  0.000979
  0.001023  0.001071  0.001122  0.001176  0.001234  0.001294  0.001358  0.001426
  0.001495  0.001566  0.001639  0.001713  0.001791  0.001866  0.001936  0.001998
  0.002043  0.002072  0.002085  0.002081  0.002063  0.002027  0.001975  0.001908
  0.001830  0.001742  0.001647  0.001546  0.001442  0.001335  0.001227  0.001119
  0.001014  0.000856  0.000000  0.000000  0.000000  0.000000  0.000000  0.000000
  0.000000  0.000000  0.000000
  1.000000
  0.421200  0.421200  0.421200  0.421200  0.421200  0.421200  0.421200  0.421200
  0.421200  0.421200  0.421200  0.421200  0.421200  0.421200  0.421200  0.421200
  0.421200  0.421200  0.421200  0.421200  0.421200  0.421200  0.421200  0.421200
  0.421200  0.421200  0.421200  0.421200  0.421200  0.421200  0.421200  0.421200
  0.421200  0.421200  0.421200  0.421200  0.421200  0.421200  0.421200  0.421200
  0.421200  0.421200  0.421200  0.421200  0.421200  0.421200  0.421200  0.421200
  0.421200  0.421200  0.421200  0.421200  0.421200  0.421200  0.421200  0.421200
  0.421200  0.421200  0.421200
  1.000000
  0.094121  0.095087  0.095873  0.096513  0.097033  0.097456  0.097800  0.098080
  0.098308  0.098493  0.098644  0.098767  0.098890  0.099023  0.099168  0.099327
  0.099502  0.099694  0.099905  0.100137  0.100391  0.100668  0.100970  0.101301
  0.101662  0.102058  0.102492  0.102972  0.103516  0.104130  0.104808  0.105542
  0.106289  0.107037  0.107778  0.108512  0.109251  0.109992  0.110731  0.111455
  0.112151  0.112814  0.113441  0.114033  0.114593  0.115122  0.115618  0.116082
  0.116514  0.116914  0.117282  0.117650  0.118065  0.118533  0.119060  0.119653
  0.120322  0.121076  0.121926
  1.000000
 -0.001984 -0.002171 -0.002324 -0.002448 -0.002549 -0.002631 -0.002698 -0.002752
 -0.002796 -0.002832 -0.002862 -0.002886 -0.002526 -0.002420 -0.002393 -0.002396
 -0.002400 -0.002402 -0.002401 -0.002397 -0.002388 -0.002375 -0.002354 -0.002326
 -0.002286 -0.002234 -0.002165 -0.002076 -0.001957 -0.001801 -0.001601 -0.001352
 -0.001064 -0.000741 -0.000386  0.000000  0.000422  0.000879  0.001369  0.001882
  0.002407  0.002934  0.003458  0.003976  0.004485  0.004983  0.005467  0.005933
  0.006379  0.006747  0.006481  0.006931  0.007437  0.008008  0.008651  0.009376
  0.010193  0.011114  0.012152
  1.000000
  0.000000  0.000000  0.000000  0.000000  0.000000  0.000000  0.000000  0.000000
  0.000000  0.000000  0.000000  0.000000  0.000685  0.000863  0.000934  0.000976
  0.001020  0.001067  0.001118  0.001172  0.001230  0.001290  0.001354  0.001420
  0.001490  0.001561  0.001634  0.001708  0.001785  0.001859  0.001929  0.001991
  0.002036  0.002065  0.002077  0.002074  0.002056  0.002020  0.001968  0.001902
  0.001824  0.001736  0.001641  0.001541  0.001437  0.001330  0.001223  0.001116
  0.001010  0.000854  0.000000  0.000000  0.000000  0.000000  0.000000  0.000000
  0.000000  0.000000  0.000000
  1.000000
  0.433840  0.433839  0.433847  0.433861  0.433877  0.433891  0.433904  0.433916
  0.433926  0.433935  0.433942  0.433948  0.433955  0.433962  0.433971  0.433980
  0.433991  0.434003  0.434017  0.434032  0.434050  0.434070  0.434093  0.434119
  0.434148  0.434181  0.434219  0.434262  0.434313  0.434373  0.434441  0.434517
  0.434595  0.434675  0.434756  0.434835  0.434915  0.434994  0.435071  0.435146
  0.435215  0.435279  0.435337  0.435389  0.435436  0.435477  0.435515  0.435547
  0.435576  0.435600  0.435621  0.435636  0.435652  0.435671  0.435692  0.435717
  0.435746  0.435779  0.435819
  BLADE ROW NUMBER =        6                                           
   59   12   51  172    0    0    1    1    1    1    0    0    0    0    0    0
    6930.4  642083.2  642083.2  541899.8  541899.8   0.00000    6930.4
  1.000000
  0.117239  0.118206  0.118993  0.119633  0.120154  0.120578  0.120923  0.121203
  0.121431  0.121617  0.121768  0.121891  0.122014  0.122147  0.122293  0.122452
  0.122627  0.122819  0.123031  0.123263  0.123517  0.123794  0.124097  0.124427
  0.124789  0.125185  0.125620  0.126100  0.126645  0.127259  0.127938  0.128672
  0.129419  0.130168  0.130909  0.131644  0.132383  0.133125  0.133863  0.134588
  0.135285  0.135948  0.136575  0.137168  0.137729  0.138258  0.138755  0.139220
  0.139652  0.140053  0.140421  0.140790  0.141206  0.141674  0.142202  0.142797
  0.143468  0.144224  0.145076
  1.000000
 -0.001338 -0.001070 -0.000852 -0.000675 -0.000531 -0.000414 -0.000318 -0.000240
 -0.000177 -0.000126 -0.000084 -0.000050  0.000307  0.000397  0.000469  0.000542
  0.000615  0.000688  0.000763  0.000836  0.000909  0.000979  0.001044  0.001104
  0.001154  0.001194  0.001218  0.001221  0.001196  0.001134  0.001019  0.000846
  0.000617  0.000333  0.000000 -0.000381 -0.000814 -0.001300 -0.001834 -0.002406
 -0.003000 -0.003608 -0.004218 -0.004828 -0.005434 -0.006030 -0.006614 -0.007179
 -0.007723 -0.008240 -0.008852 -0.009307 -0.009821 -0.010399 -0.011050 -0.011785
 -0.012612 -0.013544 -0.014595
  1.000000
  0.000000  0.000000  0.000000  0.000000  0.000000  0.000000  0.000000  0.000000
  0.000000  0.000000  0.000000  0.000000  0.000741  0.000950  0.001072  0.001145
  0.001213  0.001280  0.001347  0.001414  0.001480  0.001546  0.001611  0.001674
  0.001736  0.001796  0.001854  0.001906  0.001955  0.001998  0.002030  0.002050
  0.002055  0.002045  0.002022  0.001986  0.001940  0.001882  0.001814  0.001737
  0.001655  0.001569  0.001480  0.001391  0.001301  0.001212  0.001125  0.001040
  0.000958  0.000831  0.000000  0.000000  0.000000  0.000000  0.000000  0.000000
  0.000000  0.000000  0.000000
  1.000000
  0.406781  0.406742  0.406711  0.406684  0.406662  0.406643  0.406628  0.406615
  0.406605  0.406596  0.406589  0.406583  0.406575  0.406566  0.406555  0.406543
  0.406530  0.406515  0.406497  0.406477  0.406455  0.406429  0.406400  0.406367
  0.406329  0.406287  0.406238  0.406182  0.406117  0.406040  0.405954  0.405858
  0.405759  0.405660  0.405562  0.405466  0.405371  0.405280  0.405192  0.405111
  0.405038  0.404974  0.404918  0.404871  0.404832  0.404799  0.404773  0.404753
  0.404738  0.404728  0.404722  0.404732  0.404744  0.404757  0.404771  0.404785
  0.404799  0.404812  0.404820
  1.000000
  0.117261  0.118224  0.119007  0.119645  0.120164  0.120586  0.120929  0.121208
  0.121436  0.121621  0.121771  0.121893  0.122016  0.122149  0.122294  0.122453
  0.122628  0.122820  0.123031  0.123262  0.123516  0.123793  0.124095  0.124426
  0.124787  0.125183  0.125618  0.126098  0.126642  0.127257  0.127937  0.128671
  0.129420  0.130169  0.130912  0.131647  0.132388  0.133130  0.133870  0.134595
  0.135292  0.135956  0.136583  0.137176  0.137737  0.138265  0.138761  0.139225
  0.139657  0.140056  0.140423  0.140791  0.141205  0.141671  0.142197  0.142789
  0.143456  0.144209  0.145056
  1.000000
 -0.000431 -0.000239 -0.000083  0.000045  0.000148  0.000233  0.000301  0.000357
  0.000402  0.000439  0.000469  0.000494  0.000861  0.000951  0.001013  0.001073
  0.001133  0.001193  0.001252  0.001309  0.001364  0.001414  0.001458  0.001494
  0.001521  0.001533  0.001528  0.001500  0.001441  0.001339  0.001184  0.000969
  0.000696  0.000372  0.000000 -0.000418 -0.000887 -0.001406 -0.001973 -0.002576
 -0.003199 -0.003832 -0.004465 -0.005096 -0.005720 -0.006334 -0.006932 -0.007511
 -0.008066 -0.008594 -0.009217 -0.009680 -0.010202 -0.010790 -0.011453 -0.012200
 -0.013042 -0.013990 -0.015059
  1.000000
  0.000000  0.000000  0.000000  0.000000  0.000000  0.000000  0.000000  0.000000
  0.000000  0.000000  0.000000  0.000000  0.000769  0.000984  0.001094  0.001165
  0.001233  0.001301  0.001370  0.001437  0.001505  0.001571  0.001637  0.001702
  0.001765  0.001826  0.001883  0.001937  0.001988  0.002030  0.002063  0.002084
  0.002088  0.002078  0.002054  0.002019  0.001971  0.001913  0.001844  0.001766
  0.001682  0.001594  0.001504  0.001413  0.001322  0.001231  0.001143  0.001056
  0.000973  0.000840  0.000000  0.000000  0.000000  0.000000  0.000000  0.000000
  0.000000  0.000000  0.000000
  1.000000
  0.421200  0.421200  0.421200  0.421200  0.421200  0.421200  0.421200  0.421200
  0.421200  0.421200  0.421200  0.421200  0.421200  0.421200  0.421200  0.421200
  0.421200  0.421200  0.421200  0.421200  0.421200  0.421200  0.421200  0.421200
  0.421200  0.421200  0.421200  0.421200  0.421200  0.421200  0.421200  0.421200
  0.421200  0.421200  0.421200  0.421200  0.421200  0.421200  0.421200  0.421200
  0.421200  0.421200  0.421200  0.421200  0.421200  0.421200  0.421200  0.421200
  0.421200  0.421200  0.421200  0.421200  0.421200  0.421200  0.421200  0.421200
  0.421200  0.421200  0.421200
  1.000000
  0.117245  0.118212  0.118998  0.119639  0.120159  0.120583  0.120928  0.121208
  0.121436  0.121622  0.121773  0.121896  0.122019  0.122152  0.122298  0.122457
  0.122632  0.122824  0.123036  0.123268  0.123522  0.123799  0.124102  0.124433
  0.124794  0.125190  0.125625  0.126105  0.126650  0.127264  0.127943  0.128677
  0.129424  0.130173  0.130914  0.131649  0.132388  0.133130  0.133868  0.134593
  0.135290  0.135953  0.136580  0.137173  0.137734  0.138263  0.138760  0.139225
  0.139657  0.140058  0.140426  0.140795  0.141211  0.141679  0.142207  0.142803
  0.143473  0.144229  0.145081
  1.000000
  0.000427  0.000549  0.000648  0.000728  0.000794  0.000847  0.000891  0.000926
  0.000955  0.000978  0.000997  0.001013  0.001398  0.001494  0.001548  0.001598
  0.001646  0.001693  0.001738  0.001780  0.001817  0.001849  0.001873  0.001888
  0.001890  0.001877  0.001845  0.001786  0.001693  0.001553  0.001358  0.001097
  0.000781  0.000414  0.000000 -0.000457 -0.000967 -0.001526 -0.002131 -0.002770
 -0.003428 -0.004092 -0.004756 -0.005413 -0.006063 -0.006699 -0.007319 -0.007917
 -0.008490 -0.009034 -0.009639 -0.010115 -0.010651 -0.011256 -0.011937 -0.012705
 -0.013570 -0.014545 -0.015644
  1.000000
  0.000000  0.000000  0.000000  0.000000  0.000000  0.000000  0.000000  0.000000
  0.000000  0.000000  0.000000  0.000000  0.000802  0.001025  0.001126  0.001198
  0.001268  0.001338  0.001407  0.001477  0.001546  0.001615  0.001682  0.001749
  0.001813  0.001876  0.001935  0.001990  0.002041  0.002086  0.002120  0.002140
  0.002144  0.002135  0.002110  0.002075  0.002026  0.001965  0.001894  0.001813
  0.001727  0.001637  0.001544  0.001451  0.001357  0.001264  0.001173  0.001085
  0.000999  0.000859  0.000000  0.000000  0.000000  0.000000  0.000000  0.000000
  0.000000  0.000000  0.000000
  1.000000
  0.435619  0.435658  0.435690  0.435716  0.435738  0.435757  0.435772  0.435785
  0.435796  0.435804  0.435811  0.435817  0.435826  0.435835  0.435845  0.435857
  0.435870  0.435886  0.435903  0.435923  0.435946  0.435971  0.436000  0.436034
  0.436071  0.436114  0.436163  0.436219  0.436284  0.436360  0.436447  0.436543
  0.436642  0.436741  0.436839  0.436935  0.437029  0.437121  0.437208  0.437289
  0.437362  0.437427  0.437482  0.437529  0.437569  0.437601  0.437627  0.437647
  0.437662  0.437672  0.437678  0.437667  0.437656  0.437643  0.437629  0.437615
  0.437601  0.437588  0.437580
  BLADE ROW NUMBER =        7                                           
   59   12   51  172    0    0    1    1    1    1    0    0    0    0    0    0
       0.0  541899.8  541899.8  453981.2  453981.2   0.00000       0.0
  1.000000
  0.144967  0.145938  0.146727  0.147369  0.147892  0.148317  0.148662  0.148944
  0.149172  0.149358  0.149510  0.149633  0.149756  0.149889  0.150035  0.150195
  0.150370  0.150563  0.150774  0.151006  0.151261  0.151538  0.151841  0.152172
  0.152534  0.152930  0.153365  0.153845  0.154389  0.155003  0.155682  0.156416
  0.157163  0.157910  0.158652  0.159386  0.160124  0.160865  0.161603  0.162328
  0.163024  0.163687  0.164314  0.164907  0.165469  0.165998  0.166495  0.166960
  0.167393  0.167794  0.168163  0.168533  0.168949  0.169419  0.169948  0.170544
  0.171215  0.171972  0.172824
  1.000000
 -0.002129 -0.002331 -0.002495 -0.002629 -0.002737 -0.002825 -0.002897 -0.002955
 -0.003003 -0.003042 -0.003073 -0.003099 -0.002732 -0.002620 -0.002590 -0.002595
 -0.002599 -0.002602 -0.002602 -0.002599 -0.002591 -0.002577 -0.002556 -0.002526
 -0.002484 -0.002429 -0.002355 -0.002259 -0.002130 -0.001961 -0.001743 -0.001473
 -0.001160 -0.000808 -0.000420  0.000000  0.000460  0.000960  0.001494  0.002055
  0.002628  0.003204  0.003776  0.004342  0.004899  0.005443  0.005972  0.006482
  0.006969  0.007376  0.007132  0.007621  0.008171  0.008791  0.009490  0.010278
  0.011165  0.012165  0.013292
  1.000000
  0.000000  0.000000  0.000000  0.000000  0.000000  0.000000  0.000000  0.000000
  0.000000  0.000000  0.000000  0.000000  0.000694  0.000879  0.000955  0.000998
  0.001043  0.001091  0.001143  0.001199  0.001258  0.001320  0.001385  0.001453
  0.001524  0.001597  0.001671  0.001747  0.001825  0.001902  0.001974  0.002037
  0.002083  0.002112  0.002126  0.002123  0.002103  0.002066  0.002013  0.001946
  0.001866  0.001776  0.001679  0.001577  0.001470  0.001361  0.001251  0.001141
  0.001034  0.000873  0.000000  0.000000  0.000000  0.000000  0.000000  0.000000
  0.000000  0.000000  0.000000
  1.000000
  0.404820  0.404820  0.404809  0.404789  0.404769  0.404749  0.404730  0.404714
  0.404700  0.404688  0.404678  0.404670  0.404661  0.404650  0.404639  0.404625
  0.404610  0.404594  0.404574  0.404552  0.404528  0.404500  0.404468  0.404432
  0.404391  0.404344  0.404291  0.404230  0.404159  0.404075  0.403980  0.403874
  0.403764  0.403652  0.403539  0.403428  0.403316  0.403205  0.403097  0.402993
  0.402896  0.402807  0.402726  0.402653  0.402587  0.402528  0.402476  0.402431
  0.402391  0.402357  0.402328  0.402308  0.402285  0.402259  0.402229  0.402195
  0.402155  0.402108  0.402052
  1.000000
  0.145001  0.145964  0.146747  0.147385  0.147903  0.148325  0.148669  0.148948
  0.149175  0.149360  0.149511  0.149633  0.149756  0.149889  0.150034  0.150193
  0.150367  0.150559  0.150770  0.151002  0.151256  0.151532  0.151835  0.152165
  0.152527  0.152923  0.153358  0.153838  0.154382  0.154997  0.155676  0.156411
  0.157159  0.157909  0.158652  0.159387  0.160128  0.160870  0.161610  0.162335
  0.163032  0.163696  0.164323  0.164916  0.165476  0.166005  0.166501  0.166965
  0.167396  0.167796  0.168163  0.168530  0.168944  0.169411  0.169936  0.170529
  0.171196  0.171948  0.172796
  1.000000
 -0.002032 -0.002224 -0.002381 -0.002508 -0.002612 -0.002696 -0.002765 -0.002820
 -0.002866 -0.002903 -0.002933 -0.002957 -0.002597 -0.002488 -0.002460 -0.002465
 -0.002469 -0.002471 -0.002470 -0.002466 -0.002458 -0.002445 -0.002424 -0.002395
 -0.002355 -0.002302 -0.002232 -0.002140 -0.002018 -0.001857 -0.001651 -0.001394
 -0.001098 -0.000765 -0.000398  0.000000  0.000435  0.000908  0.001413  0.001944
  0.002485  0.003030  0.003571  0.004106  0.004632  0.005147  0.005646  0.006128
  0.006588  0.006971  0.006716  0.007179  0.007701  0.008289  0.008952  0.009699
  0.010540  0.011489  0.012558
  1.000000
  0.000000  0.000000  0.000000  0.000000  0.000000  0.000000  0.000000  0.000000
  0.000000  0.000000  0.000000  0.000000  0.000685  0.000865  0.000938  0.000980
  0.001024  0.001071  0.001123  0.001177  0.001235  0.001295  0.001359  0.001427
  0.001496  0.001567  0.001640  0.001715  0.001792  0.001867  0.001937  0.001999
  0.002045  0.002073  0.002087  0.002083  0.002064  0.002028  0.001976  0.001910
  0.001831  0.001743  0.001648  0.001547  0.001443  0.001336  0.001228  0.001120
  0.001014  0.000857  0.000000  0.000000  0.000000  0.000000  0.000000  0.000000
  0.000000  0.000000  0.000000
  1.000000
  0.421200  0.421200  0.421200  0.421200  0.421200  0.421200  0.421200  0.421200
  0.421200  0.421200  0.421200  0.421200  0.421200  0.421200  0.421200  0.421200
  0.421200  0.421200  0.421200  0.421200  0.421200  0.421200  0.421200  0.421200
  0.421200  0.421200  0.421200  0.421200  0.421200  0.421200  0.421200  0.421200
  0.421200  0.421200  0.421200  0.421200  0.421200  0.421200  0.421200  0.421200
  0.421200  0.421200  0.421200  0.421200  0.421200  0.421200  0.421200  0.421200
  0.421200  0.421200  0.421200  0.421200  0.421200  0.421200  0.421200  0.421200
  0.421200  0.421200  0.421200
  1.000000
  0.144968  0.145938  0.146728  0.147370  0.147892  0.148317  0.148663  0.148944
  0.149173  0.149359  0.149511  0.149634  0.149757  0.149890  0.150036  0.150196
  0.150371  0.150563  0.150775  0.151007  0.151261  0.151539  0.151842  0.152173
  0.152535  0.152931  0.153366  0.153846  0.154390  0.155004  0.155683  0.156416
  0.157163  0.157911  0.158652  0.159386  0.160125  0.160866  0.161604  0.162328
  0.163025  0.163688  0.164315  0.164908  0.165469  0.165998  0.166496  0.166961
  0.167394  0.167795  0.168164  0.168533  0.168950  0.169419  0.169948  0.170544
  0.171216  0.171973  0.172825
  1.000000
 -0.001976 -0.002162 -0.002314 -0.002438 -0.002539 -0.002620 -0.002687 -0.002741
 -0.002785 -0.002821 -0.002851 -0.002874 -0.002514 -0.002408 -0.002381 -0.002384
 -0.002388 -0.002389 -0.002388 -0.002384 -0.002376 -0.002362 -0.002342 -0.002313
 -0.002274 -0.002222 -0.002153 -0.002064 -0.001946 -0.001791 -0.001592 -0.001344
 -0.001058 -0.000737 -0.000384  0.000000  0.000419  0.000874  0.001361  0.001871
  0.002393  0.002917  0.003437  0.003952  0.004458  0.004953  0.005434  0.005897
  0.006340  0.006706  0.006436  0.006883  0.007387  0.007954  0.008594  0.009315
  0.010128  0.011044  0.012077
  1.000000
  0.000000  0.000000  0.000000  0.000000  0.000000  0.000000  0.000000  0.000000
  0.000000  0.000000  0.000000  0.000000  0.000687  0.000865  0.000937  0.000978
  0.001022  0.001070  0.001121  0.001175  0.001233  0.001294  0.001357  0.001424
  0.001494  0.001565  0.001638  0.001712  0.001789  0.001864  0.001934  0.001995
  0.002042  0.002070  0.002083  0.002080  0.002061  0.002025  0.001973  0.001907
  0.001828  0.001740  0.001645  0.001545  0.001441  0.001334  0.001226  0.001118
  0.001013  0.000856  0.000000  0.000000  0.000000  0.000000  0.000000  0.000000
  0.000000  0.000000  0.000000
  1.000000
  0.437580  0.437580  0.437591  0.437611  0.437631  0.437652  0.437670  0.437686
  0.437700  0.437712  0.437722  0.437730  0.437739  0.437750  0.437762  0.437775
  0.437790  0.437807  0.437826  0.437848  0.437873  0.437901  0.437932  0.437969
  0.438010  0.438056  0.438109  0.438170  0.438241  0.438325  0.438420  0.438526
  0.438636  0.438748  0.438861  0.438972  0.439084  0.439195  0.439303  0.439407
  0.439504  0.439594  0.439675  0.439748  0.439813  0.439872  0.439924  0.439969
  0.440009  0.440043  0.440072  0.440092  0.440115  0.440141  0.440171  0.440205
  0.440245  0.440292  0.440349
  BLADE ROW NUMBER =        8                                           
   62   12   51  172    0    0    1    1    1    1    0    0    0    0    0    0
    6930.4  453981.2  453981.2  377855.4  377855.4   0.00000    6930.4
  1.000000
  0.168079  0.169052  0.169843  0.170487  0.171011  0.171437  0.171783  0.172065
  0.172295  0.172482  0.172633  0.172757  0.172880  0.173014  0.173160  0.173321
  0.173496  0.173690  0.173902  0.174135  0.174390  0.174668  0.174972  0.175304
  0.175667  0.176064  0.176501  0.176982  0.177528  0.178144  0.178825  0.179560
  0.180309  0.181058  0.181801  0.182536  0.183277  0.184019  0.184758  0.185483
  0.186180  0.186844  0.187471  0.188065  0.188626  0.189155  0.189652  0.190117
  0.190550  0.190950  0.191319  0.191689  0.192118  0.192614  0.193187  0.193850
  0.194617  0.195504  0.196531  0.197718  0.199091  0.200680
  1.000000
 -0.001637 -0.001344 -0.001105 -0.000911 -0.000753 -0.000625 -0.000520 -0.000435
 -0.000366 -0.000310 -0.000264 -0.000226  0.000129  0.000220  0.000296  0.000373
  0.000450  0.000529  0.000608  0.000688  0.000767  0.000843  0.000916  0.000983
  0.001042  0.001090  0.001124  0.001137  0.001123  0.001072  0.000971  0.000811
  0.000593  0.000322  0.000000 -0.000371 -0.000795 -0.001272 -0.001798 -0.002363
 -0.002952 -0.003553 -0.004159 -0.004765 -0.005367 -0.005961 -0.006542 -0.007105
 -0.007647 -0.008163 -0.008773 -0.009228 -0.009753 -0.010360 -0.011062 -0.011874
 -0.012813 -0.013899 -0.015154 -0.016606 -0.018286 -0.020228
  1.000000
  0.000000  0.000000  0.000000  0.000000  0.000000  0.000000  0.000000  0.000000
  0.000000  0.000000  0.000000  0.000000  0.000736  0.000944  0.001070  0.001145
  0.001213  0.001280  0.001347  0.001413  0.001480  0.001545  0.001611  0.001674
  0.001736  0.001796  0.001854  0.001906  0.001955  0.001998  0.002031  0.002049
  0.002054  0.002045  0.002022  0.001987  0.001940  0.001882  0.001814  0.001737
  0.001654  0.001569  0.001480  0.001391  0.001301  0.001212  0.001125  0.001040
  0.000958  0.000832  0.000000  0.000000  0.000000  0.000000  0.000000  0.000000
  0.000000  0.000000  0.000000  0.000000  0.000000  0.000000
  1.000000
  0.402334  0.402279  0.402235  0.402199  0.402167  0.402142  0.402120  0.402102
  0.402087  0.402075  0.402065  0.402057  0.402047  0.402036  0.402023  0.402009
  0.401993  0.401975  0.401955  0.401932  0.401906  0.401877  0.401843  0.401806
  0.401764  0.401716  0.401661  0.401599  0.401525  0.401439  0.401341  0.401232
  0.401118  0.401000  0.400882  0.400764  0.400645  0.400525  0.400406  0.400290
  0.400180  0.400076  0.399981  0.399892  0.399811  0.399736  0.399668  0.399606
  0.399550  0.399500  0.399455  0.399429  0.399399  0.399366  0.399330  0.399290
  0.399247  0.399201  0.399152  0.399102  0.399051  0.399002
  1.000000
  0.168122  0.169086  0.169871  0.170510  0.171029  0.171452  0.171796  0.172076
  0.172304  0.172489  0.172640  0.172762  0.172885  0.173018  0.173164  0.173323
  0.173498  0.173690  0.173901  0.174133  0.174387  0.174665  0.174968  0.175299
  0.175661  0.176057  0.176493  0.176974  0.177519  0.178135  0.178816  0.179552
  0.180301  0.181052  0.181796  0.182533  0.183275  0.184019  0.184759  0.185486
  0.186184  0.186849  0.187477  0.188071  0.188633  0.189162  0.189659  0.190124
  0.190556  0.190956  0.191324  0.191692  0.192118  0.192610  0.193179  0.193837
  0.194597  0.195477  0.196495  0.197671  0.199032  0.200605
  1.000000
 -0.000432 -0.000240 -0.000083  0.000045  0.000149  0.000233  0.000302  0.000358
  0.000403  0.000440  0.000470  0.000495  0.000863  0.000953  0.001015  0.001075
  0.001135  0.001195  0.001254  0.001312  0.001366  0.001416  0.001460  0.001497
  0.001523  0.001536  0.001530  0.001503  0.001444  0.001341  0.001186  0.000970
  0.000698  0.000373  0.000000 -0.000418 -0.000889 -0.001409 -0.001976 -0.002580
 -0.003204 -0.003839 -0.004473 -0.005105 -0.005730 -0.006345 -0.006944 -0.007524
 -0.008080 -0.008609 -0.009233 -0.009697 -0.010233 -0.010854 -0.011571 -0.012401
 -0.013361 -0.014470 -0.015753 -0.017237 -0.018953 -0.020938
  1.000000
  0.000000  0.000000  0.000000  0.000000  0.000000  0.000000  0.000000  0.000000
  0.000000  0.000000  0.000000  0.000000  0.000770  0.000985  0.001096  0.001167
  0.001236  0.001304  0.001372  0.001440  0.001507  0.001574  0.001640  0.001705
  0.001768  0.001829  0.001886  0.001941  0.001991  0.002034  0.002067  0.002087
  0.002092  0.002081  0.002058  0.002023  0.001975  0.001917  0.001847  0.001769
  0.001684  0.001596  0.001506  0.001415  0.001324  0.001233  0.001145  0.001058
  0.000975  0.000842  0.000000  0.000000  0.000000  0.000000  0.000000  0.000000
  0.000000  0.000000  0.000000  0.000000  0.000000  0.000000
  1.000000
  0.421200  0.421200  0.421200  0.421200  0.421200  0.421200  0.421200  0.421200
  0.421200  0.421200  0.421200  0.421200  0.421200  0.421200  0.421200  0.421200
  0.421200  0.421200  0.421200  0.421200  0.421200  0.421200  0.421200  0.421200
  0.421200  0.421200  0.421200  0.421200  0.421200  0.421200  0.421200  0.421200
  0.421200  0.421200  0.421200  0.421200  0.421200  0.421200  0.421200  0.421200
  0.421200  0.421200  0.421200  0.421200  0.421200  0.421200  0.421200  0.421200
  0.421200  0.421200  0.421200  0.421200  0.421200  0.421200  0.421200  0.421200
  0.421200  0.421200  0.421200  0.421200  0.421200  0.421200
  1.000000
  0.168086  0.169059  0.169850  0.170494  0.171017  0.171443  0.171790  0.172072
  0.172302  0.172488  0.172640  0.172764  0.172887  0.173021  0.173167  0.173327
  0.173503  0.173696  0.173909  0.174142  0.174397  0.174675  0.174979  0.175311
  0.175674  0.176071  0.176508  0.176989  0.177535  0.178150  0.178831  0.179567
  0.180315  0.181065  0.181808  0.182543  0.183283  0.184025  0.184765  0.185490
  0.186187  0.186851  0.187478  0.188071  0.188632  0.189162  0.189659  0.190124
  0.190556  0.190957  0.191326  0.191696  0.192125  0.192620  0.193194  0.193857
  0.194624  0.195511  0.196537  0.197725  0.199098  0.200686
  1.000000
  0.000689  0.000790  0.000872  0.000939  0.000993  0.001037  0.001073  0.001103
  0.001126  0.001146  0.001162  0.001174  0.001568  0.001668  0.001720  0.001767
  0.001812  0.001855  0.001896  0.001933  0.001966  0.001992  0.002010  0.002018
  0.002013  0.001993  0.001951  0.001883  0.001778  0.001627  0.001417  0.001142
  0.000810  0.000428  0.000000 -0.000473 -0.000997 -0.001572 -0.002192 -0.002846
 -0.003518 -0.004196 -0.004872 -0.005542 -0.006203 -0.006851 -0.007481 -0.008089
 -0.008671 -0.009224 -0.009838 -0.010322 -0.010881 -0.011527 -0.012275 -0.013140
 -0.014140 -0.015296 -0.016634 -0.018180 -0.019968 -0.022036
  1.000000
  0.000000  0.000000  0.000000  0.000000  0.000000  0.000000  0.000000  0.000000
  0.000000  0.000000  0.000000  0.000000  0.000816  0.001043  0.001141  0.001214
  0.001285  0.001356  0.001426  0.001497  0.001567  0.001637  0.001705  0.001772
  0.001838  0.001902  0.001961  0.002017  0.002069  0.002115  0.002149  0.002169
  0.002174  0.002163  0.002140  0.002103  0.002053  0.001991  0.001919  0.001838
  0.001750  0.001659  0.001565  0.001470  0.001375  0.001281  0.001189  0.001099
  0.001013  0.000869  0.000000  0.000000  0.000000  0.000000  0.000000  0.000000
  0.000000  0.000000  0.000000  0.000000  0.000000  0.000000
  1.000000
  0.440066  0.440121  0.440165  0.440202  0.440233  0.440259  0.440280  0.440298
  0.440313  0.440325  0.440335  0.440344  0.440354  0.440365  0.440377  0.440391
  0.440407  0.440425  0.440446  0.440469  0.440495  0.440524  0.440557  0.440595
  0.440637  0.440685  0.440740  0.440802  0.440876  0.440961  0.441060  0.441169
  0.441283  0.441401  0.441519  0.441637  0.441756  0.441876  0.441995  0.442111
  0.442222  0.442325  0.442420  0.442509  0.442590  0.442665  0.442733  0.442795
  0.442851  0.442901  0.442946  0.442972  0.443001  0.443034  0.443070  0.443110
  0.443153  0.443200  0.443248  0.443299  0.443349  0.443399
   1157.30   1.33000   0.40000   0.00500   0.00500   2.00000
 10.000000**********  0.400000  0.200000  0.100000  0.000000  0.001000  0.500000
 1379816.9 1379816.9  377855.4  377855.4
 1518630.0 1518630.0 1518630.0 1518630.0 1518629.9 1518630.0 1518629.9 1518630.1
 1518630.0 1518629.9 1518630.1 1518630.0 1518630.0 1518630.0 1518630.0 1518630.0
 1518630.0 1518630.0 1518630.0 1518630.0 1518630.0 1518630.0 1518630.0 1518630.0
 1518630.0 1518630.0 1518630.0 1518630.0 1518630.0 1518630.0 1518630.0 1518630.0
 1518630.0 1518630.0 1518630.0 1518630.0 1518630.0
    1800.0    1800.0    1800.0    1800.0    1800.0    1800.0    1800.0    1800.0
    1800.0    1800.0    1800.0    1800.0    1800.0    1800.0    1800.0    1800.0
    1800.0    1800.0    1800.0    1800.0    1800.0    1800.0    1800.0    1800.0
    1800.0    1800.0    1800.0    1800.0    1800.0    1800.0    1800.0    1800.0
    1800.0    1800.0    1800.0    1800.0    1800.0
  0.000000  0.000000  0.000000  0.000000  0.000000  0.000000  0.000000  0.000000
  0.000000  0.000000  0.000000  0.000000  0.000000  0.000000  0.000000  0.000000
  0.000000  0.000000  0.000000  0.000000  0.000000  0.000000  0.000000  0.000000
  0.000000  0.000000  0.000000  0.000000  0.000000  0.000000  0.000000  0.000000
  0.000000  0.000000  0.000000  0.000000  0.000000
307.888458307.888458307.888489307.888458307.888458307.888458307.888458307.888458
307.888458307.888428307.888489307.888458307.888458307.888458307.888458307.888458
307.888458307.888458307.888458307.888458307.888458307.888458307.888458307.888458
307.888458307.888458307.888458307.888458307.888458307.888458307.888458307.888458
307.888458307.888458307.888458307.888458307.888458
-10.295094-10.295094-10.295094-10.295094-10.295094-10.295094-10.295094-10.295094
-10.295094-10.295093-10.295094-10.295094-10.295094-10.295094-10.295094-10.295094
-10.295094-10.295094-10.295094-10.295094-10.295094-10.295094-10.295094-10.295094
-10.295094-10.295094-10.295094-10.295094-10.295094-10.295094-10.295094-10.295094
-10.295094-10.295094-10.295094-10.295094-10.295094
 -0.313865 -0.311985 -0.309635 -0.306697 -0.303025 -0.298436 -0.292698 -0.285527
 -0.276562 -0.265356 -0.251349 -0.233841 -0.211954 -0.184597 -0.150400 -0.112800
 -0.075200 -0.037600 -0.000000  0.037600  0.075200  0.112800  0.150400  0.184597
  0.211954  0.233840  0.251349  0.265356  0.276562  0.285527  0.292698  0.298435
  0.303025  0.306697  0.309635  0.311985  0.313865
  1.000000  1.250000  1.562500  1.953125  2.441406  3.051758  3.814697  4.768372
  5.960464  7.450581  9.313226 11.641532 14.551915 18.189894 20.000000 20.000000
 20.000000 20.000000 20.000000 20.000000 20.000000 20.000000 18.189894 14.551915
 11.641532  9.313226  7.450581  5.960464  4.768372  3.814697  3.051758  2.441406
  1.953125  1.562500  1.250000  1.000000
  1.000000  1.250000  1.562500  1.953125  2.441406  3.051758  3.814697  4.768372
  5.960464  7.450581  9.313226 11.641532 14.551915 18.189894 20.000000 20.000000
 20.000000 20.000000 20.000000 20.000000 20.000000 20.000000 18.189894 14.551915
 11.641532  9.313226  7.450581  5.960464  4.768372  3.814697  3.051758  2.441406
  1.953125  1.562500  1.250000  1.000000
 9000 9000 9000 9000 9000
 0 0 0 0 0 0 0 0 0 0 0 0 0 0 0 0 0 0 0 0
 0 0 0 0 0 0 0 0 0 0 0 0 0 0 0 0 0 0 0 0 0 0 0 0 0 0 0 0 0 0 0 0 0 0 0 0 0
  800000.0     0.500     0.000     0.800    3000.0     1.000     0.000
  0.025000  0.800000  1.000000  0.800000
  0.050000  0.050000  0.050000  0.050000  0.050000  0.030000
  0.050000  0.050000  0.050000  0.050000  0.050000  0.030000
  0.050000  0.050000  0.050000  0.050000  0.050000  0.030000
  0.050000  0.050000  0.050000  0.050000  0.050000  0.030000
  0.050000  0.050000  0.050000  0.050000  0.050000  0.030000
  0.050000  0.050000  0.050000  0.050000  0.050000  0.030000
  0.050000  0.050000  0.050000  0.050000  0.050000  0.030000
  0.050000  0.050000  0.050000  0.050000  0.050000  0.030000
   2.00000 1000
   1   1   2   2   3   3   4   4
  7.500000 25.000000
