    3D DATASET FOR MULTALL, GENERATED BY STAGEN  
   37    0   37    0 9000    0    0    3   12    1    2   37   10   10 1000
    0    2    1    3    0    1    0   10    5    0    1    0
    3    3    3    9    9    9    1    3    1
  BLADE ROW NUMBER =        1                                           
   42   10   36  193    0    0    1    1    1    1    0    0    0    0    0    0
   13250.3   46399.9   46399.9   78027.1   78027.1   0.00000   13250.3
  1.000000
 -0.027590 -0.021673 -0.016183 -0.011848 -0.008625 -0.006291 -0.004619 -0.003427
 -0.002579 -0.001976 -0.001453 -0.000892 -0.000287  0.000358  0.001036  0.001731
  0.002420  0.003077  0.003672  0.004166  0.004514  0.004662  0.004536  0.004155
  0.003646  0.003149  0.002775  0.002658  0.002907  0.003563  0.004604  0.005997
  0.007681  0.009582  0.011592  0.013274  0.014698  0.016032  0.017230  0.018244
  0.019039  0.019613
  1.000000
 -0.081346 -0.078026 -0.075289 -0.073399 -0.072170 -0.071384 -0.070881 -0.070555
 -0.070341 -0.070198 -0.068117 -0.067523 -0.066953 -0.066381 -0.065796 -0.065189
 -0.064551 -0.063861 -0.063084 -0.062159 -0.060980 -0.059277 -0.056755 -0.053183
 -0.048557 -0.042877 -0.035930 -0.027749 -0.018701 -0.009313  0.000000  0.009076
  0.017703  0.025706  0.032973  0.038635  0.046072  0.054684  0.064721  0.076493
  0.090378  0.106809
  1.000000
  0.000000  0.000000  0.000000  0.000000  0.000000  0.000000  0.000000  0.000000
  0.000000  0.000000  0.004275  0.005700  0.006800  0.007821  0.008839  0.009846
  0.010843  0.011809  0.012735  0.013596  0.014358  0.014993  0.015384  0.015432
  0.015134  0.014551  0.013672  0.012548  0.011220  0.009799  0.008336  0.006865
  0.005423  0.004037  0.002731 -0.000000 -0.000000  0.000000  0.000000  0.000000
  0.000000  0.000000
  1.000000
  0.059050  0.057439  0.056003  0.055014  0.054393  0.054017  0.053791  0.053654
  0.053570  0.053517  0.053563  0.053659  0.053825  0.054086  0.054479  0.055048
  0.055843  0.056931  0.058393  0.060336  0.062900  0.066394  0.070884  0.076054
  0.081424  0.086707  0.091880  0.096716  0.100918  0.104281  0.106781  0.108503
  0.109527  0.109953  0.109946  0.110153  0.110678  0.111619  0.113083  0.115183
  0.118029  0.121713
  1.000000
 -0.007424 -0.005555 -0.004224 -0.003276 -0.002601 -0.002120 -0.001778 -0.001535
 -0.001361 -0.001238 -0.001114 -0.000974 -0.000813 -0.000627 -0.000413 -0.000166
  0.000117  0.000440  0.000810  0.001235  0.001729  0.002330  0.003030  0.003783
  0.004538  0.005279  0.006027  0.006774  0.007497  0.008171  0.008788  0.009357
  0.009875  0.010345  0.010765  0.011135  0.011506  0.011925  0.012399  0.012936
  0.013543  0.014229
  1.000000
  0.023272  0.018862  0.015721  0.013485  0.011893  0.010759  0.009952  0.009377
  0.008968  0.008676  0.008636  0.008428  0.008137  0.007791  0.007395  0.006945
  0.006442  0.005880  0.005255  0.004561  0.003788  0.002892  0.001907  0.000919
  0.000000 -0.000836 -0.001614 -0.002325 -0.002952 -0.003483 -0.003926 -0.004296
 -0.004603 -0.004856 -0.005062 -0.005314 -0.005398 -0.005493 -0.005600 -0.005721
 -0.005858 -0.006014
  1.000000
  0.000000  0.000000  0.000000  0.000000  0.000000  0.000000  0.000000  0.000000
  0.000000  0.000000  0.000516  0.000695  0.000828  0.000951  0.001074  0.001196
  0.001317  0.001434  0.001546  0.001650  0.001742  0.001819  0.001866  0.001871
  0.001835  0.001764  0.001658  0.001521  0.001361  0.001188  0.001011  0.000833
  0.000658  0.000490  0.000332 -0.000000 -0.000000  0.000000  0.000000  0.000000
  0.000000  0.000000
  1.000000
  0.246300  0.246300  0.246300  0.246300  0.246300  0.246300  0.246300  0.246300
  0.246300  0.246300  0.246300  0.246300  0.246300  0.246300  0.246300  0.246300
  0.246300  0.246300  0.246300  0.246300  0.246300  0.246300  0.246300  0.246300
  0.246300  0.246300  0.246300  0.246300  0.246300  0.246300  0.246300  0.246300
  0.246300  0.246300  0.246300  0.246300  0.246300  0.246300  0.246300  0.246300
  0.246300  0.246300
  1.000000
 -0.027582 -0.021670 -0.016182 -0.011848 -0.008625 -0.006291 -0.004619 -0.003427
 -0.002579 -0.001976 -0.001453 -0.000891 -0.000287  0.000358  0.001036  0.001732
  0.002420  0.003077  0.003672  0.004166  0.004514  0.004662  0.004536  0.004155
  0.003646  0.003149  0.002775  0.002658  0.002907  0.003563  0.004604  0.005998
  0.007683  0.009584  0.011594  0.013276  0.014699  0.016034  0.017231  0.018245
  0.019040  0.019614
  1.000000
  0.302200  0.262981  0.235118  0.215201  0.200950  0.190760  0.183482  0.178286
  0.174581  0.171939  0.172007  0.170286  0.167736  0.164456  0.160586  0.156057
  0.150822  0.144781  0.137821  0.129790  0.120474  0.109205  0.096198  0.082460
  0.068992  0.056108  0.043472  0.031232  0.019747  0.009327  0.000000 -0.008416
 -0.015984 -0.022756 -0.028768 -0.034597 -0.038954 -0.043838 -0.049299 -0.055389
 -0.062162 -0.069676
  1.000000
  0.000000  0.000000  0.000000  0.000000  0.000000  0.000000  0.000000  0.000000
  0.000000  0.000000  0.005566  0.007593  0.009184  0.010545  0.011902  0.013254
  0.014584  0.015879  0.017116  0.018265  0.019284  0.020130  0.020647  0.020702
  0.020309  0.019514  0.018339  0.016819  0.015041  0.013126  0.011163  0.009190
  0.007251  0.005389  0.003637 -0.000000 -0.000000  0.000000  0.000000  0.000000
  0.000000  0.000000
  1.000000
  0.433484  0.435137  0.436590  0.437584  0.438207  0.438584  0.438810  0.438947
  0.439031  0.439083  0.439036  0.438940  0.438775  0.438513  0.438120  0.437550
  0.436755  0.435667  0.434204  0.432262  0.429697  0.426203  0.421712  0.416543
  0.411172  0.405890  0.400717  0.395881  0.391679  0.388317  0.385818  0.384096
  0.383072  0.382647  0.382654  0.382446  0.381922  0.380980  0.379516  0.377416
  0.374569  0.370885
  BLADE ROW NUMBER =        2                                           
   41    9   35  178    0    0    1    1    1    1    0    0    0    0    0    0
       0.0   78027.1   78027.1  121322.3  121322.3   0.00000       0.0
  1.000000
  0.005028  0.006355  0.007612  0.008725  0.009667  0.010442  0.011067  0.011543
  0.011905  0.012251  0.012630  0.013050  0.013512  0.014018  0.014565  0.015145
  0.015753  0.016380  0.017016  0.017648  0.018280  0.018853  0.019311  0.019644
  0.019889  0.020094  0.020297  0.020530  0.020812  0.021150  0.021550  0.022005
  0.022501  0.023023  0.023549  0.024043  0.024864  0.026184  0.027737  0.029190
  0.030482
  1.000000
 -0.093635 -0.081819 -0.072479 -0.065196 -0.059562 -0.055226 -0.051902 -0.049382
 -0.047469 -0.044465 -0.042177 -0.039626 -0.036763 -0.033561 -0.029999 -0.026088
 -0.021801 -0.017117 -0.011998 -0.006392  0.000000  0.006912  0.013728  0.019970
  0.025536  0.030596  0.035071  0.038851  0.041877  0.044215  0.045983  0.047273
  0.048164  0.048735  0.048434  0.049231  0.049991  0.050633  0.051323  0.052255
  0.053488
  1.000000
  0.000000  0.000000  0.000000  0.000000  0.000000  0.000000  0.000000  0.000000
  0.000000  0.001994  0.002571  0.002978  0.003417  0.003906  0.004445  0.005024
  0.005649  0.006310  0.006999  0.007693  0.008404  0.009036  0.009475  0.009677
  0.009627  0.009347  0.008818  0.008082  0.007192  0.006207  0.005151  0.004069
  0.002990  0.001943 -0.000000 -0.000000  0.000000  0.000000  0.000000  0.000000
  0.000000
  1.000000
  0.107433  0.108793  0.109500  0.109832  0.109960  0.109978  0.109946  0.109945
  0.109957  0.109984  0.110030  0.110104  0.110215  0.110379  0.110612  0.110935
  0.111375  0.111968  0.112761  0.113817  0.115281  0.117208  0.119501  0.121984
  0.124557  0.127242  0.129968  0.132601  0.135019  0.137174  0.139080  0.140740
  0.142162  0.143360  0.144353  0.145475  0.146315  0.146622  0.146860  0.147557
  0.148838
  1.000000
  0.009466  0.010249  0.010845  0.011299  0.011645  0.011908  0.012108  0.012261
  0.012377  0.012494  0.012626  0.012777  0.012952  0.013154  0.013386  0.013652
  0.013956  0.014304  0.014705  0.015170  0.015735  0.016394  0.017102  0.017813
  0.018510  0.019214  0.019917  0.020597  0.021231  0.021813  0.022347  0.022836
  0.023277  0.023673  0.024021  0.024370  0.024765  0.025211  0.025716  0.026287
  0.026933
  1.000000
 -0.017548 -0.015702 -0.014295 -0.013224 -0.012409 -0.011788 -0.011315 -0.010955
 -0.010680 -0.010219 -0.009882 -0.009505 -0.009081 -0.008605 -0.008075 -0.007490
 -0.006848 -0.006146 -0.005380 -0.004544 -0.003599 -0.002592 -0.001618 -0.000750
  0.000000  0.000657  0.001215  0.001663  0.002002  0.002246  0.002415  0.002524
  0.002585  0.002609  0.002514  0.002593  0.002682  0.002783  0.002897  0.003026
  0.003172
  1.000000
  0.000000  0.000000  0.000000  0.000000  0.000000  0.000000  0.000000  0.000000
  0.000000  0.000358  0.000466  0.000541  0.000620  0.000709  0.000807  0.000913
  0.001026  0.001146  0.001271  0.001398  0.001527  0.001641  0.001722  0.001758
  0.001750  0.001698  0.001603  0.001469  0.001308  0.001129  0.000938  0.000741
  0.000545  0.000355 -0.000000 -0.000000  0.000000  0.000000  0.000000  0.000000
  0.000000
  1.000000
  0.246300  0.246300  0.246300  0.246300  0.246300  0.246300  0.246300  0.246300
  0.246300  0.246300  0.246300  0.246300  0.246300  0.246300  0.246300  0.246300
  0.246300  0.246300  0.246300  0.246300  0.246300  0.246300  0.246300  0.246300
  0.246300  0.246300  0.246300  0.246300  0.246300  0.246300  0.246300  0.246300
  0.246300  0.246300  0.246300  0.246300  0.246300  0.246300  0.246300  0.246300
  0.246300
  1.000000
  0.005028  0.006355  0.007613  0.008726  0.009668  0.010443  0.011068  0.011544
  0.011906  0.012252  0.012631  0.013051  0.013513  0.014019  0.014566  0.015146
  0.015754  0.016381  0.017017  0.017649  0.018280  0.018854  0.019311  0.019644
  0.019889  0.020094  0.020298  0.020530  0.020812  0.021150  0.021550  0.022005
  0.022501  0.023023  0.023549  0.024043  0.024864  0.026184  0.027737  0.029190
  0.030482
  1.000000
 -0.028647 -0.024847 -0.021982 -0.019815 -0.018172 -0.016925 -0.015978 -0.015255
 -0.014704 -0.013694 -0.012998 -0.012219 -0.011342 -0.010357 -0.009257 -0.008045
 -0.006714 -0.005259 -0.003673 -0.001945  0.000000  0.002062  0.004035  0.005770
  0.007247  0.008514  0.009561  0.010374  0.010960  0.011355  0.011600  0.011729
  0.011767  0.011740  0.011438  0.011574  0.011743  0.011955  0.012199  0.012459
  0.012735
  1.000000
  0.000000  0.000000  0.000000  0.000000  0.000000  0.000000  0.000000  0.000000
  0.000000  0.000912  0.001192  0.001385  0.001590  0.001818  0.002068  0.002339
  0.002630  0.002938  0.003258  0.003584  0.003915  0.004209  0.004415  0.004507
  0.004486  0.004353  0.004109  0.003767  0.003353  0.002894  0.002404  0.001899
  0.001397  0.000910 -0.000000 -0.000000  0.000000  0.000000  0.000000  0.000000
  0.000000
  1.000000
  0.385166  0.383807  0.383100  0.382768  0.382640  0.382623  0.382654  0.382655
  0.382643  0.382616  0.382570  0.382496  0.382385  0.382221  0.381988  0.381665
  0.381225  0.380631  0.379839  0.378783  0.377319  0.375392  0.373099  0.370615
  0.368043  0.365358  0.362632  0.359999  0.357580  0.355426  0.353520  0.351861
  0.350438  0.349240  0.348247  0.347125  0.346285  0.345978  0.345740  0.345043
  0.343762
  BLADE ROW NUMBER =        3                                           
   41    9   35  179    0    0    1    1    1    1    0    0    0    0    0    0
   13250.3  121322.3  121322.3  179380.6  179380.6   0.00000   13250.3
  1.000000
  0.022976  0.023753  0.024481  0.025265  0.026003  0.026581  0.027011  0.027338
  0.027587  0.027817  0.028069  0.028349  0.028658  0.028996  0.029364  0.029756
  0.030170  0.030602  0.031047  0.031502  0.031978  0.032446  0.032874  0.033254
  0.033611  0.033985  0.034405  0.034883  0.035417  0.036002  0.036635  0.037306
  0.037997  0.038690  0.039365  0.040110  0.040951  0.041855  0.042778  0.043721
  0.044674
  1.000000
  0.010560  0.008550  0.006994  0.005785  0.004853  0.004142  0.003600  0.003188
  0.002874  0.002950  0.002782  0.002524  0.002226  0.001902  0.001559  0.001207
  0.000854  0.000516  0.000209 -0.000045 -0.000211 -0.000216  0.000000  0.000440
  0.001080  0.001937  0.003000  0.004221  0.005526  0.006859  0.008198  0.009511
  0.010772  0.011957  0.012890  0.014101  0.015473  0.017033  0.018817  0.020858
  0.023198
  1.000000
  0.000000  0.000000  0.000000  0.000000  0.000000  0.000000  0.000000  0.000000
  0.000000  0.000747  0.001005  0.001196  0.001374  0.001551  0.001727  0.001901
  0.002069  0.002232  0.002381  0.002513  0.002626  0.002693  0.002701  0.002649
  0.002545  0.002391  0.002194  0.001963  0.001715  0.001459  0.001203  0.000949
  0.000706  0.000478 -0.000000 -0.000000  0.000000  0.000000  0.000000  0.000000
  0.000000
  1.000000
  0.143262  0.144917  0.146018  0.146481  0.146602  0.146667  0.146732  0.146781
  0.146819  0.146884  0.146969  0.147082  0.147231  0.147427  0.147686  0.148020
  0.148450  0.149003  0.149712  0.150620  0.151832  0.153368  0.155126  0.156958
  0.158781  0.160602  0.162358  0.163959  0.165329  0.166454  0.167356  0.168053
  0.168566  0.168922  0.169149  0.169277  0.169435  0.169689  0.170123  0.170767
  0.171667
  1.000000
  0.024540  0.025332  0.025935  0.026394  0.026744  0.027010  0.027213  0.027367
  0.027485  0.027602  0.027736  0.027889  0.028066  0.028270  0.028505  0.028774
  0.029081  0.029434  0.029839  0.030309  0.030881  0.031547  0.032264  0.032983
  0.033688  0.034400  0.035112  0.035799  0.036441  0.037029  0.037570  0.038063
  0.038510  0.038910  0.039263  0.039616  0.040015  0.040466  0.040977  0.041554
  0.042208
  1.000000
  0.015206  0.013338  0.011916  0.010832  0.010007  0.009379  0.008901  0.008536
  0.008259  0.008221  0.008023  0.007746  0.007417  0.007040  0.006611  0.006132
  0.005597  0.005002  0.004342  0.003605  0.002753  0.001815  0.000875  0.000000
 -0.000796 -0.001536 -0.002214 -0.002810 -0.003316 -0.003737 -0.004090 -0.004382
 -0.004622 -0.004818 -0.005058 -0.005138 -0.005228 -0.005331 -0.005446 -0.005577
 -0.005724
  1.000000
  0.000000  0.000000  0.000000  0.000000  0.000000  0.000000  0.000000  0.000000
  0.000000  0.000492  0.000662  0.000789  0.000906  0.001022  0.001139  0.001253
  0.001365  0.001471  0.001570  0.001658  0.001731  0.001776  0.001781  0.001747
  0.001679  0.001578  0.001448  0.001295  0.001131  0.000963  0.000793  0.000627
  0.000467  0.000316 -0.000000 -0.000000  0.000000  0.000000  0.000000  0.000000
  0.000000
  1.000000
  0.246300  0.246300  0.246300  0.246300  0.246300  0.246300  0.246300  0.246300
  0.246300  0.246300  0.246300  0.246300  0.246300  0.246300  0.246300  0.246300
  0.246300  0.246300  0.246300  0.246300  0.246300  0.246300  0.246300  0.246300
  0.246300  0.246300  0.246300  0.246300  0.246300  0.246300  0.246300  0.246300
  0.246300  0.246300  0.246300  0.246300  0.246300  0.246300  0.246300  0.246300
  0.246300
  1.000000
  0.022976  0.023753  0.024481  0.025265  0.026003  0.026581  0.027011  0.027338
  0.027587  0.027817  0.028070  0.028349  0.028658  0.028996  0.029364  0.029756
  0.030170  0.030602  0.031047  0.031502  0.031978  0.032446  0.032874  0.033254
  0.033611  0.033985  0.034405  0.034883  0.035417  0.036002  0.036635  0.037306
  0.037997  0.038690  0.039365  0.040110  0.040951  0.041855  0.042778  0.043720
  0.044674
  1.000000
  0.048288  0.042280  0.037741  0.034333  0.031764  0.029810  0.028321  0.027187
  0.026324  0.026317  0.025749  0.024921  0.023883  0.022673  0.021275  0.019678
  0.017858  0.015790  0.013434  0.010737  0.007516  0.003842  0.000000 -0.003740
 -0.007303 -0.010789 -0.014163 -0.017327 -0.020196 -0.022760 -0.025066 -0.027132
 -0.028970 -0.030591 -0.032189 -0.033347 -0.034654 -0.036125 -0.037770 -0.039611
 -0.041666
  1.000000
  0.000000  0.000000  0.000000  0.000000  0.000000  0.000000  0.000000  0.000000
  0.000000  0.001743  0.002368  0.002852  0.003273  0.003695  0.004113  0.004526
  0.004928  0.005312  0.005668  0.005985  0.006248  0.006408  0.006427  0.006303
  0.006056  0.005692  0.005220  0.004668  0.004074  0.003466  0.002853  0.002251
  0.001673  0.001130 -0.000000 -0.000000  0.000000  0.000000  0.000000  0.000000
  0.000000
  1.000000
  0.349338  0.347683  0.346582  0.346119  0.345998  0.345933  0.345868  0.345819
  0.345781  0.345716  0.345631  0.345518  0.345369  0.345172  0.344915  0.344580
  0.344150  0.343597  0.342888  0.341980  0.340768  0.339232  0.337473  0.335642
  0.333819  0.331998  0.330242  0.328641  0.327271  0.326147  0.325244  0.324547
  0.324034  0.323678  0.323451  0.323323  0.323165  0.322911  0.322477  0.321833
  0.320933
  BLADE ROW NUMBER =        4                                           
   41    9   35  180    0    0    1    1    1    1    0    0    0    0    0    0
       0.0  179380.6  179380.6  253215.0  253215.0   0.00000       0.0
  1.000000
  0.037143  0.038055  0.038855  0.039537  0.040093  0.040516  0.040837  0.041081
  0.041267  0.041443  0.041640  0.041861  0.042111  0.042390  0.042703  0.043047
  0.043425  0.043839  0.044291  0.044787  0.045352  0.045965  0.046581  0.047166
  0.047718  0.048265  0.048814  0.049357  0.049883  0.050391  0.050885  0.051362
  0.051820  0.052252  0.052653  0.053063  0.053562  0.054174  0.054957  0.055894
  0.056936
  1.000000
 -0.038969 -0.034736 -0.031472 -0.028963 -0.027042 -0.025580 -0.024466 -0.023617
 -0.022971 -0.021926 -0.021144 -0.020271 -0.019288 -0.018187 -0.016959 -0.015609
 -0.014128 -0.012509 -0.010742 -0.008814 -0.006630 -0.004295 -0.002031  0.000000
  0.001769  0.003333  0.004675  0.005768  0.006607  0.007227  0.007668  0.007965
  0.008146  0.008237  0.008056  0.008247  0.008460  0.008696  0.008953  0.009238
  0.009564
  1.000000
  0.000000  0.000000  0.000000  0.000000  0.000000  0.000000  0.000000  0.000000
  0.000000  0.000745  0.000964  0.001118  0.001284  0.001467  0.001669  0.001887
  0.002122  0.002371  0.002629  0.002890  0.003157  0.003395  0.003559  0.003634
  0.003618  0.003512  0.003315  0.003038  0.002703  0.002334  0.001937  0.001531
  0.001126  0.000733 -0.000000 -0.000000  0.000000  0.000000  0.000000  0.000000
  0.000000
  1.000000
  0.167903  0.168601  0.168987  0.169178  0.169274  0.169351  0.169413  0.169461
  0.169499  0.169550  0.169613  0.169692  0.169792  0.169919  0.170081  0.170284
  0.170541  0.170865  0.171273  0.171793  0.172483  0.173359  0.174371  0.175443
  0.176535  0.177661  0.178793  0.179879  0.180873  0.181755  0.182536  0.183217
  0.183801  0.184295  0.184706  0.185150  0.185571  0.185930  0.186113  0.186198
  0.186373
  1.000000
  0.038560  0.039326  0.039909  0.040352  0.040690  0.040948  0.041144  0.041293
  0.041407  0.041520  0.041650  0.041798  0.041969  0.042166  0.042393  0.042653
  0.042950  0.043291  0.043683  0.044137  0.044690  0.045334  0.046027  0.046722
  0.047404  0.048092  0.048780  0.049445  0.050065  0.050633  0.051156  0.051633
  0.052065  0.052452  0.052793  0.053134  0.053520  0.053956  0.054450  0.055008
  0.055640
  1.000000
 -0.017160 -0.015354 -0.013979 -0.012931 -0.012134 -0.011527 -0.011064 -0.010712
 -0.010444 -0.009992 -0.009663 -0.009294 -0.008880 -0.008414 -0.007896 -0.007324
 -0.006696 -0.006010 -0.005261 -0.004443 -0.003520 -0.002534 -0.001582 -0.000734
  0.000000  0.000642  0.001188  0.001626  0.001957  0.002196  0.002362  0.002468
  0.002527  0.002551  0.002458  0.002535  0.002622  0.002721  0.002833  0.002959
  0.003102
  1.000000
  0.000000  0.000000  0.000000  0.000000  0.000000  0.000000  0.000000  0.000000
  0.000000  0.000350  0.000455  0.000529  0.000607  0.000693  0.000789  0.000892
  0.001003  0.001121  0.001243  0.001367  0.001493  0.001605  0.001684  0.001719
  0.001711  0.001661  0.001567  0.001437  0.001279  0.001104  0.000917  0.000724
  0.000533  0.000347 -0.000000 -0.000000  0.000000  0.000000  0.000000  0.000000
  0.000000
  1.000000
  0.246300  0.246300  0.246300  0.246300  0.246300  0.246300  0.246300  0.246300
  0.246300  0.246300  0.246300  0.246300  0.246300  0.246300  0.246300  0.246300
  0.246300  0.246300  0.246300  0.246300  0.246300  0.246300  0.246300  0.246300
  0.246300  0.246300  0.246300  0.246300  0.246300  0.246300  0.246300  0.246300
  0.246300  0.246300  0.246300  0.246300  0.246300  0.246300  0.246300  0.246300
  0.246300
  1.000000
  0.037143  0.038055  0.038855  0.039537  0.040093  0.040516  0.040837  0.041081
  0.041267  0.041443  0.041640  0.041861  0.042111  0.042390  0.042703  0.043047
  0.043425  0.043839  0.044292  0.044787  0.045352  0.045965  0.046581  0.047166
  0.047718  0.048265  0.048814  0.049357  0.049883  0.050391  0.050885  0.051362
  0.051820  0.052252  0.052653  0.053063  0.053562  0.054174  0.054957  0.055894
  0.056936
  1.000000
 -0.021221 -0.018883 -0.017114 -0.015773 -0.014755 -0.013980 -0.013390 -0.012941
 -0.012598 -0.011995 -0.011568 -0.011090 -0.010552 -0.009948 -0.009275 -0.008532
 -0.007716 -0.006824 -0.005851 -0.004789 -0.003591 -0.002317 -0.001089  0.000000
  0.000937  0.001750  0.002434  0.002976  0.003379  0.003662  0.003852  0.003967
  0.004022  0.004033  0.003879  0.003976  0.004087  0.004214  0.004361  0.004528
  0.004716
  1.000000
  0.000000  0.000000  0.000000  0.000000  0.000000  0.000000  0.000000  0.000000
  0.000000  0.000509  0.000665  0.000773  0.000887  0.001014  0.001153  0.001304
  0.001467  0.001638  0.001817  0.001999  0.002183  0.002346  0.002461  0.002512
  0.002502  0.002428  0.002291  0.002100  0.001870  0.001613  0.001340  0.001059
  0.000779  0.000507 -0.000000 -0.000000  0.000000  0.000000  0.000000  0.000000
  0.000000
  1.000000
  0.324697  0.323999  0.323613  0.323422  0.323326  0.323249  0.323187  0.323139
  0.323101  0.323050  0.322987  0.322908  0.322808  0.322681  0.322519  0.322316
  0.322059  0.321735  0.321327  0.320807  0.320117  0.319241  0.318229  0.317157
  0.316065  0.314939  0.313807  0.312721  0.311727  0.310845  0.310064  0.309383
  0.308799  0.308305  0.307894  0.307450  0.307029  0.306670  0.306487  0.306402
  0.306227
  BLADE ROW NUMBER =        5                                           
   41    9   35  181    0    0    1    1    1    1    0    0    0    0    0    0
   13250.3  253215.0  253215.0  346413.9  346413.9   0.00000   13250.3
  1.000000
  0.053742  0.054676  0.055466  0.056078  0.056533  0.056878  0.057140  0.057339
  0.057490  0.057632  0.057792  0.057972  0.058176  0.058407  0.058668  0.058959
  0.059282  0.059642  0.060043  0.060493  0.061019  0.061611  0.062228  0.062835
  0.063427  0.064029  0.064642  0.065254  0.065848  0.066418  0.066967  0.067493
  0.067991  0.068455  0.068882  0.069336  0.069852  0.070437  0.071099  0.071815
  0.072593
  1.000000
  0.012076  0.010321  0.008972  0.007944  0.007162  0.006567  0.006113  0.005768
  0.005505  0.005462  0.005272  0.005015  0.004719  0.004389  0.004024  0.003628
  0.003203  0.002751  0.002276  0.001781  0.001256  0.000744  0.000314  0.000000
 -0.000199 -0.000290 -0.000274 -0.000158  0.000038  0.000290  0.000583  0.000901
  0.001230  0.001557  0.001780  0.002170  0.002611  0.003110  0.003674  0.004315
  0.005043
  1.000000
  0.000000  0.000000  0.000000  0.000000  0.000000  0.000000  0.000000  0.000000
  0.000000  0.000445  0.000596  0.000707  0.000812  0.000917  0.001022  0.001125
  0.001225  0.001321  0.001409  0.001488  0.001553  0.001593  0.001598  0.001568
  0.001507  0.001418  0.001299  0.001163  0.001015  0.000863  0.000711  0.000562
  0.000418  0.000283 -0.000000 -0.000000  0.000000  0.000000  0.000000  0.000000
  0.000000
  1.000000
  0.185693  0.186071  0.186164  0.186217  0.186296  0.186362  0.186416  0.186459
  0.186493  0.186542  0.186602  0.186677  0.186769  0.186885  0.187030  0.187210
  0.187433  0.187710  0.188054  0.188485  0.189048  0.189747  0.190538  0.191354
  0.192163  0.192972  0.193756  0.194478  0.195106  0.195633  0.196069  0.196420
  0.196695  0.196903  0.197054  0.197153  0.197259  0.197371  0.197493  0.197707
  0.198021
  1.000000
  0.054612  0.055377  0.055961  0.056405  0.056743  0.057000  0.057196  0.057346
  0.057459  0.057573  0.057702  0.057851  0.058022  0.058219  0.058447  0.058706
  0.059004  0.059344  0.059736  0.060191  0.060744  0.061389  0.062082  0.062777
  0.063459  0.064148  0.064836  0.065501  0.066121  0.066690  0.067213  0.067691
  0.068123  0.068509  0.068850  0.069192  0.069578  0.070014  0.070508  0.071067
  0.071699
  1.000000
  0.014706  0.012900  0.011524  0.010476  0.009678  0.009071  0.008608  0.008256
  0.007988  0.007951  0.007759  0.007491  0.007173  0.006808  0.006394  0.005931
  0.005413  0.004838  0.004199  0.003487  0.002662  0.001756  0.000847  0.000000
 -0.000770 -0.001486 -0.002141 -0.002717 -0.003207 -0.003614 -0.003955 -0.004238
 -0.004471 -0.004660 -0.004892 -0.004969 -0.005057 -0.005155 -0.005267 -0.005393
 -0.005536
  1.000000
  0.000000  0.000000  0.000000  0.000000  0.000000  0.000000  0.000000  0.000000
  0.000000  0.000475  0.000640  0.000763  0.000876  0.000989  0.001101  0.001212
  0.001320  0.001423  0.001519  0.001604  0.001674  0.001718  0.001723  0.001690
  0.001624  0.001526  0.001400  0.001253  0.001094  0.000931  0.000767  0.000606
  0.000451  0.000306 -0.000000 -0.000000  0.000000  0.000000  0.000000  0.000000
  0.000000
  1.000000
  0.246300  0.246300  0.246300  0.246300  0.246300  0.246300  0.246300  0.246300
  0.246300  0.246300  0.246300  0.246300  0.246300  0.246300  0.246300  0.246300
  0.246300  0.246300  0.246300  0.246300  0.246300  0.246300  0.246300  0.246300
  0.246300  0.246300  0.246300  0.246300  0.246300  0.246300  0.246300  0.246300
  0.246300  0.246300  0.246300  0.246300  0.246300  0.246300  0.246300  0.246300
  0.246300
  1.000000
  0.053743  0.054677  0.055467  0.056079  0.056534  0.056879  0.057141  0.057340
  0.057491  0.057633  0.057793  0.057973  0.058177  0.058408  0.058669  0.058960
  0.059283  0.059643  0.060044  0.060493  0.061020  0.061612  0.062229  0.062836
  0.063428  0.064029  0.064642  0.065254  0.065849  0.066418  0.066967  0.067493
  0.067991  0.068455  0.068882  0.069336  0.069852  0.070437  0.071099  0.071815
  0.072593
  1.000000
  0.027378  0.024215  0.021824  0.020005  0.018617  0.017560  0.016755  0.016143
  0.015676  0.015656  0.015342  0.014888  0.014329  0.013680  0.012934  0.012085
  0.011124  0.010036  0.008805  0.007403  0.005738  0.003852  0.001894  0.000000
 -0.001792 -0.003533 -0.005205 -0.006759 -0.008156 -0.009392 -0.010492 -0.011465
 -0.012323 -0.013070 -0.013809 -0.014316 -0.014890 -0.015540 -0.016274 -0.017101
 -0.018031
  1.000000
  0.000000  0.000000  0.000000  0.000000  0.000000  0.000000  0.000000  0.000000
  0.000000  0.000912  0.001237  0.001484  0.001704  0.001923  0.002141  0.002356
  0.002565  0.002764  0.002950  0.003115  0.003252  0.003335  0.003345  0.003281
  0.003152  0.002963  0.002717  0.002431  0.002122  0.001805  0.001485  0.001173
  0.000872  0.000589 -0.000000 -0.000000  0.000000  0.000000  0.000000  0.000000
  0.000000
  1.000000
  0.306906  0.306528  0.306436  0.306382  0.306304  0.306238  0.306184  0.306141
  0.306107  0.306058  0.305998  0.305923  0.305831  0.305715  0.305570  0.305390
  0.305167  0.304890  0.304546  0.304115  0.303552  0.302853  0.302062  0.301246
  0.300437  0.299628  0.298844  0.298122  0.297494  0.296967  0.296531  0.296180
  0.295905  0.295697  0.295546  0.295447  0.295341  0.295229  0.295107  0.294893
  0.294579
  BLADE ROW NUMBER =        6                                           
   41    9   35  181    0    0    1    1    1    1    0    0    0    0    0    0
       0.0  346413.9  346413.9  459639.3  459639.3   0.00000       0.0
  1.000000
  0.067905  0.068717  0.069387  0.069906  0.070303  0.070605  0.070835  0.071010
  0.071143  0.071272  0.071417  0.071583  0.071772  0.071988  0.072234  0.072511
  0.072824  0.073177  0.073575  0.074030  0.074571  0.075189  0.075841  0.076484
  0.077110  0.077738  0.078366  0.078977  0.079552  0.080087  0.080586  0.081049
  0.081476  0.081864  0.082212  0.082564  0.082971  0.083443  0.083993  0.084648
  0.085404
  1.000000
 -0.025246 -0.022597 -0.020566 -0.019016 -0.017835 -0.016935 -0.016250 -0.015727
 -0.015330 -0.014677 -0.014194 -0.013653 -0.013045 -0.012362 -0.011601 -0.010763
 -0.009843 -0.008837 -0.007740 -0.006542 -0.005187 -0.003739 -0.002338 -0.001087
  0.000000  0.000956  0.001772  0.002433  0.002935  0.003302  0.003561  0.003732
  0.003832  0.003879  0.003752  0.003866  0.003995  0.004141  0.004304  0.004487
  0.004692
  1.000000
  0.000000  0.000000  0.000000  0.000000  0.000000  0.000000  0.000000  0.000000
  0.000000  0.000479  0.000622  0.000721  0.000828  0.000946  0.001077  0.001217
  0.001369  0.001529  0.001696  0.001865  0.002036  0.002190  0.002298  0.002344
  0.002334  0.002265  0.002137  0.001960  0.001744  0.001505  0.001250  0.000988
  0.000726  0.000473 -0.000000 -0.000000  0.000000  0.000000  0.000000  0.000000
  0.000000
  1.000000
  0.196652  0.197000  0.197164  0.197269  0.197346  0.197402  0.197445  0.197477
  0.197501  0.197536  0.197578  0.197629  0.197692  0.197770  0.197866  0.197984
  0.198130  0.198310  0.198532  0.198810  0.199174  0.199628  0.200147  0.200692
  0.201244  0.201811  0.202380  0.202925  0.203425  0.203870  0.204265  0.204612
  0.204911  0.205165  0.205379  0.205605  0.205832  0.206049  0.206236  0.206322
  0.206371
  1.000000
  0.068420  0.069164  0.069730  0.070162  0.070490  0.070741  0.070931  0.071076
  0.071187  0.071297  0.071423  0.071567  0.071733  0.071925  0.072146  0.072398
  0.072687  0.073018  0.073399  0.073841  0.074378  0.075005  0.075679  0.076354
  0.077017  0.077686  0.078354  0.079001  0.079604  0.080156  0.080664  0.081129
  0.081549  0.081924  0.082256  0.082587  0.082962  0.083387  0.083866  0.084409
  0.085023
  1.000000
 -0.016682 -0.014926 -0.013589 -0.012571 -0.011796 -0.011206 -0.010756 -0.010414
 -0.010153 -0.009714 -0.009394 -0.009036 -0.008633 -0.008180 -0.007676 -0.007120
 -0.006510 -0.005842 -0.005114 -0.004319 -0.003422 -0.002464 -0.001538 -0.000713
  0.000000  0.000624  0.001155  0.001581  0.001903  0.002135  0.002296  0.002399
  0.002457  0.002480  0.002389  0.002465  0.002549  0.002645  0.002754  0.002877
  0.003015
  1.000000
  0.000000  0.000000  0.000000  0.000000  0.000000  0.000000  0.000000  0.000000
  0.000000  0.000340  0.000443  0.000514  0.000590  0.000674  0.000767  0.000868
  0.000976  0.001090  0.001209  0.001329  0.001451  0.001560  0.001637  0.001671
  0.001664  0.001615  0.001524  0.001397  0.001243  0.001073  0.000891  0.000704
  0.000518  0.000337 -0.000000 -0.000000  0.000000  0.000000  0.000000  0.000000
  0.000000
  1.000000
  0.246300  0.246300  0.246300  0.246300  0.246300  0.246300  0.246300  0.246300
  0.246300  0.246300  0.246300  0.246300  0.246300  0.246300  0.246300  0.246300
  0.246300  0.246300  0.246300  0.246300  0.246300  0.246300  0.246300  0.246300
  0.246300  0.246300  0.246300  0.246300  0.246300  0.246300  0.246300  0.246300
  0.246300  0.246300  0.246300  0.246300  0.246300  0.246300  0.246300  0.246300
  0.246300
  1.000000
  0.067905  0.068717  0.069387  0.069906  0.070303  0.070605  0.070835  0.071010
  0.071143  0.071272  0.071417  0.071583  0.071772  0.071988  0.072234  0.072511
  0.072824  0.073177  0.073575  0.074030  0.074571  0.075189  0.075841  0.076485
  0.077110  0.077738  0.078366  0.078977  0.079552  0.080087  0.080586  0.081049
  0.081476  0.081864  0.082212  0.082564  0.082971  0.083443  0.083993  0.084648
  0.085404
  1.000000
 -0.017250 -0.015434 -0.014058 -0.013011 -0.012214 -0.011608 -0.011146 -0.010794
 -0.010527 -0.010063 -0.009731 -0.009359 -0.008941 -0.008471 -0.007948 -0.007371
 -0.006737 -0.006044 -0.005288 -0.004463 -0.003532 -0.002540 -0.001583 -0.000733
  0.000000  0.000639  0.001180  0.001610  0.001932  0.002162  0.002317  0.002414
  0.002465  0.002480  0.002370  0.002447  0.002534  0.002633  0.002746  0.002874
  0.003020
  1.000000
  0.000000  0.000000  0.000000  0.000000  0.000000  0.000000  0.000000  0.000000
  0.000000  0.000379  0.000495  0.000575  0.000660  0.000754  0.000858  0.000971
  0.001092  0.001219  0.001352  0.001488  0.001624  0.001746  0.001832  0.001870
  0.001861  0.001806  0.001706  0.001563  0.001391  0.001201  0.000997  0.000788
  0.000580  0.000377 -0.000000 -0.000000  0.000000  0.000000  0.000000  0.000000
  0.000000
  1.000000
  0.295948  0.295600  0.295436  0.295331  0.295254  0.295198  0.295155  0.295123
  0.295099  0.295064  0.295022  0.294971  0.294908  0.294830  0.294734  0.294615
  0.294470  0.294290  0.294068  0.293790  0.293427  0.292972  0.292453  0.291908
  0.291356  0.290789  0.290220  0.289675  0.289175  0.288730  0.288335  0.287988
  0.287689  0.287435  0.287221  0.286995  0.286768  0.286551  0.286364  0.286278
  0.286229
  BLADE ROW NUMBER =        7                                           
   41    9   35  182    0    0    1    1    1    1    0    0    0    0    0    0
   13250.3  459639.3  459639.3  596982.5  596982.5   0.00000   13250.3
  1.000000
  0.084277  0.085111  0.085753  0.086235  0.086602  0.086880  0.087092  0.087253
  0.087376  0.087495  0.087629  0.087783  0.087959  0.088161  0.088392  0.088653
  0.088950  0.089286  0.089669  0.090109  0.090638  0.091248  0.091899  0.092547
  0.093183  0.093826  0.094471  0.095102  0.095697  0.096250  0.096766  0.097245
  0.097685  0.098084  0.098442  0.098810  0.099227  0.099700  0.100236  0.100842
  0.101515
  1.000000
  0.011901  0.010292  0.009065  0.008132  0.007421  0.006880  0.006468  0.006154
  0.005915  0.005869  0.005692  0.005453  0.005177  0.004864  0.004514  0.004130
  0.003711  0.003256  0.002765  0.002238  0.001653  0.001045  0.000480  0.000000
 -0.000389 -0.000701 -0.000934 -0.001084 -0.001159 -0.001175 -0.001144 -0.001078
 -0.000988 -0.000883 -0.000853 -0.000675 -0.000474 -0.000246  0.000012  0.000303
  0.000633
  1.000000
  0.000000  0.000000  0.000000  0.000000  0.000000  0.000000  0.000000  0.000000
  0.000000  0.000394  0.000529  0.000628  0.000721  0.000815  0.000908  0.000999
  0.001088  0.001173  0.001251  0.001321  0.001380  0.001415  0.001419  0.001392
  0.001338  0.001258  0.001154  0.001032  0.000902  0.000767  0.000632  0.000499
  0.000372  0.000252 -0.000000 -0.000000  0.000000  0.000000  0.000000  0.000000
  0.000000
  1.000000
  0.206281  0.206355  0.206391  0.206451  0.206502  0.206544  0.206578  0.206605
  0.206626  0.206657  0.206694  0.206739  0.206794  0.206862  0.206945  0.207047
  0.207173  0.207326  0.207515  0.207749  0.208052  0.208426  0.208845  0.209277
  0.209705  0.210132  0.210548  0.210932  0.211268  0.211553  0.211792  0.211987
  0.212143  0.212265  0.212357  0.212418  0.212483  0.212552  0.212624  0.212702
  0.212834
  1.000000
  0.084599  0.085343  0.085910  0.086341  0.086669  0.086920  0.087110  0.087255
  0.087366  0.087476  0.087602  0.087746  0.087912  0.088104  0.088325  0.088577
  0.088866  0.089197  0.089577  0.090019  0.090556  0.091183  0.091856  0.092531
  0.093194  0.093863  0.094531  0.095177  0.095780  0.096333  0.096841  0.097305
  0.097725  0.098100  0.098432  0.098763  0.099138  0.099562  0.100042  0.100585
  0.101199
  1.000000
  0.014287  0.012532  0.011195  0.010177  0.009402  0.008812  0.008363  0.008020
  0.007760  0.007724  0.007538  0.007278  0.006968  0.006614  0.006212  0.005761
  0.005259  0.004700  0.004079  0.003388  0.002586  0.001706  0.000822  0.000000
 -0.000748 -0.001443 -0.002080 -0.002640 -0.003115 -0.003511 -0.003842 -0.004117
 -0.004343 -0.004527 -0.004753 -0.004828 -0.004912 -0.005008 -0.005117 -0.005240
 -0.005378
  1.000000
  0.000000  0.000000  0.000000  0.000000  0.000000  0.000000  0.000000  0.000000
  0.000000  0.000462  0.000622  0.000741  0.000851  0.000961  0.001070  0.001178
  0.001282  0.001382  0.001475  0.001558  0.001627  0.001669  0.001674  0.001641
  0.001577  0.001482  0.001360  0.001217  0.001062  0.000904  0.000745  0.000589
  0.000438  0.000297 -0.000000 -0.000000  0.000000  0.000000  0.000000  0.000000
  0.000000
  1.000000
  0.246300  0.246300  0.246300  0.246300  0.246300  0.246300  0.246300  0.246300
  0.246300  0.246300  0.246300  0.246300  0.246300  0.246300  0.246300  0.246300
  0.246300  0.246300  0.246300  0.246300  0.246300  0.246300  0.246300  0.246300
  0.246300  0.246300  0.246300  0.246300  0.246300  0.246300  0.246300  0.246300
  0.246300  0.246300  0.246300  0.246300  0.246300  0.246300  0.246300  0.246300
  0.246300
  1.000000
  0.084277  0.085111  0.085753  0.086235  0.086602  0.086880  0.087092  0.087253
  0.087376  0.087495  0.087629  0.087783  0.087959  0.088161  0.088392  0.088653
  0.088950  0.089286  0.089669  0.090109  0.090638  0.091248  0.091899  0.092547
  0.093183  0.093826  0.094471  0.095102  0.095697  0.096250  0.096766  0.097245
  0.097685  0.098084  0.098442  0.098810  0.099227  0.099700  0.100236  0.100842
  0.101515
  1.000000
  0.020039  0.017701  0.015922  0.014566  0.013533  0.012746  0.012147  0.011691
  0.011344  0.011321  0.011083  0.010743  0.010328  0.009848  0.009298  0.008674
  0.007970  0.007177  0.006283  0.005270  0.004073  0.002725  0.001335  0.000000
 -0.001254 -0.002464 -0.003616 -0.004678 -0.005624 -0.006454 -0.007185 -0.007827
 -0.008387 -0.008870 -0.009364 -0.009677 -0.010030 -0.010430 -0.010882 -0.011394
 -0.011971
  1.000000
  0.000000  0.000000  0.000000  0.000000  0.000000  0.000000  0.000000  0.000000
  0.000000  0.000664  0.000898  0.001075  0.001234  0.001393  0.001551  0.001707
  0.001859  0.002004  0.002137  0.002257  0.002356  0.002417  0.002424  0.002377
  0.002284  0.002147  0.001970  0.001762  0.001538  0.001308  0.001077  0.000851
  0.000633  0.000428 -0.000000 -0.000000  0.000000  0.000000  0.000000  0.000000
  0.000000
  1.000000
  0.286319  0.286245  0.286209  0.286149  0.286098  0.286056  0.286022  0.285995
  0.285974  0.285943  0.285906  0.285861  0.285806  0.285738  0.285655  0.285553
  0.285427  0.285274  0.285085  0.284851  0.284548  0.284175  0.283755  0.283323
  0.282895  0.282468  0.282052  0.281668  0.281332  0.281047  0.280808  0.280613
  0.280457  0.280335  0.280243  0.280182  0.280117  0.280048  0.279976  0.279898
  0.279766
  BLADE ROW NUMBER =        8                                           
   41    9   35  182    0    0    1    1    1    1    0    0    0    0    0    0
       0.0  596982.5  596982.5  758722.6  758722.6   0.00000       0.0
  1.000000
  0.098031  0.098803  0.099402  0.099859  0.100207  0.100472  0.100674  0.100828
  0.100945  0.101060  0.101191  0.101340  0.101512  0.101710  0.101936  0.102194
  0.102487  0.102821  0.103203  0.103643  0.104174  0.104790  0.105447  0.106102
  0.106743  0.107388  0.108033  0.108657  0.109241  0.109779  0.110275  0.110731
  0.111146  0.111519  0.111850  0.112182  0.112560  0.112992  0.113486  0.114057
  0.114712
  1.000000
 -0.020513 -0.018354 -0.016705 -0.015449 -0.014492 -0.013763 -0.013207 -0.012784
 -0.012462 -0.011930 -0.011537 -0.011097 -0.010603 -0.010048 -0.009429 -0.008748
 -0.007999 -0.007181 -0.006288 -0.005314 -0.004212 -0.003035 -0.001896 -0.000881
  0.000000  0.000773  0.001433  0.001965  0.002369  0.002663  0.002869  0.003004
  0.003082  0.003117  0.003008  0.003101  0.003206  0.003324  0.003457  0.003607
  0.003776
  1.000000
  0.000000  0.000000  0.000000  0.000000  0.000000  0.000000  0.000000  0.000000
  0.000000  0.000398  0.000516  0.000599  0.000688  0.000786  0.000894  0.001011
  0.001137  0.001270  0.001409  0.001549  0.001692  0.001819  0.001909  0.001947
  0.001939  0.001881  0.001776  0.001628  0.001449  0.001251  0.001039  0.000821
  0.000603  0.000393 -0.000000 -0.000000  0.000000  0.000000  0.000000  0.000000
  0.000000
  1.000000
  0.212243  0.212417  0.212509  0.212573  0.212620  0.212654  0.212680  0.212700
  0.212715  0.212738  0.212765  0.212798  0.212839  0.212888  0.212949  0.213023
  0.213113  0.213223  0.213357  0.213523  0.213738  0.214002  0.214301  0.214612
  0.214925  0.215246  0.215567  0.215877  0.216162  0.216417  0.216646  0.216849
  0.217025  0.217177  0.217306  0.217441  0.217580  0.217719  0.217849  0.217931
  0.217971
  1.000000
  0.098237  0.098970  0.099528  0.099953  0.100277  0.100523  0.100711  0.100854
  0.100963  0.101072  0.101195  0.101337  0.101501  0.101690  0.101908  0.102156
  0.102441  0.102767  0.103142  0.103578  0.104107  0.104724  0.105388  0.106053
  0.106706  0.107365  0.108024  0.108660  0.109254  0.109799  0.110299  0.110756
  0.111170  0.111540  0.111867  0.112193  0.112563  0.112981  0.113453  0.113988
  0.114593
  1.000000
 -0.016433 -0.014704 -0.013387 -0.012384 -0.011620 -0.011039 -0.010596 -0.010258
 -0.010002 -0.009569 -0.009254 -0.008901 -0.008504 -0.008058 -0.007561 -0.007014
 -0.006413 -0.005755 -0.005038 -0.004255 -0.003371 -0.002427 -0.001515 -0.000703
  0.000000  0.000615  0.001137  0.001557  0.001875  0.002103  0.002262  0.002363
  0.002420  0.002443  0.002354  0.002428  0.002511  0.002606  0.002713  0.002834
  0.002971
  1.000000
  0.000000  0.000000  0.000000  0.000000  0.000000  0.000000  0.000000  0.000000
  0.000000  0.000335  0.000436  0.000506  0.000581  0.000664  0.000755  0.000855
  0.000961  0.001073  0.001191  0.001310  0.001430  0.001537  0.001613  0.001646
  0.001639  0.001590  0.001501  0.001376  0.001225  0.001057  0.000878  0.000694
  0.000510  0.000332 -0.000000 -0.000000  0.000000  0.000000  0.000000  0.000000
  0.000000
  1.000000
  0.246300  0.246300  0.246300  0.246300  0.246300  0.246300  0.246300  0.246300
  0.246300  0.246300  0.246300  0.246300  0.246300  0.246300  0.246300  0.246300
  0.246300  0.246300  0.246300  0.246300  0.246300  0.246300  0.246300  0.246300
  0.246300  0.246300  0.246300  0.246300  0.246300  0.246300  0.246300  0.246300
  0.246300  0.246300  0.246300  0.246300  0.246300  0.246300  0.246300  0.246300
  0.246300
  1.000000
  0.098031  0.098803  0.099402  0.099859  0.100207  0.100472  0.100674  0.100828
  0.100945  0.101060  0.101191  0.101340  0.101512  0.101709  0.101936  0.102194
  0.102487  0.102821  0.103203  0.103643  0.104174  0.104789  0.105446  0.106102
  0.106742  0.107388  0.108032  0.108656  0.109240  0.109778  0.110274  0.110730
  0.111145  0.111518  0.111849  0.112181  0.112559  0.112991  0.113485  0.114056
  0.114711
  1.000000
 -0.015782 -0.014123 -0.012862 -0.011902 -0.011171 -0.010615 -0.010192 -0.009869
 -0.009624 -0.009202 -0.008898 -0.008559 -0.008176 -0.007747 -0.007269 -0.006741
 -0.006162 -0.005529 -0.004838 -0.004085 -0.003234 -0.002326 -0.001451 -0.000672
  0.000000  0.000587  0.001084  0.001481  0.001779  0.001992  0.002138  0.002229
  0.002278  0.002294  0.002198  0.002269  0.002349  0.002440  0.002542  0.002659
  0.002791
  1.000000
  0.000000  0.000000  0.000000  0.000000  0.000000  0.000000  0.000000  0.000000
  0.000000  0.000339  0.000442  0.000514  0.000589  0.000674  0.000766  0.000867
  0.000975  0.001089  0.001208  0.001328  0.001450  0.001559  0.001636  0.001670
  0.001662  0.001613  0.001523  0.001396  0.001242  0.001073  0.000891  0.000704
  0.000518  0.000337 -0.000000 -0.000000  0.000000  0.000000  0.000000  0.000000
  0.000000
  1.000000
  0.280357  0.280183  0.280091  0.280027  0.279980  0.279946  0.279920  0.279900
  0.279885  0.279862  0.279835  0.279802  0.279762  0.279712  0.279651  0.279578
  0.279488  0.279378  0.279243  0.279077  0.278863  0.278598  0.278299  0.277988
  0.277675  0.277355  0.277033  0.276724  0.276439  0.276183  0.275954  0.275752
  0.275575  0.275423  0.275294  0.275160  0.275020  0.274881  0.274752  0.274669
  0.274629
  BLADE ROW NUMBER =        9                                           
   41    9   35  183    0    0    1    1    1    1    0    0    0    0    0    0
   13250.3  758722.6  758722.6  949462.2  949462.2   0.00000   13250.3
  1.000000
  0.114306  0.115077  0.115663  0.116108  0.116446  0.116704  0.116899  0.117049
  0.117162  0.117274  0.117401  0.117546  0.117714  0.117907  0.118128  0.118380
  0.118668  0.118996  0.119372  0.119808  0.120334  0.120946  0.121602  0.122258
  0.122902  0.123552  0.124203  0.124834  0.125426  0.125971  0.126475  0.126938
  0.127359  0.127739  0.128075  0.128416  0.128801  0.129238  0.129732  0.130291
  0.130922
  1.000000
  0.012063  0.010486  0.009284  0.008370  0.007674  0.007144  0.006740  0.006432
  0.006198  0.006154  0.005981  0.005746  0.005472  0.005161  0.004811  0.004425
  0.004000  0.003535  0.003028  0.002475  0.001853  0.001192  0.000558  0.000000
 -0.000478 -0.000889 -0.001230 -0.001495 -0.001686 -0.001814 -0.001892 -0.001930
 -0.001938 -0.001923 -0.001969 -0.001875 -0.001769 -0.001649 -0.001513 -0.001359
 -0.001185
  1.000000
  0.000000  0.000000  0.000000  0.000000  0.000000  0.000000  0.000000  0.000000
  0.000000  0.000390  0.000524  0.000623  0.000716  0.000808  0.000900  0.000990
  0.001079  0.001163  0.001241  0.001310  0.001367  0.001404  0.001407  0.001381
  0.001326  0.001247  0.001144  0.001024  0.000894  0.000761  0.000627  0.000495
  0.000369  0.000250 -0.000000 -0.000000  0.000000  0.000000  0.000000  0.000000
  0.000000
  1.000000
  0.217950  0.217984  0.218013  0.218051  0.218083  0.218110  0.218130  0.218147
  0.218160  0.218180  0.218204  0.218232  0.218267  0.218310  0.218363  0.218426
  0.218504  0.218598  0.218713  0.218854  0.219036  0.219258  0.219506  0.219760
  0.220011  0.220262  0.220507  0.220735  0.220937  0.221109  0.221254  0.221375
  0.221472  0.221549  0.221608  0.221646  0.221686  0.221729  0.221774  0.221823
  0.221888
  1.000000
  0.114430  0.115164  0.115722  0.116148  0.116472  0.116718  0.116906  0.117049
  0.117158  0.117267  0.117391  0.117533  0.117697  0.117886  0.118104  0.118353
  0.118638  0.118964  0.119340  0.119775  0.120305  0.120923  0.121587  0.122253
  0.122906  0.123566  0.124225  0.124862  0.125457  0.126001  0.126503  0.126960
  0.127374  0.127744  0.128071  0.128398  0.128768  0.129186  0.129659  0.130195
  0.130800
  1.000000
  0.014089  0.012358  0.011040  0.010037  0.009272  0.008690  0.008247  0.007909
  0.007652  0.007617  0.007433  0.007177  0.006872  0.006523  0.006126  0.005682
  0.005186  0.004635  0.004023  0.003341  0.002551  0.001682  0.000811  0.000000
 -0.000738 -0.001424 -0.002051 -0.002603 -0.003072 -0.003463 -0.003789 -0.004060
 -0.004283 -0.004464 -0.004687 -0.004761 -0.004844 -0.004939 -0.005046 -0.005167
 -0.005304
  1.000000
  0.000000  0.000000  0.000000  0.000000  0.000000  0.000000  0.000000  0.000000
  0.000000  0.000455  0.000613  0.000731  0.000839  0.000947  0.001055  0.001161
  0.001265  0.001363  0.001455  0.001536  0.001604  0.001645  0.001650  0.001619
  0.001555  0.001462  0.001342  0.001200  0.001048  0.000892  0.000735  0.000581
  0.000432  0.000293 -0.000000 -0.000000  0.000000  0.000000  0.000000  0.000000
  0.000000
  1.000000
  0.246300  0.246300  0.246300  0.246300  0.246300  0.246300  0.246300  0.246300
  0.246300  0.246300  0.246300  0.246300  0.246300  0.246300  0.246300  0.246300
  0.246300  0.246300  0.246300  0.246300  0.246300  0.246300  0.246300  0.246300
  0.246300  0.246300  0.246300  0.246300  0.246300  0.246300  0.246300  0.246300
  0.246300  0.246300  0.246300  0.246300  0.246300  0.246300  0.246300  0.246300
  0.246300
  1.000000
  0.114308  0.115078  0.115665  0.116109  0.116448  0.116705  0.116901  0.117050
  0.117164  0.117276  0.117403  0.117548  0.117715  0.117908  0.118130  0.118382
  0.118669  0.118998  0.119374  0.119809  0.120336  0.120947  0.121603  0.122259
  0.122903  0.123553  0.124204  0.124836  0.125427  0.125972  0.126477  0.126940
  0.127361  0.127740  0.128077  0.128417  0.128803  0.129239  0.129734  0.130293
  0.130924
  1.000000
  0.017375  0.015325  0.013764  0.012574  0.011668  0.010979  0.010453  0.010053
  0.009749  0.009724  0.009513  0.009213  0.008850  0.008431  0.007951  0.007409
  0.006799  0.006113  0.005342  0.004472  0.003448  0.002301  0.001124  0.000000
 -0.001050 -0.002055 -0.003007 -0.003877 -0.004647 -0.005315 -0.005901 -0.006410
 -0.006851 -0.007228 -0.007617 -0.007849 -0.008112 -0.008410 -0.008746 -0.009127
 -0.009558
  1.000000
  0.000000  0.000000  0.000000  0.000000  0.000000  0.000000  0.000000  0.000000
  0.000000  0.000572  0.000773  0.000925  0.001062  0.001198  0.001335  0.001469
  0.001599  0.001724  0.001840  0.001942  0.002027  0.002079  0.002085  0.002045
  0.001965  0.001848  0.001695  0.001516  0.001323  0.001126  0.000928  0.000732
  0.000545  0.000369 -0.000000 -0.000000  0.000000  0.000000  0.000000  0.000000
  0.000000
  1.000000
  0.274650  0.274616  0.274587  0.274549  0.274516  0.274490  0.274469  0.274453
  0.274440  0.274420  0.274396  0.274367  0.274332  0.274289  0.274237  0.274173
  0.274096  0.274002  0.273887  0.273745  0.273564  0.273342  0.273094  0.272840
  0.272589  0.272337  0.272092  0.271864  0.271663  0.271491  0.271345  0.271225
  0.271127  0.271051  0.270992  0.270954  0.270914  0.270871  0.270825  0.270777
  0.270712
  BLADE ROW NUMBER =       10                                           
   41    9   35  183    0    0    1    1    1    1    0    0    0    0    0    0
       0.0  949462.2  949462.2 1169072.5 1169072.5   0.00000       0.0
  1.000000
  0.127899  0.128647  0.129219  0.129655  0.129986  0.130239  0.130432  0.130578
  0.130690  0.130801  0.130927  0.131071  0.131237  0.131428  0.131648  0.131899
  0.132186  0.132514  0.132890  0.133325  0.133852  0.134465  0.135123  0.135781
  0.136425  0.137075  0.137724  0.138352  0.138938  0.139476  0.139972  0.140425
  0.140836  0.141204  0.141530  0.141855  0.142225  0.142644  0.143122  0.143667
  0.144288
  1.000000
 -0.018701 -0.016731 -0.015229 -0.014085 -0.013214 -0.012550 -0.012044 -0.011659
 -0.011366 -0.010879 -0.010521 -0.010120 -0.009669 -0.009163 -0.008598 -0.007977
 -0.007294 -0.006548 -0.005733 -0.004843 -0.003839 -0.002766 -0.001728 -0.000802
  0.000000  0.000703  0.001302  0.001784  0.002151  0.002416  0.002602  0.002723
  0.002793  0.002823  0.002720  0.002805  0.002900  0.003008  0.003130  0.003267
  0.003422
  1.000000
  0.000000  0.000000  0.000000  0.000000  0.000000  0.000000  0.000000  0.000000
  0.000000  0.000367  0.000477  0.000554  0.000636  0.000727  0.000827  0.000935
  0.001051  0.001174  0.001302  0.001433  0.001564  0.001682  0.001764  0.001801
  0.001793  0.001740  0.001642  0.001505  0.001340  0.001156  0.000960  0.000759
  0.000558  0.000363 -0.000000 -0.000000  0.000000  0.000000  0.000000  0.000000
  0.000000
  1.000000
  0.221578  0.221670  0.221727  0.221767  0.221797  0.221819  0.221835  0.221848
  0.221857  0.221871  0.221888  0.221909  0.221934  0.221964  0.222002  0.222047
  0.222102  0.222170  0.222252  0.222355  0.222487  0.222652  0.222839  0.223034
  0.223232  0.223436  0.223641  0.223839  0.224021  0.224186  0.224334  0.224466
  0.224581  0.224681  0.224766  0.224858  0.224953  0.225048  0.225138  0.225199
  0.225231
  1.000000
  0.127988  0.128717  0.129272  0.129694  0.130016  0.130261  0.130448  0.130590
  0.130698  0.130806  0.130929  0.131070  0.131233  0.131421  0.131638  0.131885
  0.132168  0.132492  0.132865  0.133298  0.133824  0.134437  0.135097  0.135758
  0.136408  0.137063  0.137718  0.138351  0.138941  0.139482  0.139980  0.140434
  0.140846  0.141214  0.141538  0.141863  0.142230  0.142646  0.143116  0.143647
  0.144249
  1.000000
 -0.016337 -0.014617 -0.013308 -0.012311 -0.011552 -0.010974 -0.010533 -0.010198
 -0.009943 -0.009513 -0.009200 -0.008849 -0.008454 -0.008011 -0.007517 -0.006973
 -0.006375 -0.005722 -0.005009 -0.004230 -0.003351 -0.002413 -0.001506 -0.000698
  0.000000  0.000612  0.001131  0.001548  0.001864  0.002091  0.002248  0.002349
  0.002406  0.002428  0.002340  0.002414  0.002497  0.002591  0.002697  0.002817
  0.002953
  1.000000
  0.000000  0.000000  0.000000  0.000000  0.000000  0.000000  0.000000  0.000000
  0.000000  0.000333  0.000433  0.000503  0.000578  0.000660  0.000751  0.000850
  0.000955  0.001067  0.001184  0.001302  0.001421  0.001528  0.001603  0.001637
  0.001629  0.001581  0.001492  0.001368  0.001218  0.001051  0.000873  0.000690
  0.000507  0.000330 -0.000000 -0.000000  0.000000  0.000000  0.000000  0.000000
  0.000000
  1.000000
  0.246300  0.246300  0.246300  0.246300  0.246300  0.246300  0.246300  0.246300
  0.246300  0.246300  0.246300  0.246300  0.246300  0.246300  0.246300  0.246300
  0.246300  0.246300  0.246300  0.246300  0.246300  0.246300  0.246300  0.246300
  0.246300  0.246300  0.246300  0.246300  0.246300  0.246300  0.246300  0.246300
  0.246300  0.246300  0.246300  0.246300  0.246300  0.246300  0.246300  0.246300
  0.246300
  1.000000
  0.127899  0.128647  0.129218  0.129654  0.129986  0.130239  0.130431  0.130578
  0.130690  0.130800  0.130926  0.131070  0.131236  0.131428  0.131648  0.131899
  0.132186  0.132513  0.132889  0.133324  0.133852  0.134465  0.135123  0.135780
  0.136425  0.137075  0.137724  0.138352  0.138938  0.139476  0.139971  0.140425
  0.140836  0.141204  0.141530  0.141855  0.142224  0.142644  0.143121  0.143666
  0.144288
  1.000000
 -0.015447 -0.013823 -0.012588 -0.011648 -0.010932 -0.010387 -0.009971 -0.009655
 -0.009415 -0.009004 -0.008707 -0.008374 -0.008000 -0.007581 -0.007113 -0.006597
 -0.006031 -0.005411 -0.004736 -0.003998 -0.003166 -0.002278 -0.001421 -0.000659
  0.000000  0.000576  0.001063  0.001454  0.001747  0.001958  0.002102  0.002193
  0.002243  0.002260  0.002169  0.002238  0.002316  0.002405  0.002506  0.002619
  0.002749
  1.000000
  0.000000  0.000000  0.000000  0.000000  0.000000  0.000000  0.000000  0.000000
  0.000000  0.000327  0.000426  0.000495  0.000568  0.000650  0.000739  0.000836
  0.000940  0.001050  0.001165  0.001281  0.001399  0.001504  0.001578  0.001611
  0.001603  0.001556  0.001469  0.001347  0.001198  0.001035  0.000859  0.000679
  0.000499  0.000325 -0.000000 -0.000000  0.000000  0.000000  0.000000  0.000000
  0.000000
  1.000000
  0.271022  0.270930  0.270873  0.270833  0.270803  0.270781  0.270765  0.270753
  0.270743  0.270729  0.270712  0.270691  0.270666  0.270636  0.270599  0.270553
  0.270498  0.270431  0.270348  0.270246  0.270113  0.269949  0.269762  0.269567
  0.269369  0.269166  0.268961  0.268763  0.268580  0.268415  0.268267  0.268136
  0.268020  0.267920  0.267835  0.267743  0.267648  0.267552  0.267463  0.267401
  0.267369
  BLADE ROW NUMBER =       11                                           
   41    9   35  184    0    0    1    1    1    1    0    0    0    0    0    0
   13250.3 1169072.5 1169072.5 1422675.6 1422675.6   0.00000   13250.3
  1.000000
  0.144130  0.144875  0.145443  0.145874  0.146202  0.146452  0.146642  0.146787
  0.146897  0.147007  0.147131  0.147274  0.147438  0.147628  0.147846  0.148095
  0.148379  0.148704  0.149078  0.149511  0.150036  0.150648  0.151304  0.151962
  0.152608  0.153260  0.153912  0.154543  0.155133  0.155675  0.156174  0.156631
  0.157046  0.157418  0.157747  0.158078  0.158452  0.158876  0.159355  0.159898
  0.160511
  1.000000
  0.012354  0.010768  0.009560  0.008641  0.007940  0.007407  0.007001  0.006692
  0.006456  0.006414  0.006241  0.006005  0.005727  0.005412  0.005057  0.004663
  0.004228  0.003749  0.003225  0.002650  0.001996  0.001295  0.000613  0.000000
 -0.000534 -0.001008 -0.001415 -0.001749 -0.002006 -0.002199 -0.002338 -0.002435
 -0.002498 -0.002533 -0.002623 -0.002574 -0.002518 -0.002455 -0.002384 -0.002304
 -0.002213
  1.000000
  0.000000  0.000000  0.000000  0.000000  0.000000  0.000000  0.000000  0.000000
  0.000000  0.000397  0.000534  0.000635  0.000729  0.000823  0.000917  0.001009
  0.001099  0.001184  0.001264  0.001335  0.001393  0.001429  0.001433  0.001407
  0.001352  0.001270  0.001166  0.001043  0.000911  0.000775  0.000639  0.000504
  0.000376  0.000255 -0.000000 -0.000000  0.000000  0.000000  0.000000  0.000000
  0.000000
  1.000000
  0.225225  0.225246  0.225268  0.225293  0.225314  0.225331  0.225344  0.225355
  0.225363  0.225376  0.225391  0.225410  0.225432  0.225460  0.225493  0.225534
  0.225584  0.225645  0.225719  0.225810  0.225928  0.226072  0.226233  0.226398
  0.226562  0.226725  0.226884  0.227032  0.227162  0.227273  0.227366  0.227444
  0.227506  0.227555  0.227593  0.227617  0.227643  0.227671  0.227699  0.227730
  0.227765
  1.000000
  0.144182  0.144912  0.145467  0.145890  0.146212  0.146458  0.146644  0.146787
  0.146895  0.147003  0.147126  0.147268  0.147431  0.147619  0.147835  0.148083
  0.148366  0.148691  0.149064  0.149497  0.150024  0.150638  0.151298  0.151960
  0.152610  0.153266  0.153922  0.154555  0.155146  0.155688  0.156186  0.156641
  0.157053  0.157421  0.157746  0.158071  0.158439  0.158855  0.159325  0.159857
  0.160459
  1.000000
  0.014009  0.012288  0.010978  0.009980  0.009220  0.008641  0.008200  0.007865
  0.007609  0.007574  0.007391  0.007136  0.006833  0.006486  0.006091  0.005649
  0.005156  0.004609  0.004000  0.003322  0.002536  0.001672  0.000806  0.000000
 -0.000733 -0.001415 -0.002039 -0.002589 -0.003055 -0.003443 -0.003768 -0.004037
 -0.004259 -0.004439 -0.004660 -0.004734 -0.004817 -0.004911 -0.005017 -0.005138
 -0.005274
  1.000000
  0.000000  0.000000  0.000000  0.000000  0.000000  0.000000  0.000000  0.000000
  0.000000  0.000453  0.000610  0.000727  0.000834  0.000942  0.001049  0.001155
  0.001257  0.001355  0.001447  0.001528  0.001595  0.001636  0.001641  0.001610
  0.001547  0.001454  0.001334  0.001193  0.001042  0.000887  0.000731  0.000577
  0.000430  0.000291 -0.000000 -0.000000  0.000000  0.000000  0.000000  0.000000
  0.000000
  1.000000
  0.246300  0.246300  0.246300  0.246300  0.246300  0.246300  0.246300  0.246300
  0.246300  0.246300  0.246300  0.246300  0.246300  0.246300  0.246300  0.246300
  0.246300  0.246300  0.246300  0.246300  0.246300  0.246300  0.246300  0.246300
  0.246300  0.246300  0.246300  0.246300  0.246300  0.246300  0.246300  0.246300
  0.246300  0.246300  0.246300  0.246300  0.246300  0.246300  0.246300  0.246300
  0.246300
  1.000000
  0.144130  0.144876  0.145443  0.145874  0.146203  0.146452  0.146643  0.146787
  0.146898  0.147007  0.147132  0.147274  0.147439  0.147628  0.147847  0.148095
  0.148380  0.148705  0.149079  0.149512  0.150037  0.150649  0.151306  0.151964
  0.152610  0.153262  0.153913  0.154544  0.155134  0.155676  0.156176  0.156633
  0.157048  0.157420  0.157749  0.158080  0.158454  0.158878  0.159357  0.159900
  0.160513
  1.000000
  0.016187  0.014261  0.012794  0.011677  0.010826  0.010178  0.009685  0.009309
  0.009023  0.008996  0.008797  0.008514  0.008173  0.007781  0.007332  0.006826
  0.006257  0.005620  0.004905  0.004100  0.003155  0.002101  0.001024  0.000000
 -0.000952 -0.001858 -0.002712 -0.003488 -0.004169 -0.004757 -0.005268 -0.005710
 -0.006089 -0.006412 -0.006758 -0.006948 -0.007163 -0.007406 -0.007681 -0.007992
 -0.008344
  1.000000
  0.000000  0.000000  0.000000  0.000000  0.000000  0.000000  0.000000  0.000000
  0.000000  0.000531  0.000717  0.000857  0.000984  0.001110  0.001237  0.001361
  0.001482  0.001597  0.001705  0.001800  0.001878  0.001927  0.001932  0.001895
  0.001821  0.001713  0.001571  0.001405  0.001226  0.001044  0.000860  0.000679
  0.000505  0.000342 -0.000000 -0.000000  0.000000  0.000000  0.000000  0.000000
  0.000000
  1.000000
  0.267375  0.267354  0.267332  0.267307  0.267286  0.267269  0.267256  0.267245
  0.267237  0.267224  0.267209  0.267190  0.267168  0.267140  0.267107  0.267066
  0.267016  0.266955  0.266881  0.266790  0.266673  0.266529  0.266368  0.266203
  0.266039  0.265876  0.265717  0.265569  0.265439  0.265328  0.265234  0.265157
  0.265094  0.265045  0.265007  0.264982  0.264956  0.264928  0.264899  0.264870
  0.264835
  BLADE ROW NUMBER =       12                                           
   42    9   35  184    0    0    1    1    1    1    0    0    0    0    0    0
       0.0 1422675.6 1422675.6 1709714.9 1709714.9   0.00000       0.0
  1.000000
  0.157673  0.158408  0.158969  0.159396  0.159721  0.159969  0.160158  0.160302
  0.160411  0.160520  0.160644  0.160786  0.160950  0.161139  0.161357  0.161606
  0.161890  0.162215  0.162589  0.163023  0.163550  0.164164  0.164823  0.165484
  0.166132  0.166786  0.167439  0.168071  0.168661  0.169201  0.169699  0.170154
  0.170566  0.170934  0.171260  0.171588  0.172009  0.172549  0.173243  0.174134
  0.175277  0.176745
  1.000000
 -0.017839 -0.015960 -0.014528 -0.013437 -0.012607 -0.011974 -0.011492 -0.011125
 -0.010846 -0.010380 -0.010039 -0.009656 -0.009226 -0.008743 -0.008204 -0.007611
 -0.006959 -0.006246 -0.005469 -0.004620 -0.003661 -0.002637 -0.001647 -0.000764
  0.000000  0.000670  0.001240  0.001699  0.002047  0.002298  0.002474  0.002588
  0.002653  0.002681  0.002581  0.002661  0.002763  0.002895  0.003064  0.003280
  0.003558  0.003914
  1.000000
  0.000000  0.000000  0.000000  0.000000  0.000000  0.000000  0.000000  0.000000
  0.000000  0.000353  0.000459  0.000533  0.000612  0.000699  0.000796  0.000900
  0.001012  0.001131  0.001254  0.001379  0.001506  0.001619  0.001698  0.001734
  0.001726  0.001675  0.001581  0.001449  0.001290  0.001113  0.000925  0.000731
  0.000537  0.000350 -0.000000 -0.000000  0.000000  0.000000  0.000000  0.000000
  0.000000  0.000000
  1.000000
  0.227585  0.227640  0.227677  0.227702  0.227720  0.227734  0.227744  0.227751
  0.227757  0.227766  0.227776  0.227789  0.227804  0.227823  0.227846  0.227873
  0.227907  0.227948  0.227998  0.228059  0.228139  0.228238  0.228349  0.228465
  0.228581  0.228699  0.228817  0.228930  0.229032  0.229122  0.229202  0.229272
  0.229331  0.229382  0.229424  0.229445  0.229470  0.229498  0.229530  0.229562
  0.229592  0.229613
  1.000000
  0.157701  0.158430  0.158985  0.159408  0.159731  0.159976  0.160163  0.160305
  0.160413  0.160521  0.160644  0.160786  0.160949  0.161137  0.161353  0.161601
  0.161884  0.162208  0.162581  0.163015  0.163541  0.164155  0.164816  0.165478
  0.166127  0.166783  0.167438  0.168072  0.168663  0.169204  0.169702  0.170157
  0.170569  0.170937  0.171262  0.171587  0.172004  0.172539  0.173225  0.174106
  0.175236  0.176687
  1.000000
 -0.016350 -0.014630 -0.013319 -0.012321 -0.011562 -0.010983 -0.010542 -0.010207
 -0.009951 -0.009521 -0.009207 -0.008856 -0.008461 -0.008018 -0.007523 -0.006978
 -0.006380 -0.005726 -0.005013 -0.004233 -0.003354 -0.002415 -0.001508 -0.000699
  0.000000  0.000612  0.001132  0.001549  0.001865  0.002092  0.002250  0.002351
  0.002408  0.002431  0.002342  0.002416  0.002510  0.002631  0.002786  0.002985
  0.003241  0.003569
  1.000000
  0.000000  0.000000  0.000000  0.000000  0.000000  0.000000  0.000000  0.000000
  0.000000  0.000333  0.000434  0.000504  0.000578  0.000661  0.000752  0.000850
  0.000956  0.001068  0.001185  0.001303  0.001422  0.001529  0.001604  0.001638
  0.001631  0.001582  0.001493  0.001369  0.001219  0.001052  0.000874  0.000690
  0.000508  0.000331 -0.000000 -0.000000  0.000000  0.000000  0.000000  0.000000
  0.000000  0.000000
  1.000000
  0.246300  0.246300  0.246300  0.246300  0.246300  0.246300  0.246300  0.246300
  0.246300  0.246300  0.246300  0.246300  0.246300  0.246300  0.246300  0.246300
  0.246300  0.246300  0.246300  0.246300  0.246300  0.246300  0.246300  0.246300
  0.246300  0.246300  0.246300  0.246300  0.246300  0.246300  0.246300  0.246300
  0.246300  0.246300  0.246300  0.246300  0.246300  0.246300  0.246300  0.246300
  0.246300  0.246300
  1.000000
  0.157672  0.158408  0.158969  0.159396  0.159721  0.159969  0.160158  0.160301
  0.160411  0.160520  0.160644  0.160786  0.160950  0.161139  0.161357  0.161605
  0.161890  0.162215  0.162589  0.163023  0.163550  0.164164  0.164823  0.165483
  0.166132  0.166786  0.167439  0.168071  0.168660  0.169201  0.169699  0.170154
  0.170565  0.170934  0.171260  0.171588  0.172009  0.172549  0.173243  0.174133
  0.175277  0.176745
  1.000000
 -0.015425 -0.013804 -0.012569 -0.011630 -0.010914 -0.010369 -0.009955 -0.009639
 -0.009398 -0.008989 -0.008693 -0.008361 -0.007987 -0.007568 -0.007101 -0.006587
 -0.006021 -0.005403 -0.004729 -0.003993 -0.003162 -0.002276 -0.001420 -0.000658
  0.000000  0.000576  0.001063  0.001455  0.001749  0.001961  0.002106  0.002198
  0.002249  0.002267  0.002178  0.002248  0.002337  0.002451  0.002598  0.002787
  0.003029  0.003339
  1.000000
  0.000000  0.000000  0.000000  0.000000  0.000000  0.000000  0.000000  0.000000
  0.000000  0.000324  0.000422  0.000490  0.000562  0.000643  0.000731  0.000827
  0.000930  0.001039  0.001152  0.001267  0.001384  0.001488  0.001561  0.001593
  0.001586  0.001539  0.001453  0.001332  0.001185  0.001023  0.000850  0.000671
  0.000494  0.000322 -0.000000 -0.000000  0.000000  0.000000  0.000000  0.000000
  0.000000  0.000000
  1.000000
  0.265015  0.264959  0.264923  0.264897  0.264879  0.264866  0.264856  0.264849
  0.264843  0.264834  0.264824  0.264811  0.264796  0.264778  0.264755  0.264728
  0.264694  0.264653  0.264603  0.264542  0.264462  0.264363  0.264252  0.264136
  0.264020  0.263902  0.263784  0.263671  0.263569  0.263478  0.263398  0.263329
  0.263269  0.263218  0.263176  0.263155  0.263130  0.263102  0.263070  0.263038
  0.263008  0.262987
   1005.03   1.40000   0.40000   0.00500   0.00500   2.00000
 10.000000**********  0.400000  0.200000  0.100000  0.000000  0.001000  0.500000
   46399.9   46399.9 1709714.9 1709714.9
   52730.0   52730.0   52730.0   52730.0   52730.0   52730.0   52730.0   52730.0
   52730.0   52730.0   52730.0   52730.0   52730.0   52730.0   52730.0   52730.0
   52730.0   52730.0   52730.0   52730.0   52730.0   52730.0   52730.0   52730.0
   52730.0   52730.0   52730.0   52730.0   52730.0   52730.0   52730.0   52730.0
   52730.0   52730.0   52730.0   52730.0   52730.0
     275.3     275.3     275.3     275.3     275.3     275.3     275.3     275.3
     275.3     275.3     275.3     275.3     275.3     275.3     275.3     275.3
     275.3     275.3     275.3     275.3     275.3     275.3     275.3     275.3
     275.3     275.3     275.3     275.3     275.3     275.3     275.3     275.3
     275.3     275.3     275.3     275.3     275.3
  0.000000  0.000000  0.000000  0.000000  0.000000  0.000000  0.000000  0.000000
  0.000000  0.000000  0.000000  0.000000  0.000000  0.000000  0.000000  0.000000
  0.000000  0.000000  0.000000  0.000000  0.000000  0.000000  0.000000  0.000000
  0.000000  0.000000  0.000000  0.000000  0.000000  0.000000  0.000000  0.000000
  0.000000  0.000000  0.000000  0.000000  0.000000
136.634476136.634476136.634476136.634476136.634476136.634476136.634460136.634476
136.634460136.634476136.634476136.634476136.634476136.634476136.634476136.634476
136.634476136.634476136.634476136.634476136.634476136.634476136.634476136.634476
136.634476136.634476136.634476136.634476136.634476136.634476136.634476136.634476
136.634476136.634476136.634476136.634476136.634476
 14.144112 14.144112 14.144112 14.144112 14.144111 14.144112 14.144112 14.144113
 14.144112 14.144112 14.144113 14.144112 14.144113 14.144113 14.144112 14.144112
 14.144113 14.144112 14.144112 14.144112 14.144112 14.144112 14.144112 14.144112
 14.144112 14.144112 14.144112 14.144112 14.144112 14.144112 14.144112 14.144112
 14.144112 14.144112 14.144112 14.144112 14.144112
 -9.111516 -9.056938 -8.988717 -8.903440 -8.796843 -8.663597 -8.497041 -8.288844
 -8.028600 -7.703293 -7.296660 -6.788369 -6.153005 -5.358800 -4.366043 -3.274495
 -2.182949 -1.091401  0.000146  1.091693  2.183241  3.274787  4.366335  5.359091
  6.153296  6.788661  7.296952  7.703586  8.028892  8.289137  8.497333  8.663889
  8.797135  8.903732  8.989009  9.057231  9.111808
  1.000000  1.250000  1.562500  1.953125  2.441406  3.051758  3.814697  4.768372
  5.960464  7.450581  9.313226 11.641532 14.551915 18.189894 20.000000 20.000000
 20.000000 20.000000 20.000000 20.000000 20.000000 20.000000 18.189894 14.551915
 11.641532  9.313226  7.450581  5.960464  4.768372  3.814697  3.051758  2.441406
  1.953125  1.562500  1.250000  1.000000
  1.000000  1.250000  1.562500  1.953125  2.441406  3.051758  3.814697  4.768372
  5.960464  7.450581  9.313226 11.641532 14.551915 18.189894 20.000000 20.000000
 20.000000 20.000000 20.000000 20.000000 20.000000 20.000000 18.189894 14.551915
 11.641532  9.313226  7.450581  5.960464  4.768372  3.814697  3.051758  2.441406
  1.953125  1.562500  1.250000  1.000000
 9000 9000 9000 9000 9000
 0 0 0 0 0 0 0 0 0 0 0 0 0 0 0 0 0 0 0 0
 0 0 0 0 0 0 0 0 0 0 0 0 0 0 0 0 0 0 0 0 0 0 0 0 0 0 0 0 0 0 0 0 0 0 0 0 0
  800000.0     0.500     0.000     0.800    3000.0     1.000     0.000
  0.025000  0.800000  1.000000  0.800000
  0.050000  0.050000  0.050000  0.050000  0.050000  0.030000
  0.050000  0.050000  0.050000  0.050000  0.050000  0.030000
  0.050000  0.050000  0.050000  0.050000  0.050000  0.030000
  0.050000  0.050000  0.050000  0.050000  0.050000  0.030000
  0.050000  0.050000  0.050000  0.050000  0.050000  0.030000
  0.050000  0.050000  0.050000  0.050000  0.050000  0.030000
  0.050000  0.050000  0.050000  0.050000  0.050000  0.030000
  0.050000  0.050000  0.050000  0.050000  0.050000  0.030000
  0.050000  0.050000  0.050000  0.050000  0.050000  0.030000
  0.050000  0.050000  0.050000  0.050000  0.050000  0.030000
  0.050000  0.050000  0.050000  0.050000  0.050000  0.030000
  0.050000  0.050000  0.050000  0.050000  0.050000  0.030000
   2.00000 1000
   1   1   2   2   3   3   4   4   5   5   6   6
  7.500000 25.000000
