 DATA SET FOR "multall" . GENERATED BY "stagen" .                       
    CP   and   GAMMA 
 1004.5001    1.4000
       ITIMST 
         3
     CFL,    DAMP,    MACHLIM,    F_PDOWN 
  0.400000 10.000000  2.000000  0.000000
  IF_RESTART 
         0
  NSTEPS_MAX, CONLIM 
      9000  0.001000
   SFX,      SFT,      FAC_4TH,     NCHANGE 
  0.005000  0.005000  0.800000      1000
       NUMBER OF BLADE ROWS 
         2
        IM        KM 
        37        37
  FP(I),I=1,IMM1 
  1.000000  1.250000  1.562500  1.953125  2.441406  3.051758  3.814697  4.768372
  5.960464  7.450581  9.313226 11.641532 14.551915 18.189894 20.000000 20.000000
 20.000000 20.000000 20.000000 20.000000 20.000000 20.000000 18.189894 14.551915
 11.641532  9.313226  7.450581  5.960464  4.768372  3.814697  3.051758  2.441406
  1.953125  1.562500  1.250000  1.000000
  FR(K),K=1,KMM1 
  1.000000  1.250000  1.562500  1.953125  2.441406  3.051758  3.814697  4.768372
  5.960464  7.450581  9.313226 11.641532 14.551915 18.189894 20.000000 20.000000
 20.000000 20.000000 20.000000 20.000000 20.000000 20.000000 18.189894 14.551915
 11.641532  9.313226  7.450581  5.960464  4.768372  3.814697  3.051758  2.441406
  1.953125  1.562500  1.250000  1.000000
        IR        JR        KR        IRBB      JRBB      KRBB 
         3         3         3         9         9         9
   FBLK1,     FBLK2,     FBLK3  
  0.400000  0.200000  0.100000
       IFMIX 
         1
   RFMIX,    FEXTRAP,   FSMTHB,    FANGLE 
  0.025000  0.800000  1.000000  0.800000
      IFCOOL    IFBLEED    IF_ROUGH 
         0         0         0
       NSECS_IN 
         3
       IN_PRESS  IN_VTAN   IN_VR    IN_FLOW  IF_REPEAT  RFIN 
         0         0         1         0         0   0.50000
  IPOUT  SFEXIT  NSFEXIT 
    1  0.000000    0
  PLATE_LOSS  THROTTLE_EXIT 
  0.000000  0.000000
        ILOS      NLOS      IBOUND 
        10         5         0
   REYNO,     RF_VIS,   FTRANS, TURBVIS_LIM, PRANDTL, YPLUSWALL
  800000.0     0.500     0.000  3000.000       1.0     0.000
   YPLAM      YPTURB 
  5.000000 25.000000
      ISHIFT    NEXTRAP_LE  NEXTRAP_TE 
         2        10        10
  (NSTG(N),N=1,NROWS) 
         1         1
  5  TIME STEPS FOR PRINTOUT 
      9000      9000      9000      9000      9000
  MARKER FOR VARIABLES TO BE SENT TO THE OUTPUT FILE.
 0 0 0 0 0 0 0 0 0 0 0 0 0 0 0 0 0 0 0 0
  STREAM SURFACES ON WHICH RESULTS ARE TO BE SENT TO   THE OUTPUT FILE 
 0 0 0 0 0 0 0 0 0 0 0 0 0 0 0 0 0 0 0 0 0 0 0 0 0 0 0 0 0 0 0 0 0 0 0 0 0
 ***************************************************************
 ************STARTING THE INPUT FOR EACH BLADE ROW**************
  BLADE ROW NUMBER =        1                                           
    NUMBER OF BLADES IN ROW 
        19
        JM        JLE       JTE 
       111        26        96
      KTIPSTART  KTIPEND 
         0         0
       BOUNDARY LAYER TRANSITION POINTS 
         0         0         0         0
  SET NEWGRID= 1 TO GENERATE A NEW GRID WITH DIFFERENT "J" POINTS AND SPACINGS.
         0
   RPMROW,    RPMHUB 
   13177.0   13177.0
       JROTHS    JROTHE    JROTTS    JROTTE 
         1         1         1         1
   PUPROW    PLEROW   PTEROW    PDROW 
  232083.9  232083.9  321578.5  321578.5
      NSECS_ROW   INSURF  
         3         0
  IF_CUSP_OUT   IFANGLES 
         1         0
         0         3         0
 ***************************************************************
  ROW NUMBER           1  SECTION NUMBER            1
           0           0           0  IF_DESIGN etc 
   1.00000   0.00000    0
 -0.023198 -0.020564 -0.018217 -0.016125 -0.014260 -0.012598 -0.011117 -0.009798
 -0.008622 -0.007574 -0.006639 -0.005807 -0.005065 -0.004404 -0.003814 -0.003289
 -0.002820 -0.002403 -0.002031 -0.001699 -0.001403 -0.001140 -0.000905 -0.000695
 -0.000509 -0.000342 -0.000178 -0.000007  0.000172  0.000360  0.000558  0.000766
  0.000984  0.001214  0.001457  0.001712  0.001980  0.002263  0.002561  0.002874
  0.003204  0.003549  0.003911  0.004292  0.004691  0.005109  0.005549  0.006011
  0.006496  0.007006  0.007541  0.008105  0.008700  0.009327  0.009995  0.010713
  0.011482  0.012301  0.013168  0.014081  0.015033  0.016010  0.016996  0.017986
  0.018976  0.019962  0.020943  0.021916  0.022889  0.023866  0.024846  0.025829
  0.026811  0.027792  0.028768  0.029731  0.030676  0.031599  0.032499  0.033375
  0.034224  0.035047  0.035846  0.036622  0.037376  0.038106  0.038814  0.039499
  0.040160  0.040798  0.041413  0.042005  0.042573  0.043118  0.043640  0.044138
  0.044638  0.045167  0.045727  0.046318  0.046944  0.047606  0.048306  0.049046
  0.049829  0.050657  0.051532  0.052459  0.053438  0.054474  0.055569
  1.000000  0.000000
  0.046890  0.043560  0.040593  0.037951  0.035597  0.033499  0.031629  0.029962
  0.028476  0.027152  0.025971  0.024918  0.023979  0.023142  0.022396  0.021730
  0.021137  0.020608  0.020136  0.019715  0.019340  0.019006  0.018708  0.018442
  0.018205  0.017993  0.018220  0.018167  0.018062  0.017920  0.017743  0.017530
  0.017292  0.017039  0.016772  0.016493  0.016200  0.015893  0.015572  0.015235
  0.014884  0.014518  0.014137  0.013741  0.013328  0.012899  0.012453  0.011989
  0.011508  0.011007  0.010487  0.009946  0.009383  0.008797  0.008182  0.007530
  0.006843  0.006124  0.005376  0.004604  0.003817  0.003026  0.002245  0.001478
  0.000729  0.000000 -0.000708 -0.001395 -0.002065 -0.002722 -0.003364 -0.003990
 -0.004601 -0.005194 -0.005767 -0.006318 -0.006842 -0.007341 -0.007813 -0.008259
 -0.008679 -0.009074 -0.009448 -0.009801 -0.010134 -0.010447 -0.010742 -0.011020
 -0.011281 -0.011526 -0.011756 -0.011971 -0.012172 -0.012359 -0.012534 -0.012947
 -0.013073 -0.013207 -0.013347 -0.013496 -0.013652 -0.013818 -0.013992 -0.014176
 -0.014369 -0.014573 -0.014788 -0.015014 -0.015252 -0.015502 -0.015768
  1.000000
  0.000000  0.000000  0.000000  0.000000  0.000000  0.000000  0.000000  0.000000
  0.000000  0.000000  0.000000  0.000000  0.000000  0.000000  0.000000  0.000000
  0.000000  0.000000  0.000000  0.000000  0.000000  0.000000  0.000000  0.000000
  0.000000  0.000000  0.000812  0.001062  0.001226  0.001351  0.001449  0.001522
  0.001580  0.001635  0.001690  0.001744  0.001797  0.001851  0.001904  0.001957
  0.002009  0.002061  0.002113  0.002163  0.002214  0.002263  0.002312  0.002359
  0.002405  0.002450  0.002494  0.002536  0.002576  0.002613  0.002649  0.002681
  0.002711  0.002736  0.002756  0.002772  0.002781  0.002782  0.002776  0.002763
  0.002743  0.002717  0.002685  0.002648  0.002605  0.002556  0.002502  0.002443
  0.002379  0.002310  0.002237  0.002160  0.002081  0.001999  0.001916  0.001832
  0.001747  0.001663  0.001578  0.001493  0.001408  0.001324  0.001240  0.001157
  0.001076  0.000996  0.000917  0.000840  0.000765  0.000693  0.000621  0.000000
  0.000000  0.000000  0.000000  0.000000  0.000000  0.000000  0.000000  0.000000
  0.000000  0.000000  0.000000  0.000000  0.000000  0.000000  0.000000
  1.000000  0.000000
  0.167886  0.167951  0.168028  0.168112  0.168200  0.168288  0.168376  0.168462
  0.168544  0.168622  0.168696  0.168765  0.168828  0.168887  0.168941  0.168991
  0.169036  0.169077  0.169115  0.169149  0.169179  0.169207  0.169232  0.169255
  0.169275  0.169293  0.169326  0.169362  0.169399  0.169438  0.169480  0.169524
  0.169571  0.169621  0.169674  0.169730  0.169790  0.169853  0.169921  0.169993
  0.170070  0.170151  0.170237  0.170328  0.170425  0.170528  0.170637  0.170753
  0.170876  0.171007  0.171146  0.171294  0.171452  0.171621  0.171802  0.171999
  0.172212  0.172442  0.172687  0.172946  0.173219  0.173500  0.173786  0.174072
  0.174360  0.174645  0.174928  0.175208  0.175485  0.175762  0.176037  0.176309
  0.176578  0.176842  0.177100  0.177350  0.177590  0.177819  0.178037  0.178243
  0.178438  0.178621  0.178793  0.178955  0.179107  0.179249  0.179382  0.179505
  0.179619  0.179725  0.179823  0.179913  0.179995  0.180070  0.180139  0.180201
  0.180258  0.180315  0.180372  0.180428  0.180483  0.180535  0.180585  0.180630
  0.180668  0.180698  0.180719  0.180732  0.180733  0.180722  0.180719
 ***************************************************************
  ROW NUMBER           1  SECTION NUMBER            2
           0           0           0  IF_DESIGN etc 
   1.00000   0.00000    0
 -0.022600 -0.020044 -0.017766 -0.015734 -0.013922 -0.012307 -0.010867 -0.009583
 -0.008438 -0.007417 -0.006507 -0.005696 -0.004972 -0.004327 -0.003752 -0.003239
 -0.002782 -0.002374 -0.002011 -0.001687 -0.001398 -0.001140 -0.000910 -0.000706
 -0.000523 -0.000360 -0.000197 -0.000027  0.000151  0.000338  0.000535  0.000742
  0.000959  0.001188  0.001430  0.001684  0.001952  0.002234  0.002531  0.002843
  0.003172  0.003517  0.003879  0.004259  0.004658  0.005077  0.005517  0.005980
  0.006465  0.006976  0.007513  0.008079  0.008676  0.009306  0.009976  0.010698
  0.011471  0.012295  0.013167  0.014085  0.015044  0.016028  0.017021  0.018018
  0.019015  0.020009  0.020996  0.021976  0.022955  0.023938  0.024924  0.025911
  0.026898  0.027882  0.028861  0.029826  0.030772  0.031695  0.032595  0.033468
  0.034315  0.035135  0.035930  0.036702  0.037449  0.038174  0.038875  0.039552
  0.040205  0.040835  0.041442  0.042025  0.042584  0.043119  0.043631  0.044120
  0.044608  0.045124  0.045670  0.046247  0.046857  0.047502  0.048183  0.048904
  0.049666  0.050471  0.051322  0.052222  0.053173  0.054178  0.055241
  1.000000  0.000000
  0.067925  0.063387  0.059342  0.055735  0.052519  0.049651  0.047095  0.044815
  0.042783  0.040971  0.039355  0.037915  0.036630  0.035485  0.034464  0.033554
  0.032742  0.032018  0.031373  0.030798  0.030285  0.029827  0.029420  0.029056
  0.028732  0.028443  0.028721  0.028636  0.028483  0.028282  0.028037  0.027745
  0.027412  0.027053  0.026675  0.026276  0.025856  0.025415  0.024951  0.024464
  0.023952  0.023417  0.022858  0.022273  0.021662  0.021022  0.020353  0.019654
  0.018923  0.018160  0.017361  0.016524  0.015647  0.014728  0.013755  0.012717
  0.011613  0.010446  0.009221  0.007945  0.006625  0.005285  0.003946  0.002615
  0.001298  0.000000 -0.001277 -0.002532 -0.003773 -0.005005 -0.006228 -0.007440
 -0.008639 -0.009822 -0.010986 -0.012121 -0.013222 -0.014287 -0.015312 -0.016299
 -0.017247 -0.018155 -0.019029 -0.019869 -0.020676 -0.021451 -0.022195 -0.022908
 -0.023591 -0.024244 -0.024868 -0.025463 -0.026031 -0.026571 -0.027084 -0.027824
 -0.028264 -0.028729 -0.029221 -0.029741 -0.030291 -0.030872 -0.031486 -0.032135
 -0.032822 -0.033547 -0.034314 -0.035125 -0.035982 -0.036889 -0.037846
  1.000000
  0.000000  0.000000  0.000000  0.000000  0.000000  0.000000  0.000000  0.000000
  0.000000  0.000000  0.000000  0.000000  0.000000  0.000000  0.000000  0.000000
  0.000000  0.000000  0.000000  0.000000  0.000000  0.000000  0.000000  0.000000
  0.000000  0.000000  0.001039  0.001352  0.001563  0.001730  0.001866  0.001971
  0.002051  0.002122  0.002193  0.002263  0.002333  0.002403  0.002472  0.002541
  0.002609  0.002677  0.002744  0.002810  0.002875  0.002940  0.003003  0.003065
  0.003125  0.003184  0.003240  0.003295  0.003346  0.003395  0.003441  0.003484
  0.003522  0.003555  0.003582  0.003600  0.003611  0.003612  0.003604  0.003587
  0.003561  0.003528  0.003486  0.003438  0.003382  0.003319  0.003249  0.003172
  0.003089  0.002999  0.002904  0.002804  0.002701  0.002595  0.002487  0.002378
  0.002269  0.002158  0.002047  0.001937  0.001826  0.001716  0.001608  0.001500
  0.001394  0.001290  0.001188  0.001088  0.000991  0.000896  0.000776  0.000000
  0.000000  0.000000  0.000000  0.000000  0.000000  0.000000  0.000000  0.000000
  0.000000  0.000000  0.000000  0.000000  0.000000  0.000000  0.000000
  1.000000  0.000000
  0.233700  0.233700  0.233700  0.233700  0.233700  0.233700  0.233700  0.233700
  0.233700  0.233700  0.233700  0.233700  0.233700  0.233700  0.233700  0.233700
  0.233700  0.233700  0.233700  0.233700  0.233700  0.233700  0.233700  0.233700
  0.233700  0.233700  0.233700  0.233700  0.233700  0.233700  0.233700  0.233700
  0.233700  0.233700  0.233700  0.233700  0.233700  0.233700  0.233700  0.233700
  0.233700  0.233700  0.233700  0.233700  0.233700  0.233700  0.233700  0.233700
  0.233700  0.233700  0.233700  0.233700  0.233700  0.233700  0.233700  0.233700
  0.233700  0.233700  0.233700  0.233700  0.233700  0.233700  0.233700  0.233700
  0.233700  0.233700  0.233700  0.233700  0.233700  0.233700  0.233700  0.233700
  0.233700  0.233700  0.233700  0.233700  0.233700  0.233700  0.233700  0.233700
  0.233700  0.233700  0.233700  0.233700  0.233700  0.233700  0.233700  0.233700
  0.233700  0.233700  0.233700  0.233700  0.233700  0.233700  0.233700  0.233700
  0.233700  0.233700  0.233700  0.233700  0.233700  0.233700  0.233700  0.233700
  0.233700  0.233700  0.233700  0.233700  0.233700  0.233700  0.233700
 ***************************************************************
  ROW NUMBER           1  SECTION NUMBER            3
           0           0           0  IF_DESIGN etc 
   1.00000   0.00000    0
 -0.023192 -0.020558 -0.018211 -0.016118 -0.014254 -0.012592 -0.011111 -0.009792
 -0.008616 -0.007567 -0.006633 -0.005801 -0.005059 -0.004398 -0.003808 -0.003283
 -0.002814 -0.002397 -0.002025 -0.001693 -0.001397 -0.001134 -0.000899 -0.000689
 -0.000502 -0.000336 -0.000172 -0.000001  0.000178  0.000367  0.000564  0.000772
  0.000990  0.001220  0.001463  0.001718  0.001986  0.002269  0.002567  0.002880
  0.003210  0.003555  0.003918  0.004298  0.004697  0.005115  0.005555  0.006017
  0.006502  0.007012  0.007547  0.008111  0.008706  0.009334  0.010001  0.010719
  0.011488  0.012307  0.013175  0.014087  0.015039  0.016016  0.017002  0.017992
  0.018982  0.019969  0.020949  0.021922  0.022895  0.023872  0.024852  0.025835
  0.026817  0.027798  0.028774  0.029737  0.030682  0.031605  0.032505  0.033381
  0.034230  0.035053  0.035852  0.036628  0.037382  0.038113  0.038820  0.039505
  0.040166  0.040804  0.041419  0.042011  0.042580  0.043125  0.043646  0.044144
  0.044644  0.045173  0.045733  0.046324  0.046950  0.047612  0.048312  0.049052
  0.049835  0.050663  0.051538  0.052465  0.053444  0.054480  0.055576
  1.000000  0.000000
  0.092427  0.086412  0.081046  0.076258  0.071987  0.068177  0.064780  0.061750
  0.059048  0.056639  0.054491  0.052575  0.050868  0.049345  0.047987  0.046776
  0.045697  0.044735  0.043877  0.043112  0.042430  0.041822  0.041279  0.040796
  0.040365  0.039981  0.040335  0.040218  0.040012  0.039744  0.039419  0.039033
  0.038588  0.038104  0.037592  0.037051  0.036482  0.035882  0.035250  0.034586
  0.033888  0.033156  0.032389  0.031586  0.030744  0.029862  0.028938  0.027970
  0.026956  0.025894  0.024780  0.023611  0.022384  0.021093  0.019724  0.018260
  0.016698  0.015043  0.013299  0.011477  0.009587  0.007660  0.005728  0.003803
  0.001891  0.000000 -0.001867 -0.003707 -0.005532 -0.007352 -0.009164 -0.010965
 -0.012754 -0.014526 -0.016276 -0.017989 -0.019656 -0.021274 -0.022840 -0.024351
 -0.025808 -0.027210 -0.028563 -0.029868 -0.031128 -0.032342 -0.033510 -0.034635
 -0.035715 -0.036753 -0.037747 -0.038700 -0.039610 -0.040479 -0.041308 -0.042381
 -0.043109 -0.043879 -0.044694 -0.045555 -0.046466 -0.047430 -0.048450 -0.049529
 -0.050671 -0.051880 -0.053160 -0.054515 -0.055949 -0.057468 -0.059072
  1.000000
  0.000000  0.000000  0.000000  0.000000  0.000000  0.000000  0.000000  0.000000
  0.000000  0.000000  0.000000  0.000000  0.000000  0.000000  0.000000  0.000000
  0.000000  0.000000  0.000000  0.000000  0.000000  0.000000  0.000000  0.000000
  0.000000  0.000000  0.001347  0.001751  0.002027  0.002252  0.002438  0.002585
  0.002695  0.002790  0.002883  0.002975  0.003067  0.003159  0.003250  0.003340
  0.003430  0.003519  0.003607  0.003694  0.003780  0.003865  0.003948  0.004029
  0.004109  0.004186  0.004261  0.004333  0.004401  0.004465  0.004526  0.004582
  0.004633  0.004676  0.004711  0.004736  0.004749  0.004751  0.004741  0.004718
  0.004684  0.004640  0.004586  0.004522  0.004448  0.004365  0.004273  0.004172
  0.004062  0.003944  0.003819  0.003688  0.003552  0.003412  0.003270  0.003126
  0.002981  0.002836  0.002690  0.002544  0.002399  0.002255  0.002112  0.001970
  0.001831  0.001694  0.001560  0.001428  0.001300  0.001176  0.001000  0.000000
  0.000000  0.000000  0.000000  0.000000  0.000000  0.000000  0.000000  0.000000
  0.000000  0.000000  0.000000  0.000000  0.000000  0.000000  0.000000
  1.000000  0.000000
  0.299514  0.299448  0.299372  0.299288  0.299200  0.299111  0.299023  0.298938
  0.298855  0.298777  0.298704  0.298635  0.298571  0.298512  0.298458  0.298408
  0.298363  0.298322  0.298284  0.298251  0.298220  0.298192  0.298167  0.298145
  0.298124  0.298106  0.298072  0.298037  0.298000  0.297960  0.297919  0.297875
  0.297828  0.297778  0.297725  0.297669  0.297609  0.297545  0.297477  0.297405
  0.297329  0.297248  0.297162  0.297071  0.296974  0.296871  0.296762  0.296646
  0.296522  0.296392  0.296252  0.296104  0.295946  0.295777  0.295596  0.295399
  0.295186  0.294957  0.294712  0.294452  0.294179  0.293898  0.293613  0.293326
  0.293039  0.292753  0.292470  0.292191  0.291913  0.291636  0.291361  0.291089
  0.290820  0.290556  0.290298  0.290048  0.289808  0.289579  0.289361  0.289155
  0.288961  0.288778  0.288605  0.288443  0.288292  0.288150  0.288017  0.287894
  0.287779  0.287674  0.287576  0.287486  0.287404  0.287329  0.287260  0.287198
  0.287141  0.287084  0.287027  0.286971  0.286916  0.286864  0.286815  0.286770
  0.286731  0.286702  0.286680  0.286668  0.286667  0.286678  0.286681
 ***************************************************************
 ************STARTING THE INPUT FOR EACH BLADE ROW**************
  BLADE ROW NUMBER =        2                                           
    NUMBER OF BLADES IN ROW 
        32
        JM        JLE       JTE 
       111        21        91
      KTIPSTART  KTIPEND 
         0         0
       BOUNDARY LAYER TRANSITION POINTS 
         0         0         0         0
  SET NEWGRID= 1 TO GENERATE A NEW GRID WITH DIFFERENT "J" POINTS AND SPACINGS.
         0
   RPMROW,    RPMHUB 
       0.0       0.0
       JROTHS    JROTHE    JROTTS    JROTTE 
         1         1         1         1
   PUPROW    PLEROW   PTEROW    PDROW 
  321578.5  321578.5  343648.5  343648.5
      NSECS_ROW   INSURF  
         3         0
  IF_CUSP_OUT   IFANGLES 
         1         0
         0         3         0
 ***************************************************************
  ROW NUMBER           2  SECTION NUMBER            1
           0           0           0  IF_DESIGN etc 
   1.00000   0.00000    0
  0.035025  0.037321  0.039386  0.041244  0.042915  0.044418  0.045773  0.046988
  0.048079  0.049057  0.049935  0.050722  0.051429  0.052062  0.052630  0.053140
  0.053597  0.054007  0.054374  0.054704  0.054999  0.055294  0.055603  0.055926
  0.056265  0.056621  0.056996  0.057390  0.057805  0.058243  0.058703  0.059189
  0.059700  0.060238  0.060804  0.061400  0.062025  0.062682  0.063370  0.064093
  0.064852  0.065650  0.066488  0.067368  0.068294  0.069267  0.070292  0.071374
  0.072515  0.073731  0.075039  0.076439  0.077932  0.079513  0.081177  0.082914
  0.084697  0.086497  0.088304  0.090111  0.091911  0.093700  0.095476  0.097251
  0.099031  0.100817  0.102606  0.104395  0.106178  0.107952  0.109701  0.111414
  0.113088  0.114718  0.116301  0.117836  0.119321  0.120762  0.122160  0.123515
  0.124828  0.126098  0.127325  0.128509  0.129651  0.130750  0.131806  0.132819
  0.133790  0.134718  0.135603  0.136488  0.137444  0.138475  0.139589  0.140791
  0.142089  0.143490  0.145003  0.146636  0.148399  0.150302  0.152357  0.154575
  0.156969  0.159554  0.162344  0.165357  0.168609  0.172120  0.175910
  1.000000  0.000000
 -0.041771 -0.039746 -0.037917 -0.036266 -0.034777 -0.033434 -0.032225 -0.031136
 -0.030157 -0.029277 -0.028485 -0.027773 -0.027134 -0.026560 -0.026045 -0.025583
 -0.025168 -0.024796 -0.024462 -0.024162 -0.023893 -0.023153 -0.022763 -0.022426
 -0.022100 -0.021766 -0.021418 -0.021055 -0.020677 -0.020283 -0.019873 -0.019447
 -0.019004 -0.018545 -0.018068 -0.017574 -0.017064 -0.016538 -0.015996 -0.015437
 -0.014861 -0.014269 -0.013660 -0.013035 -0.012393 -0.011734 -0.011059 -0.010366
 -0.009655 -0.008922 -0.008160 -0.007373 -0.006566 -0.005748 -0.004928 -0.004114
 -0.003325 -0.002573 -0.001863 -0.001197 -0.000574  0.000000  0.000529  0.001018
  0.001467  0.001877  0.002248  0.002579  0.002869  0.003120  0.003329  0.003499
  0.003630  0.003727  0.003790  0.003824  0.003830  0.003812  0.003771  0.003710
  0.003632  0.003536  0.003426  0.003303  0.003170  0.003028  0.002878  0.002723
  0.002563  0.002400  0.001833  0.001733  0.001626  0.001510  0.001386  0.001251
  0.001105  0.000948  0.000778  0.000595  0.000398  0.000184 -0.000046 -0.000295
 -0.000563 -0.000853 -0.001166 -0.001504 -0.001869 -0.002262 -0.002687
  1.000000
  0.000000  0.000000  0.000000  0.000000  0.000000  0.000000  0.000000  0.000000
  0.000000  0.000000  0.000000  0.000000  0.000000  0.000000  0.000000  0.000000
  0.000000  0.000000  0.000000  0.000000  0.000000  0.001063  0.001426  0.001645
  0.001788  0.001884  0.001948  0.001999  0.002051  0.002106  0.002164  0.002223
  0.002286  0.002349  0.002415  0.002483  0.002554  0.002626  0.002700  0.002776
  0.002853  0.002932  0.003013  0.003095  0.003178  0.003263  0.003347  0.003433
  0.003518  0.003604  0.003690  0.003776  0.003859  0.003938  0.004012  0.004078
  0.004134  0.004179  0.004212  0.004233  0.004245  0.004244  0.004230  0.004204
  0.004167  0.004118  0.004058  0.003985  0.003901  0.003807  0.003702  0.003588
  0.003467  0.003340  0.003206  0.003068  0.002927  0.002781  0.002633  0.002483
  0.002333  0.002179  0.002026  0.001872  0.001720  0.001568  0.001418  0.001271
  0.001126  0.000984  0.000000  0.000000  0.000000  0.000000  0.000000  0.000000
  0.000000  0.000000  0.000000  0.000000  0.000000  0.000000  0.000000  0.000000
  0.000000  0.000000  0.000000  0.000000  0.000000  0.000000  0.000000
  1.000000  0.000000
  0.178616  0.179096  0.179485  0.179796  0.180043  0.180233  0.180377  0.180487
  0.180569  0.180631  0.180673  0.180700  0.180717  0.180728  0.180733  0.180734
  0.180732  0.180729  0.180724  0.180718  0.180712  0.180715  0.180719  0.180723
  0.180727  0.180731  0.180736  0.180741  0.180746  0.180752  0.180758  0.180764
  0.180771  0.180778  0.180785  0.180794  0.180802  0.180812  0.180821  0.180832
  0.180843  0.180855  0.180868  0.180881  0.180896  0.180911  0.180928  0.180945
  0.180964  0.180985  0.181007  0.181031  0.181057  0.181085  0.181115  0.181147
  0.181180  0.181213  0.181247  0.181280  0.181314  0.181348  0.181381  0.181414
  0.181448  0.181481  0.181514  0.181547  0.181579  0.181611  0.181642  0.181671
  0.181700  0.181727  0.181753  0.181778  0.181801  0.181823  0.181844  0.181864
  0.181882  0.181900  0.181916  0.181932  0.181946  0.181959  0.181972  0.181983
  0.181994  0.182004  0.182013  0.182016  0.182019  0.182022  0.182025  0.182028
  0.182031  0.182033  0.182036  0.182037  0.182039  0.182039  0.182039  0.182038
  0.182036  0.182032  0.182026  0.182018  0.182008  0.181995  0.181979
 ***************************************************************
  ROW NUMBER           2  SECTION NUMBER            2
           0           0           0  IF_DESIGN etc 
   1.00000   0.00000    0
  0.034853  0.037202  0.039308  0.041197  0.042889  0.044407  0.045768  0.046988
  0.048082  0.049062  0.049941  0.050730  0.051436  0.052070  0.052638  0.053147
  0.053604  0.054013  0.054380  0.054709  0.055004  0.055299  0.055608  0.055931
  0.056270  0.056626  0.057001  0.057395  0.057811  0.058248  0.058709  0.059194
  0.059705  0.060243  0.060810  0.061405  0.062031  0.062687  0.063375  0.064098
  0.064857  0.065655  0.066493  0.067373  0.068299  0.069272  0.070297  0.071379
  0.072520  0.073736  0.075044  0.076444  0.077937  0.079518  0.081182  0.082919
  0.084702  0.086502  0.088309  0.090116  0.091916  0.093706  0.095481  0.097256
  0.099037  0.100823  0.102612  0.104400  0.106184  0.107958  0.109707  0.111420
  0.113094  0.114723  0.116307  0.117841  0.119326  0.120767  0.122166  0.123521
  0.124834  0.126104  0.127331  0.128515  0.129657  0.130756  0.131812  0.132825
  0.133796  0.134723  0.135608  0.136493  0.137449  0.138480  0.139594  0.140796
  0.142094  0.143495  0.145007  0.146640  0.148403  0.150306  0.152360  0.154578
  0.156972  0.159556  0.162346  0.165359  0.168610  0.172121  0.175911
  1.000000  0.000000
 -0.033022 -0.031373 -0.029895 -0.028569 -0.027381 -0.026316 -0.025361 -0.024504
 -0.023737 -0.023048 -0.022431 -0.021878 -0.021382 -0.020937 -0.020538 -0.020181
 -0.019860 -0.019573 -0.019315 -0.019084 -0.018877 -0.018199 -0.017871 -0.017597
 -0.017338 -0.017075 -0.016800 -0.016514 -0.016216 -0.015905 -0.015582 -0.015246
 -0.014897 -0.014535 -0.014159 -0.013770 -0.013368 -0.012953 -0.012526 -0.012086
 -0.011632 -0.011166 -0.010686 -0.010194 -0.009688 -0.009170 -0.008639 -0.008094
 -0.007535 -0.006959 -0.006361 -0.005743 -0.005111 -0.004470 -0.003829 -0.003191
 -0.002576 -0.001990 -0.001438 -0.000922 -0.000443  0.000000  0.000407  0.000781
  0.001123  0.001434  0.001713  0.001960  0.002174  0.002356  0.002506  0.002624
  0.002712  0.002771  0.002805  0.002815  0.002804  0.002773  0.002725  0.002661
  0.002584  0.002492  0.002390  0.002279  0.002159  0.002032  0.001900  0.001763
  0.001624  0.001483  0.000946  0.000868  0.000785  0.000694  0.000597  0.000492
  0.000378  0.000256  0.000123 -0.000019 -0.000174 -0.000340 -0.000520 -0.000714
 -0.000923 -0.001149 -0.001394 -0.001657 -0.001942 -0.002249 -0.002580
  1.000000
  0.000000  0.000000  0.000000  0.000000  0.000000  0.000000  0.000000  0.000000
  0.000000  0.000000  0.000000  0.000000  0.000000  0.000000  0.000000  0.000000
  0.000000  0.000000  0.000000  0.000000  0.000000  0.001056  0.001412  0.001627
  0.001764  0.001853  0.001912  0.001962  0.002014  0.002068  0.002124  0.002182
  0.002243  0.002305  0.002370  0.002437  0.002506  0.002576  0.002649  0.002723
  0.002799  0.002877  0.002956  0.003036  0.003118  0.003200  0.003284  0.003367
  0.003451  0.003535  0.003620  0.003703  0.003785  0.003863  0.003934  0.004001
  0.004058  0.004101  0.004134  0.004155  0.004164  0.004162  0.004148  0.004123
  0.004086  0.004039  0.003979  0.003908  0.003826  0.003733  0.003631  0.003519
  0.003401  0.003275  0.003145  0.003009  0.002870  0.002728  0.002583  0.002435
  0.002288  0.002137  0.001987  0.001836  0.001686  0.001538  0.001391  0.001246
  0.001104  0.000965  0.000000  0.000000  0.000000  0.000000  0.000000  0.000000
  0.000000  0.000000  0.000000  0.000000  0.000000  0.000000  0.000000  0.000000
  0.000000  0.000000  0.000000  0.000000  0.000000  0.000000  0.000000
  1.000000  0.000000
  0.233700  0.233700  0.233700  0.233700  0.233700  0.233700  0.233700  0.233700
  0.233700  0.233700  0.233700  0.233700  0.233700  0.233700  0.233700  0.233700
  0.233700  0.233700  0.233700  0.233700  0.233700  0.233700  0.233700  0.233700
  0.233700  0.233700  0.233700  0.233700  0.233700  0.233700  0.233700  0.233700
  0.233700  0.233700  0.233700  0.233700  0.233700  0.233700  0.233700  0.233700
  0.233700  0.233700  0.233700  0.233700  0.233700  0.233700  0.233700  0.233700
  0.233700  0.233700  0.233700  0.233700  0.233700  0.233700  0.233700  0.233700
  0.233700  0.233700  0.233700  0.233700  0.233700  0.233700  0.233700  0.233700
  0.233700  0.233700  0.233700  0.233700  0.233700  0.233700  0.233700  0.233700
  0.233700  0.233700  0.233700  0.233700  0.233700  0.233700  0.233700  0.233700
  0.233700  0.233700  0.233700  0.233700  0.233700  0.233700  0.233700  0.233700
  0.233700  0.233700  0.233700  0.233700  0.233700  0.233700  0.233700  0.233700
  0.233700  0.233700  0.233700  0.233700  0.233700  0.233700  0.233700  0.233700
  0.233700  0.233700  0.233700  0.233700  0.233700  0.233700  0.233700
 ***************************************************************
  ROW NUMBER           2  SECTION NUMBER            3
           0           0           0  IF_DESIGN etc 
   1.00000   0.00000    0
  0.035036  0.037332  0.039397  0.041255  0.042926  0.044429  0.045784  0.046999
  0.048090  0.049068  0.049946  0.050733  0.051440  0.052073  0.052641  0.053151
  0.053608  0.054018  0.054385  0.054715  0.055010  0.055305  0.055614  0.055937
  0.056276  0.056632  0.057007  0.057401  0.057816  0.058254  0.058714  0.059200
  0.059711  0.060249  0.060815  0.061411  0.062036  0.062693  0.063381  0.064104
  0.064863  0.065661  0.066499  0.067380  0.068305  0.069278  0.070303  0.071385
  0.072526  0.073742  0.075050  0.076450  0.077943  0.079524  0.081188  0.082925
  0.084708  0.086508  0.088315  0.090122  0.091922  0.093711  0.095487  0.097262
  0.099042  0.100828  0.102617  0.104406  0.106189  0.107963  0.109712  0.111425
  0.113099  0.114729  0.116312  0.117847  0.119332  0.120773  0.122171  0.123526
  0.124839  0.126109  0.127336  0.128520  0.129662  0.130761  0.131817  0.132830
  0.133801  0.134729  0.135614  0.136499  0.137455  0.138486  0.139600  0.140802
  0.142100  0.143501  0.145014  0.146647  0.148410  0.150313  0.152368  0.154586
  0.156980  0.159565  0.162356  0.165368  0.168620  0.172131  0.175921
  1.000000  0.000000
 -0.027435 -0.026047 -0.024808 -0.023702 -0.022713 -0.021830 -0.021041 -0.020335
 -0.019704 -0.019138 -0.018633 -0.018180 -0.017774 -0.017411 -0.017086 -0.016794
 -0.016533 -0.016299 -0.016089 -0.015902 -0.015733 -0.015088 -0.014795 -0.014558
 -0.014341 -0.014122 -0.013894 -0.013656 -0.013408 -0.013151 -0.012882 -0.012603
 -0.012313 -0.012012 -0.011700 -0.011376 -0.011042 -0.010698 -0.010343 -0.009977
 -0.009601 -0.009214 -0.008815 -0.008407 -0.007988 -0.007558 -0.007117 -0.006665
 -0.006203 -0.005726 -0.005229 -0.004718 -0.004195 -0.003666 -0.003137 -0.002614
 -0.002107 -0.001626 -0.001174 -0.000752 -0.000360  0.000000  0.000330  0.000632
  0.000907  0.001156  0.001377  0.001572  0.001738  0.001878  0.001990  0.002076
  0.002136  0.002173  0.002189  0.002184  0.002162  0.002124  0.002071  0.002006
  0.001929  0.001841  0.001744  0.001639  0.001528  0.001411  0.001290  0.001165
  0.001039  0.000911  0.000393  0.000329  0.000260  0.000186  0.000106  0.000020
 -0.000073 -0.000173 -0.000282 -0.000399 -0.000525 -0.000662 -0.000809 -0.000968
 -0.001140 -0.001325 -0.001526 -0.001742 -0.001975 -0.002227 -0.002499
  1.000000
  0.000000  0.000000  0.000000  0.000000  0.000000  0.000000  0.000000  0.000000
  0.000000  0.000000  0.000000  0.000000  0.000000  0.000000  0.000000  0.000000
  0.000000  0.000000  0.000000  0.000000  0.000000  0.001058  0.001414  0.001627
  0.001756  0.001839  0.001895  0.001944  0.001996  0.002049  0.002105  0.002162
  0.002222  0.002284  0.002348  0.002414  0.002482  0.002552  0.002624  0.002698
  0.002773  0.002850  0.002928  0.003008  0.003089  0.003170  0.003253  0.003335
  0.003418  0.003501  0.003587  0.003671  0.003751  0.003828  0.003899  0.003963
  0.004018  0.004062  0.004094  0.004115  0.004124  0.004121  0.004108  0.004083
  0.004047  0.003999  0.003941  0.003870  0.003789  0.003697  0.003596  0.003485
  0.003368  0.003244  0.003114  0.002980  0.002843  0.002702  0.002558  0.002412
  0.002265  0.002117  0.001968  0.001819  0.001670  0.001523  0.001378  0.001234
  0.001094  0.000956  0.000000  0.000000  0.000000  0.000000  0.000000  0.000000
  0.000000  0.000000  0.000000  0.000000  0.000000  0.000000  0.000000  0.000000
  0.000000  0.000000  0.000000  0.000000  0.000000  0.000000  0.000000
  1.000000  0.000000
  0.288781  0.288302  0.287913  0.287602  0.287356  0.287165  0.287022  0.286912
  0.286830  0.286769  0.286727  0.286700  0.286682  0.286672  0.286667  0.286666
  0.286668  0.286671  0.286676  0.286682  0.286688  0.286684  0.286681  0.286677
  0.286673  0.286669  0.286664  0.286659  0.286654  0.286648  0.286642  0.286636
  0.286629  0.286622  0.286614  0.286606  0.286597  0.286588  0.286578  0.286568
  0.286557  0.286545  0.286532  0.286518  0.286504  0.286489  0.286472  0.286454
  0.286435  0.286415  0.286393  0.286369  0.286342  0.286314  0.286284  0.286253
  0.286220  0.286187  0.286153  0.286119  0.286086  0.286052  0.286019  0.285985
  0.285952  0.285919  0.285886  0.285853  0.285821  0.285789  0.285758  0.285729
  0.285700  0.285673  0.285647  0.285622  0.285599  0.285577  0.285556  0.285536
  0.285518  0.285500  0.285484  0.285468  0.285454  0.285441  0.285428  0.285417
  0.285406  0.285396  0.285387  0.285384  0.285381  0.285378  0.285375  0.285372
  0.285369  0.285367  0.285364  0.285363  0.285361  0.285361  0.285361  0.285362
  0.285364  0.285368  0.285374  0.285382  0.285392  0.285405  0.285421
  STARTING INLET BOUNDARY CONDITION DATA .
  NUMBER OF POINTS FOR INLET BOUNDARY CONDITIONS 
        37
  SPACING OF INLET BOUNDARY CONDITION POINTS 
  1.000000  1.250000  1.562500  1.953125  2.441406  3.051758  3.814697  4.768372
  5.960464  7.450581  9.313226 11.641532 14.551915 18.189894 20.000000 20.000000
 20.000000 20.000000 20.000000 20.000000 20.000000 20.000000 18.189894 14.551915
 11.641532  9.313226  7.450581  5.960464  4.768372  3.814697  3.051758  2.441406
  1.953125  1.562500  1.250000  1.000000
   INLET STAGNATION PRESSURES 
  276000.0  276000.0  276000.0  276000.0  276000.0  276000.0  276000.0  276000.0
  276000.0  276000.0  276000.0  276000.0  276000.0  276000.0  276000.0  276000.0
  276000.0  276000.0  276000.0  276000.0  276000.0  276000.0  276000.0  276000.0
  276000.0  276000.0  276000.0  276000.0  276000.0  276000.0  276000.0  276000.0
  276000.0  276000.0  276000.0  276000.0  276000.0
   INLET STAGNATION TEMPERATURES 
  340.0000  340.0000  340.0000  340.0000  340.0000  340.0000  340.0000  340.0000
  340.0000  340.0000  340.0000  340.0000  340.0000  340.0000  340.0000  340.0000
  340.0000  340.0000  340.0000  340.0000  340.0000  340.0000  340.0000  340.0000
  340.0000  340.0000  340.0000  340.0000  340.0000  340.0000  340.0000  340.0000
  340.0000  340.0000  340.0000  340.0000  340.0000
   INLET ABSOLUTE TANGENTIAL VELOCITY 
    0.0000    0.0000    0.0000    0.0000    0.0000    0.0000    0.0000    0.0000
    0.0000    0.0000    0.0000    0.0000    0.0000    0.0000    0.0000    0.0000
    0.0000    0.0000    0.0000    0.0000    0.0000    0.0000    0.0000    0.0000
    0.0000    0.0000    0.0000    0.0000    0.0000    0.0000    0.0000    0.0000
    0.0000    0.0000    0.0000    0.0000    0.0000
   INLET MERIDIONAL VELOCITY 
  181.6533  181.6533  181.6533  181.6533  181.6533  181.6533  181.6533  181.6533
  181.6533  181.6533  181.6533  181.6533  181.6533  181.6533  181.6533  181.6533
  181.6533  181.6533  181.6533  181.6533  181.6533  181.6533  181.6533  181.6533
  181.6533  181.6533  181.6533  181.6533  181.6533  181.6533  181.6533  181.6533
  181.6533  181.6533  181.6533  181.6533  181.6533
   INLET MERIDIONAL YAW ANGLE  
    0.0000    0.0000    0.0000    0.0000    0.0000    0.0000    0.0000    0.0000
    0.0000    0.0000    0.0000    0.0000    0.0000    0.0000    0.0000    0.0000
    0.0000    0.0000    0.0000    0.0000    0.0000    0.0000    0.0000    0.0000
    0.0000    0.0000    0.0000    0.0000    0.0000    0.0000    0.0000    0.0000
    0.0000    0.0000    0.0000    0.0000    0.0000
   INLET PITCH ANGLE 
   -0.0925   -0.0919   -0.0912   -0.0904   -0.0893   -0.0879   -0.0863   -0.0841
   -0.0815   -0.0782   -0.0741   -0.0689   -0.0625   -0.0544   -0.0443   -0.0333
   -0.0222   -0.0111   -0.0000    0.0111    0.0221    0.0332    0.0443    0.0544
    0.0624    0.0689    0.0740    0.0782    0.0815    0.0841    0.0862    0.0879
    0.0893    0.0903    0.0912    0.0919    0.0925
   PDOWN_HUB   PDOWN_TIP 
  343648.5  343648.5
 MIXING LENGTH LIMITS ON ALL BLADE ROWS
  0.050000  0.050000  0.050000  0.050000  0.050000  0.030000
  0.050000  0.050000  0.050000  0.050000  0.050000  0.030000
  FACTOR TO INCREASE THE TURBULENT VISCOSITY OVER THE FIRST NMIXUP STEPS 
   2.00000 1000
