 DATA SET FOR "multall" . GENERATED BY "stagen" .                       
    CP   and   GAMMA 
 1005.0250    1.4000
       ITIMST 
         3
     CFL,    DAMP,    MACHLIM,    F_PDOWN 
  0.400000 10.000000  2.000000  0.000000
  IF_RESTART 
         0
  NSTEPS_MAX, CONLIM 
      9000  0.001000
   SFX,      SFT,      FAC_4TH,     NCHANGE 
  0.005000  0.005000  0.800000      1000
       NUMBER OF BLADE ROWS 
         4
        IM        KM 
        37        37
  FP(I),I=1,IMM1 
  1.000000  1.250000  1.562500  1.953125  2.441406  3.051758  3.814697  4.768372
  5.960464  7.450581  9.313226 11.641532 14.551915 18.189894 20.000000 20.000000
 20.000000 20.000000 20.000000 20.000000 20.000000 20.000000 18.189894 14.551915
 11.641532  9.313226  7.450581  5.960464  4.768372  3.814697  3.051758  2.441406
  1.953125  1.562500  1.250000  1.000000
  FR(K),K=1,KMM1 
  1.000000  1.250000  1.562500  1.953125  2.441406  3.051758  3.814697  4.768372
  5.960464  7.450581  9.313226 11.641532 14.551915 18.189894 20.000000 20.000000
 20.000000 20.000000 20.000000 20.000000 20.000000 20.000000 18.189894 14.551915
 11.641532  9.313226  7.450581  5.960464  4.768372  3.814697  3.051758  2.441406
  1.953125  1.562500  1.250000  1.000000
        IR        JR        KR        IRBB      JRBB      KRBB 
         3         3         3         9         9         9
   FBLK1,     FBLK2,     FBLK3  
  0.400000  0.200000  0.100000
       IFMIX 
         1
   RFMIX,    FEXTRAP,   FSMTHB,    FANGLE 
  0.025000  0.800000  1.000000  0.800000
      IFCOOL    IFBLEED    IF_ROUGH 
         0         0         0
       NSECS_IN 
         3
       IN_PRESS  IN_VTAN   IN_VR    IN_FLOW  IF_REPEAT  RFIN 
         0         0         1         0         0   0.50000
  IPOUT  SFEXIT  NSFEXIT 
    1  0.000000    0
  PLATE_LOSS  THROTTLE_EXIT 
  0.000000  0.000000
        ILOS      NLOS      IBOUND 
        10         5         0
   REYNO,     RF_VIS,   FTRANS, TURBVIS_LIM, PRANDTL, YPLUSWALL
  800000.0     0.500     0.000  3000.000       1.0     0.000
   YPLAM      YPTURB 
  5.000000 25.000000
      ISHIFT    NEXTRAP_LE  NEXTRAP_TE 
         2        10        10
  (NSTG(N),N=1,NROWS) 
         1         1         2         2
  5  TIME STEPS FOR PRINTOUT 
      9000      9000      9000      9000      9000
  MARKER FOR VARIABLES TO BE SENT TO THE OUTPUT FILE.
 0 0 0 0 0 0 0 0 0 0 0 0 0 0 0 0 0 0 0 0
  STREAM SURFACES ON WHICH RESULTS ARE TO BE SENT TO   THE OUTPUT FILE 
 0 0 0 0 0 0 0 0 0 0 0 0 0 0 0 0 0 0 0 0 0 0 0 0 0 0 0 0 0 0 0 0 0 0 0 0 0
 ***************************************************************
 ************STARTING THE INPUT FOR EACH BLADE ROW**************
  BLADE ROW NUMBER =        1                                           
    NUMBER OF BLADES IN ROW 
        57
        JM        JLE       JTE 
       111        26        96
      KTIPSTART  KTIPEND 
         0         0
       BOUNDARY LAYER TRANSITION POINTS 
         0         0         0         0
  SET NEWGRID= 1 TO GENERATE A NEW GRID WITH DIFFERENT "J" POINTS AND SPACINGS.
         0
   RPMROW,    RPMHUB 
   12000.0   12000.0
       JROTHS    JROTHE    JROTTS    JROTTE 
         1         1         1         1
   PUPROW    PLEROW   PTEROW    PDROW 
   57946.0   57946.0   91180.1   91180.1
      NSECS_ROW   INSURF  
         3         0
  IF_CUSP_OUT   IFANGLES 
         1         0
         0         3         0
 ***************************************************************
  ROW NUMBER           1  SECTION NUMBER            1
           0           0           0  IF_DESIGN etc 
   1.00000   0.00000    0
 -0.017791 -0.015754 -0.013938 -0.012320 -0.010877 -0.009590 -0.008443 -0.007421
 -0.006510 -0.005697 -0.004973 -0.004327 -0.003752 -0.003239 -0.002781 -0.002373
 -0.002009 -0.001685 -0.001396 -0.001139 -0.000909 -0.000704 -0.000521 -0.000359
 -0.000213 -0.000084  0.000045  0.000179  0.000320  0.000468  0.000624  0.000787
  0.000959  0.001140  0.001331  0.001532  0.001744  0.001967  0.002201  0.002448
  0.002708  0.002980  0.003266  0.003566  0.003881  0.004212  0.004559  0.004925
  0.005308  0.005711  0.006134  0.006581  0.007051  0.007548  0.008077  0.008646
  0.009255  0.009904  0.010592  0.011316  0.012071  0.012846  0.013629  0.014414
  0.015200  0.015983  0.016761  0.017533  0.018304  0.019079  0.019856  0.020634
  0.021412  0.022189  0.022961  0.023722  0.024469  0.025198  0.025908  0.026598
  0.027267  0.027915  0.028544  0.029154  0.029746  0.030320  0.030874  0.031411
  0.031929  0.032428  0.032909  0.033371  0.033815  0.034240  0.034646  0.035034
  0.035422  0.035833  0.036267  0.036726  0.037212  0.037725  0.038267  0.038840
  0.039447  0.040088  0.040765  0.041482  0.042239  0.043040  0.043886
  1.000000  0.000000
  0.031388  0.029205  0.027259  0.025524  0.023977  0.022598  0.021369  0.020273
  0.019296  0.018424  0.017648  0.016955  0.016338  0.015787  0.015296  0.014859
  0.014468  0.014120  0.013810  0.013534  0.013287  0.013067  0.012871  0.012696
  0.012540  0.012401  0.012597  0.012578  0.012520  0.012436  0.012326  0.012189
  0.012033  0.011867  0.011692  0.011508  0.011314  0.011110  0.010897  0.010673
  0.010438  0.010194  0.009938  0.009671  0.009393  0.009103  0.008801  0.008485
  0.008157  0.007814  0.007457  0.007085  0.006696  0.006290  0.005861  0.005406
  0.004924  0.004418  0.003888  0.003340  0.002777  0.002208  0.001643  0.001085
  0.000537  0.000000 -0.000525 -0.001037 -0.001540 -0.002036 -0.002525 -0.003005
 -0.003477 -0.003939 -0.004390 -0.004826 -0.005246 -0.005649 -0.006034 -0.006401
 -0.006751 -0.007083 -0.007401 -0.007703 -0.007992 -0.008267 -0.008528 -0.008777
 -0.009014 -0.009239 -0.009452 -0.009654 -0.009845 -0.010025 -0.010195 -0.010524
 -0.010657 -0.010797 -0.010946 -0.011102 -0.011268 -0.011443 -0.011629 -0.011824
 -0.012031 -0.012250 -0.012481 -0.012725 -0.012983 -0.013256 -0.013545
  1.000000
  0.000000  0.000000  0.000000  0.000000  0.000000  0.000000  0.000000  0.000000
  0.000000  0.000000  0.000000  0.000000  0.000000  0.000000  0.000000  0.000000
  0.000000  0.000000  0.000000  0.000000  0.000000  0.000000  0.000000  0.000000
  0.000000  0.000000  0.000619  0.000809  0.000934  0.001030  0.001106  0.001162
  0.001206  0.001248  0.001290  0.001331  0.001372  0.001413  0.001453  0.001494
  0.001534  0.001573  0.001613  0.001651  0.001690  0.001727  0.001765  0.001801
  0.001836  0.001871  0.001904  0.001936  0.001966  0.001995  0.002022  0.002047
  0.002069  0.002090  0.002105  0.002117  0.002123  0.002123  0.002119  0.002109
  0.002094  0.002074  0.002050  0.002021  0.001988  0.001951  0.001910  0.001865
  0.001816  0.001763  0.001707  0.001649  0.001588  0.001526  0.001463  0.001398
  0.001334  0.001269  0.001204  0.001139  0.001075  0.001010  0.000947  0.000883
  0.000821  0.000760  0.000700  0.000641  0.000584  0.000529  0.000472  0.000000
  0.000000  0.000000  0.000000  0.000000  0.000000  0.000000  0.000000  0.000000
  0.000000  0.000000  0.000000  0.000000  0.000000  0.000000  0.000000
  1.000000  0.000000
  0.328242  0.328274  0.328310  0.328349  0.328389  0.328429  0.328469  0.328507
  0.328543  0.328578  0.328610  0.328641  0.328669  0.328695  0.328718  0.328740
  0.328760  0.328778  0.328794  0.328809  0.328822  0.328835  0.328845  0.328855
  0.328864  0.328872  0.328886  0.328902  0.328918  0.328935  0.328953  0.328972
  0.328992  0.329014  0.329037  0.329061  0.329087  0.329114  0.329143  0.329174
  0.329207  0.329242  0.329280  0.329319  0.329361  0.329405  0.329452  0.329502
  0.329556  0.329612  0.329672  0.329736  0.329805  0.329878  0.329956  0.330041
  0.330133  0.330233  0.330339  0.330451  0.330569  0.330691  0.330814  0.330939
  0.331063  0.331187  0.331309  0.331431  0.331551  0.331671  0.331790  0.331908
  0.332025  0.332139  0.332251  0.332360  0.332464  0.332563  0.332658  0.332748
  0.332832  0.332912  0.332987  0.333058  0.333124  0.333186  0.333244  0.333298
  0.333349  0.333395  0.333438  0.333478  0.333515  0.333548  0.333579  0.333607
  0.333630  0.333654  0.333678  0.333703  0.333728  0.333753  0.333778  0.333804
  0.333829  0.333853  0.333876  0.333899  0.333921  0.333942  0.333965
 ***************************************************************
  ROW NUMBER           1  SECTION NUMBER            2
           0           0           0  IF_DESIGN etc 
   1.00000   0.00000    0
 -0.017648 -0.015630 -0.013831 -0.012227 -0.010797 -0.009521 -0.008384 -0.007371
 -0.006467 -0.005661 -0.004942 -0.004302 -0.003730 -0.003221 -0.002767 -0.002362
 -0.002001 -0.001679 -0.001392 -0.001136 -0.000908 -0.000705 -0.000524 -0.000362
 -0.000218 -0.000089  0.000039  0.000174  0.000315  0.000462  0.000618  0.000781
  0.000953  0.001133  0.001324  0.001525  0.001736  0.001959  0.002193  0.002440
  0.002700  0.002972  0.003258  0.003558  0.003873  0.004204  0.004551  0.004916
  0.005300  0.005703  0.006127  0.006574  0.007045  0.007542  0.008072  0.008642
  0.009252  0.009902  0.010591  0.011316  0.012073  0.012850  0.013634  0.014421
  0.015208  0.015993  0.016772  0.017546  0.018319  0.019095  0.019873  0.020653
  0.021432  0.022209  0.022982  0.023744  0.024490  0.025219  0.025930  0.026619
  0.027288  0.027935  0.028563  0.029172  0.029763  0.030334  0.030888  0.031422
  0.031938  0.032436  0.032915  0.033375  0.033816  0.034239  0.034643  0.035029
  0.035414  0.035822  0.036253  0.036709  0.037190  0.037699  0.038237  0.038806
  0.039407  0.040043  0.040715  0.041426  0.042176  0.042970  0.043809
  1.000000  0.000000
  0.035641  0.033202  0.031027  0.029088  0.027359  0.025818  0.024443  0.023218
  0.022125  0.021151  0.020283  0.019508  0.018818  0.018202  0.017653  0.017164
  0.016728  0.016339  0.015992  0.015682  0.015407  0.015161  0.014942  0.014746
  0.014572  0.014417  0.014614  0.014585  0.014516  0.014417  0.014291  0.014137
  0.013961  0.013772  0.013573  0.013364  0.013144  0.012913  0.012670  0.012415
  0.012148  0.011869  0.011577  0.011272  0.010954  0.010622  0.010276  0.009914
  0.009536  0.009142  0.008731  0.008301  0.007852  0.007381  0.006885  0.006357
  0.005796  0.005206  0.004587  0.003945  0.003284  0.002614  0.001948  0.001288
  0.000639  0.000000 -0.000626 -0.001238 -0.001841 -0.002438 -0.003028 -0.003609
 -0.004182 -0.004745 -0.005297 -0.005832 -0.006349 -0.006847 -0.007324 -0.007781
 -0.008218 -0.008636 -0.009035 -0.009418 -0.009784 -0.010134 -0.010468 -0.010788
 -0.011092 -0.011383 -0.011659 -0.011922 -0.012171 -0.012407 -0.012631 -0.013022
 -0.013205 -0.013398 -0.013602 -0.013818 -0.014047 -0.014288 -0.014543 -0.014813
 -0.015098 -0.015399 -0.015718 -0.016055 -0.016411 -0.016787 -0.017185
  1.000000
  0.000000  0.000000  0.000000  0.000000  0.000000  0.000000  0.000000  0.000000
  0.000000  0.000000  0.000000  0.000000  0.000000  0.000000  0.000000  0.000000
  0.000000  0.000000  0.000000  0.000000  0.000000  0.000000  0.000000  0.000000
  0.000000  0.000000  0.000651  0.000850  0.000982  0.001084  0.001165  0.001226
  0.001273  0.001318  0.001362  0.001405  0.001449  0.001492  0.001535  0.001577
  0.001620  0.001662  0.001703  0.001744  0.001785  0.001825  0.001864  0.001902
  0.001940  0.001976  0.002011  0.002045  0.002077  0.002107  0.002136  0.002162
  0.002186  0.002206  0.002223  0.002234  0.002241  0.002242  0.002237  0.002227
  0.002212  0.002191  0.002165  0.002135  0.002100  0.002061  0.002018  0.001970
  0.001918  0.001863  0.001804  0.001742  0.001678  0.001612  0.001545  0.001477
  0.001409  0.001340  0.001271  0.001203  0.001134  0.001066  0.000999  0.000932
  0.000867  0.000802  0.000739  0.000677  0.000616  0.000558  0.000496  0.000000
  0.000000  0.000000  0.000000  0.000000  0.000000  0.000000  0.000000  0.000000
  0.000000  0.000000  0.000000  0.000000  0.000000  0.000000  0.000000
  1.000000  0.000000
  0.350000  0.350000  0.350000  0.350000  0.350000  0.350000  0.350000  0.350000
  0.350000  0.350000  0.350000  0.350000  0.350000  0.350000  0.350000  0.350000
  0.350000  0.350000  0.350000  0.350000  0.350000  0.350000  0.350000  0.350000
  0.350000  0.350000  0.350000  0.350000  0.350000  0.350000  0.350000  0.350000
  0.350000  0.350000  0.350000  0.350000  0.350000  0.350000  0.350000  0.350000
  0.350000  0.350000  0.350000  0.350000  0.350000  0.350000  0.350000  0.350000
  0.350000  0.350000  0.350000  0.350000  0.350000  0.350000  0.350000  0.350000
  0.350000  0.350000  0.350000  0.350000  0.350000  0.350000  0.350000  0.350000
  0.350000  0.350000  0.350000  0.350000  0.350000  0.350000  0.350000  0.350000
  0.350000  0.350000  0.350000  0.350000  0.350000  0.350000  0.350000  0.350000
  0.350000  0.350000  0.350000  0.350000  0.350000  0.350000  0.350000  0.350000
  0.350000  0.350000  0.350000  0.350000  0.350000  0.350000  0.350000  0.350000
  0.350000  0.350000  0.350000  0.350000  0.350000  0.350000  0.350000  0.350000
  0.350000  0.350000  0.350000  0.350000  0.350000  0.350000  0.350000
 ***************************************************************
  ROW NUMBER           1  SECTION NUMBER            3
           0           0           0  IF_DESIGN etc 
   1.00000   0.00000    0
 -0.017790 -0.015753 -0.013938 -0.012319 -0.010876 -0.009589 -0.008443 -0.007420
 -0.006509 -0.005697 -0.004972 -0.004327 -0.003751 -0.003238 -0.002780 -0.002372
 -0.002009 -0.001684 -0.001395 -0.001138 -0.000908 -0.000703 -0.000521 -0.000358
 -0.000213 -0.000083  0.000046  0.000180  0.000321  0.000469  0.000625  0.000788
  0.000960  0.001141  0.001332  0.001533  0.001744  0.001967  0.002202  0.002449
  0.002709  0.002981  0.003267  0.003567  0.003882  0.004213  0.004560  0.004925
  0.005309  0.005711  0.006135  0.006581  0.007052  0.007549  0.008078  0.008647
  0.009256  0.009905  0.010593  0.011316  0.012072  0.012847  0.013629  0.014415
  0.015201  0.015983  0.016761  0.017534  0.018305  0.019080  0.019857  0.020635
  0.021413  0.022189  0.022962  0.023723  0.024469  0.025199  0.025909  0.026599
  0.027268  0.027916  0.028545  0.029155  0.029747  0.030320  0.030875  0.031412
  0.031929  0.032429  0.032910  0.033372  0.033815  0.034240  0.034647  0.035035
  0.035423  0.035834  0.036268  0.036727  0.037212  0.037725  0.038268  0.038841
  0.039447  0.040088  0.040766  0.041482  0.042240  0.043041  0.043887
  1.000000  0.000000
  0.040418  0.037686  0.035249  0.033076  0.031139  0.029411  0.027871  0.026497
  0.025272  0.024180  0.023206  0.022338  0.021564  0.020874  0.020259  0.019710
  0.019221  0.018785  0.018396  0.018049  0.017740  0.017464  0.017219  0.017000
  0.016804  0.016630  0.016836  0.016797  0.016714  0.016600  0.016457  0.016283
  0.016084  0.015870  0.015645  0.015408  0.015158  0.014896  0.014620  0.014330
  0.014027  0.013709  0.013377  0.013030  0.012667  0.012288  0.011892  0.011479
  0.011047  0.010595  0.010124  0.009631  0.009114  0.008574  0.008002  0.007393
  0.006746  0.006063  0.005347  0.004603  0.003834  0.003056  0.002279  0.001509
  0.000748  0.000000 -0.000735 -0.001455 -0.002166 -0.002870 -0.003567 -0.004257
 -0.004937 -0.005608 -0.006266 -0.006906 -0.007525 -0.008123 -0.008698 -0.009250
 -0.009778 -0.010284 -0.010770 -0.011235 -0.011682 -0.012111 -0.012521 -0.012913
 -0.013289 -0.013647 -0.013989 -0.014315 -0.014625 -0.014919 -0.015198 -0.015631
 -0.015865 -0.016112 -0.016373 -0.016649 -0.016942 -0.017250 -0.017577 -0.017922
 -0.018287 -0.018673 -0.019081 -0.019513 -0.019969 -0.020451 -0.020961
  1.000000
  0.000000  0.000000  0.000000  0.000000  0.000000  0.000000  0.000000  0.000000
  0.000000  0.000000  0.000000  0.000000  0.000000  0.000000  0.000000  0.000000
  0.000000  0.000000  0.000000  0.000000  0.000000  0.000000  0.000000  0.000000
  0.000000  0.000000  0.000699  0.000910  0.001052  0.001162  0.001251  0.001318
  0.001370  0.001418  0.001465  0.001512  0.001559  0.001605  0.001651  0.001697
  0.001743  0.001788  0.001832  0.001877  0.001920  0.001963  0.002005  0.002047
  0.002087  0.002126  0.002164  0.002200  0.002235  0.002267  0.002298  0.002326
  0.002352  0.002374  0.002391  0.002404  0.002411  0.002412  0.002406  0.002395
  0.002378  0.002356  0.002328  0.002296  0.002259  0.002218  0.002171  0.002120
  0.002064  0.002004  0.001940  0.001874  0.001805  0.001734  0.001662  0.001589
  0.001515  0.001442  0.001368  0.001294  0.001220  0.001147  0.001074  0.001003
  0.000932  0.000863  0.000794  0.000728  0.000663  0.000600  0.000529  0.000000
  0.000000  0.000000  0.000000  0.000000  0.000000  0.000000  0.000000  0.000000
  0.000000  0.000000  0.000000  0.000000  0.000000  0.000000  0.000000
  1.000000  0.000000
  0.371758  0.371726  0.371690  0.371651  0.371611  0.371571  0.371531  0.371493
  0.371457  0.371422  0.371389  0.371359  0.371331  0.371305  0.371282  0.371260
  0.371240  0.371222  0.371206  0.371191  0.371177  0.371165  0.371154  0.371145
  0.371136  0.371128  0.371113  0.371098  0.371082  0.371065  0.371047  0.371028
  0.371008  0.370986  0.370963  0.370939  0.370913  0.370886  0.370857  0.370825
  0.370792  0.370757  0.370720  0.370681  0.370639  0.370595  0.370547  0.370497
  0.370444  0.370388  0.370328  0.370263  0.370195  0.370122  0.370044  0.369959
  0.369866  0.369767  0.369661  0.369549  0.369431  0.369309  0.369185  0.369061
  0.368937  0.368813  0.368691  0.368569  0.368449  0.368329  0.368210  0.368092
  0.367975  0.367861  0.367748  0.367640  0.367536  0.367436  0.367342  0.367252
  0.367168  0.367088  0.367013  0.366942  0.366876  0.366814  0.366756  0.366702
  0.366651  0.366605  0.366562  0.366522  0.366485  0.366452  0.366421  0.366393
  0.366370  0.366346  0.366322  0.366297  0.366272  0.366247  0.366222  0.366196
  0.366171  0.366147  0.366124  0.366101  0.366079  0.366058  0.366035
 ***************************************************************
 ************STARTING THE INPUT FOR EACH BLADE ROW**************
  BLADE ROW NUMBER =        2                                           
    NUMBER OF BLADES IN ROW 
        45
        JM        JLE       JTE 
       106        21        91
      KTIPSTART  KTIPEND 
         0         0
       BOUNDARY LAYER TRANSITION POINTS 
         0         0         0         0
  SET NEWGRID= 1 TO GENERATE A NEW GRID WITH DIFFERENT "J" POINTS AND SPACINGS.
         0
   RPMROW,    RPMHUB 
       0.0       0.0
       JROTHS    JROTHE    JROTTS    JROTTE 
         1         1         1         1
   PUPROW    PLEROW   PTEROW    PDROW 
   91180.1   91180.1  135115.2  135115.2
      NSECS_ROW   INSURF  
         3         0
  IF_CUSP_OUT   IFANGLES 
         1         0
         0         3         0
 ***************************************************************
  ROW NUMBER           2  SECTION NUMBER            1
           0           0           0  IF_DESIGN etc 
   1.00000   0.00000    0
  0.032470  0.033780  0.034955  0.036011  0.036958  0.037807  0.038569  0.039252
  0.039864  0.040413  0.040905  0.041346  0.041742  0.042097  0.042415  0.042700
  0.042956  0.043185  0.043390  0.043575  0.043740  0.043905  0.044078  0.044259
  0.044448  0.044648  0.044857  0.045078  0.045310  0.045555  0.045812  0.046084
  0.046370  0.046671  0.046987  0.047321  0.047670  0.048037  0.048422  0.048826
  0.049251  0.049696  0.050165  0.050657  0.051174  0.051718  0.052291  0.052895
  0.053532  0.054212  0.054942  0.055724  0.056558  0.057441  0.058369  0.059339
  0.060334  0.061339  0.062348  0.063356  0.064361  0.065359  0.066350  0.067341
  0.068334  0.069331  0.070329  0.071327  0.072323  0.073313  0.074289  0.075245
  0.076179  0.077089  0.077973  0.078830  0.079659  0.080464  0.081245  0.082002
  0.082735  0.083444  0.084130  0.084791  0.085429  0.086043  0.086634  0.087200
  0.087742  0.088261  0.088756  0.089251  0.089774  0.090327  0.090912  0.091530
  0.092184  0.092875  0.093606  0.094378  0.095195  0.096059  0.096972  0.097938
  0.098959  0.100038
  1.000000  0.000000
 -0.037367 -0.035712 -0.034226 -0.032892 -0.031695 -0.030621 -0.029659 -0.028795
 -0.028021 -0.027326 -0.026703 -0.026145 -0.025644 -0.025195 -0.024792 -0.024431
 -0.024108 -0.023818 -0.023557 -0.023324 -0.023115 -0.022597 -0.022311 -0.022054
 -0.021801 -0.021537 -0.021262 -0.020973 -0.020671 -0.020355 -0.020025 -0.019679
 -0.019318 -0.018940 -0.018546 -0.018134 -0.017706 -0.017261 -0.016799 -0.016318
 -0.015818 -0.015298 -0.014758 -0.014197 -0.013615 -0.013009 -0.012380 -0.011725
 -0.011043 -0.010328 -0.009570 -0.008772 -0.007936 -0.007067 -0.006172 -0.005256
 -0.004337 -0.003430 -0.002539 -0.001669 -0.000823  0.000000  0.000799  0.001577
  0.002340  0.003086  0.003815  0.004525  0.005215  0.005884  0.006526  0.007138
  0.007720  0.008273  0.008795  0.009289  0.009755  0.010195  0.010611  0.011005
  0.011377  0.011728  0.012059  0.012371  0.012665  0.012941  0.013200  0.013443
  0.013671  0.013876  0.013738  0.013983  0.014242  0.014516  0.014805  0.015111
  0.015434  0.015776  0.016137  0.016518  0.016921  0.017346  0.017796  0.018271
  0.018773  0.019304
  1.000000
  0.000000  0.000000  0.000000  0.000000  0.000000  0.000000  0.000000  0.000000
  0.000000  0.000000  0.000000  0.000000  0.000000  0.000000  0.000000  0.000000
  0.000000  0.000000  0.000000  0.000000  0.000000  0.000707  0.000952  0.001107
  0.001213  0.001289  0.001339  0.001376  0.001413  0.001451  0.001490  0.001531
  0.001574  0.001618  0.001663  0.001710  0.001759  0.001809  0.001860  0.001912
  0.001965  0.002020  0.002076  0.002133  0.002190  0.002248  0.002307  0.002366
  0.002425  0.002484  0.002544  0.002603  0.002660  0.002715  0.002766  0.002812
  0.002850  0.002882  0.002905  0.002920  0.002926  0.002924  0.002916  0.002899
  0.002874  0.002840  0.002798  0.002749  0.002691  0.002625  0.002553  0.002475
  0.002391  0.002303  0.002211  0.002116  0.002018  0.001918  0.001816  0.001712
  0.001607  0.001501  0.001395  0.001289  0.001184  0.001079  0.000976  0.000874
  0.000774  0.000669  0.000000  0.000000  0.000000  0.000000  0.000000  0.000000
  0.000000  0.000000  0.000000  0.000000  0.000000  0.000000  0.000000  0.000000
  0.000000  0.000000
  1.000000  0.000000
  0.333399  0.333512  0.333601  0.333664  0.333715  0.333757  0.333792  0.333821
  0.333845  0.333864  0.333881  0.333895  0.333907  0.333917  0.333926  0.333934
  0.333940  0.333946  0.333951  0.333955  0.333959  0.333966  0.333973  0.333980
  0.333988  0.333997  0.334006  0.334016  0.334027  0.334038  0.334050  0.334064
  0.334078  0.334093  0.334109  0.334127  0.334146  0.334167  0.334188  0.334212
  0.334237  0.334264  0.334293  0.334325  0.334358  0.334395  0.334434  0.334476
  0.334522  0.334572  0.334626  0.334686  0.334752  0.334822  0.334898  0.334979
  0.335064  0.335151  0.335239  0.335329  0.335419  0.335510  0.335600  0.335690
  0.335782  0.335873  0.335965  0.336056  0.336147  0.336237  0.336325  0.336410
  0.336493  0.336572  0.336648  0.336721  0.336790  0.336856  0.336919  0.336978
  0.337035  0.337089  0.337140  0.337188  0.337233  0.337275  0.337315  0.337352
  0.337387  0.337420  0.337450  0.337482  0.337515  0.337548  0.337581  0.337614
  0.337646  0.337677  0.337707  0.337734  0.337753  0.337767  0.337778  0.337786
  0.337792  0.337798
 ***************************************************************
  ROW NUMBER           2  SECTION NUMBER            2
           0           0           0  IF_DESIGN etc 
   1.00000   0.00000    0
  0.032487  0.033799  0.034975  0.036030  0.036975  0.037823  0.038583  0.039264
  0.039875  0.040422  0.040913  0.041354  0.041748  0.042102  0.042419  0.042704
  0.042959  0.043188  0.043393  0.043576  0.043741  0.043906  0.044078  0.044259
  0.044448  0.044647  0.044856  0.045076  0.045308  0.045552  0.045810  0.046081
  0.046366  0.046667  0.046983  0.047316  0.047665  0.048031  0.048416  0.048820
  0.049244  0.049689  0.050157  0.050649  0.051166  0.051709  0.052282  0.052886
  0.053523  0.054202  0.054933  0.055715  0.056549  0.057432  0.058361  0.059331
  0.060327  0.061332  0.062341  0.063350  0.064356  0.065355  0.066347  0.067338
  0.068332  0.069330  0.070329  0.071328  0.072324  0.073315  0.074291  0.075248
  0.076183  0.077093  0.077977  0.078834  0.079664  0.080469  0.081249  0.082006
  0.082740  0.083449  0.084134  0.084796  0.085433  0.086047  0.086637  0.087203
  0.087745  0.088263  0.088757  0.089251  0.089774  0.090326  0.090910  0.091527
  0.092180  0.092870  0.093599  0.094370  0.095185  0.096046  0.096957  0.097919
  0.098937  0.100012
  1.000000  0.000000
 -0.035699 -0.034114 -0.032692 -0.031417 -0.030274 -0.029250 -0.028331 -0.027508
 -0.026769 -0.026107 -0.025514 -0.024982 -0.024505 -0.024077 -0.023694 -0.023350
 -0.023042 -0.022765 -0.022517 -0.022295 -0.022096 -0.021594 -0.021319 -0.021073
 -0.020831 -0.020579 -0.020316 -0.020041 -0.019753 -0.019451 -0.019135 -0.018805
 -0.018460 -0.018099 -0.017722 -0.017329 -0.016920 -0.016495 -0.016053 -0.015594
 -0.015116 -0.014619 -0.014103 -0.013567 -0.013010 -0.012431 -0.011830 -0.011204
 -0.010552 -0.009868 -0.009144 -0.008381 -0.007582 -0.006752 -0.005896 -0.005021
 -0.004142 -0.003275 -0.002425 -0.001594 -0.000785  0.000000  0.000761  0.001504
  0.002232  0.002943  0.003638  0.004315  0.004973  0.005611  0.006222  0.006805
  0.007360  0.007886  0.008384  0.008854  0.009297  0.009716  0.010112  0.010486
  0.010840  0.011174  0.011489  0.011785  0.012065  0.012327  0.012573  0.012805
  0.013021  0.013217  0.013075  0.013309  0.013557  0.013819  0.014095  0.014388
  0.014697  0.015024  0.015370  0.015736  0.016122  0.016530  0.016962  0.017418
  0.017901  0.018411
  1.000000
  0.000000  0.000000  0.000000  0.000000  0.000000  0.000000  0.000000  0.000000
  0.000000  0.000000  0.000000  0.000000  0.000000  0.000000  0.000000  0.000000
  0.000000  0.000000  0.000000  0.000000  0.000000  0.000694  0.000935  0.001087
  0.001190  0.001264  0.001313  0.001349  0.001385  0.001422  0.001461  0.001501
  0.001542  0.001586  0.001630  0.001676  0.001724  0.001773  0.001823  0.001874
  0.001927  0.001980  0.002035  0.002090  0.002147  0.002204  0.002261  0.002319
  0.002377  0.002435  0.002493  0.002551  0.002607  0.002661  0.002711  0.002756
  0.002794  0.002825  0.002848  0.002863  0.002870  0.002868  0.002859  0.002842
  0.002817  0.002784  0.002743  0.002694  0.002637  0.002573  0.002502  0.002426
  0.002344  0.002257  0.002167  0.002074  0.001978  0.001880  0.001780  0.001678
  0.001575  0.001471  0.001367  0.001264  0.001160  0.001058  0.000957  0.000857
  0.000759  0.000657  0.000000  0.000000  0.000000  0.000000  0.000000  0.000000
  0.000000  0.000000  0.000000  0.000000  0.000000  0.000000  0.000000  0.000000
  0.000000  0.000000
  1.000000  0.000000
  0.350000  0.350000  0.350000  0.350000  0.350000  0.350000  0.350000  0.350000
  0.350000  0.350000  0.350000  0.350000  0.350000  0.350000  0.350000  0.350000
  0.350000  0.350000  0.350000  0.350000  0.350000  0.350000  0.350000  0.350000
  0.350000  0.350000  0.350000  0.350000  0.350000  0.350000  0.350000  0.350000
  0.350000  0.350000  0.350000  0.350000  0.350000  0.350000  0.350000  0.350000
  0.350000  0.350000  0.350000  0.350000  0.350000  0.350000  0.350000  0.350000
  0.350000  0.350000  0.350000  0.350000  0.350000  0.350000  0.350000  0.350000
  0.350000  0.350000  0.350000  0.350000  0.350000  0.350000  0.350000  0.350000
  0.350000  0.350000  0.350000  0.350000  0.350000  0.350000  0.350000  0.350000
  0.350000  0.350000  0.350000  0.350000  0.350000  0.350000  0.350000  0.350000
  0.350000  0.350000  0.350000  0.350000  0.350000  0.350000  0.350000  0.350000
  0.350000  0.350000  0.350000  0.350000  0.350000  0.350000  0.350000  0.350000
  0.350000  0.350000  0.350000  0.350000  0.350000  0.350000  0.350000  0.350000
  0.350000  0.350000
 ***************************************************************
  ROW NUMBER           2  SECTION NUMBER            3
           0           0           0  IF_DESIGN etc 
   1.00000   0.00000    0
  0.032472  0.033782  0.034957  0.036013  0.036960  0.037809  0.038570  0.039253
  0.039865  0.040414  0.040907  0.041348  0.041744  0.042098  0.042416  0.042702
  0.042957  0.043187  0.043392  0.043576  0.043742  0.043907  0.044079  0.044260
  0.044450  0.044649  0.044859  0.045079  0.045312  0.045556  0.045814  0.046085
  0.046371  0.046672  0.046989  0.047322  0.047672  0.048039  0.048424  0.048828
  0.049252  0.049698  0.050167  0.050658  0.051175  0.051719  0.052292  0.052896
  0.053534  0.054213  0.054943  0.055726  0.056559  0.057442  0.058371  0.059341
  0.060336  0.061341  0.062349  0.063358  0.064363  0.065361  0.066352  0.067342
  0.068336  0.069333  0.070331  0.071329  0.072324  0.073315  0.074291  0.075247
  0.076181  0.077091  0.077975  0.078832  0.079661  0.080465  0.081246  0.082003
  0.082736  0.083446  0.084131  0.084793  0.085431  0.086045  0.086635  0.087202
  0.087744  0.088263  0.088758  0.089253  0.089776  0.090329  0.090914  0.091532
  0.092186  0.092877  0.093608  0.094380  0.095197  0.096061  0.096974  0.097939
  0.098960  0.100039
  1.000000  0.000000
 -0.034374 -0.032844 -0.031473 -0.030246 -0.029146 -0.028160 -0.027277 -0.026486
 -0.025776 -0.025140 -0.024570 -0.024059 -0.023601 -0.023190 -0.022822 -0.022492
 -0.022196 -0.021931 -0.021693 -0.021479 -0.021288 -0.020797 -0.020531 -0.020294
 -0.020061 -0.019818 -0.019565 -0.019300 -0.019023 -0.018732 -0.018428 -0.018110
 -0.017778 -0.017430 -0.017068 -0.016689 -0.016296 -0.015886 -0.015460 -0.015018
 -0.014557 -0.014078 -0.013581 -0.013064 -0.012528 -0.011971 -0.011391 -0.010788
 -0.010160 -0.009501 -0.008804 -0.008069 -0.007299 -0.006499 -0.005675 -0.004832
 -0.003987 -0.003152 -0.002333 -0.001534 -0.000756  0.000000  0.000732  0.001447
  0.002146  0.002831  0.003499  0.004149  0.004781  0.005393  0.005981  0.006541
  0.007073  0.007578  0.008055  0.008506  0.008931  0.009333  0.009713  0.010072
  0.010411  0.010731  0.011033  0.011317  0.011585  0.011836  0.012072  0.012294
  0.012501  0.012689  0.012542  0.012768  0.013007  0.013259  0.013526  0.013808
  0.014106  0.014422  0.014756  0.015108  0.015482  0.015877  0.016294  0.016736
  0.017203  0.017696
  1.000000
  0.000000  0.000000  0.000000  0.000000  0.000000  0.000000  0.000000  0.000000
  0.000000  0.000000  0.000000  0.000000  0.000000  0.000000  0.000000  0.000000
  0.000000  0.000000  0.000000  0.000000  0.000000  0.000687  0.000924  0.001074
  0.001176  0.001249  0.001297  0.001332  0.001368  0.001404  0.001443  0.001482
  0.001523  0.001566  0.001610  0.001656  0.001703  0.001751  0.001800  0.001851
  0.001903  0.001956  0.002010  0.002065  0.002121  0.002177  0.002234  0.002291
  0.002348  0.002405  0.002463  0.002520  0.002576  0.002629  0.002678  0.002723
  0.002761  0.002791  0.002813  0.002828  0.002834  0.002832  0.002823  0.002806
  0.002782  0.002749  0.002709  0.002660  0.002604  0.002541  0.002471  0.002396
  0.002315  0.002229  0.002140  0.002048  0.001953  0.001856  0.001757  0.001657
  0.001555  0.001453  0.001351  0.001248  0.001146  0.001045  0.000945  0.000846
  0.000750  0.000649  0.000000  0.000000  0.000000  0.000000  0.000000  0.000000
  0.000000  0.000000  0.000000  0.000000  0.000000  0.000000  0.000000  0.000000
  0.000000  0.000000
  1.000000  0.000000
  0.366601  0.366488  0.366398  0.366336  0.366285  0.366243  0.366208  0.366179
  0.366155  0.366136  0.366119  0.366105  0.366093  0.366083  0.366074  0.366066
  0.366060  0.366054  0.366049  0.366045  0.366041  0.366034  0.366027  0.366020
  0.366012  0.366003  0.365994  0.365984  0.365973  0.365962  0.365950  0.365936
  0.365922  0.365907  0.365890  0.365873  0.365854  0.365833  0.365812  0.365788
  0.365763  0.365736  0.365707  0.365675  0.365641  0.365605  0.365566  0.365524
  0.365478  0.365428  0.365374  0.365314  0.365248  0.365177  0.365101  0.365020
  0.364936  0.364849  0.364760  0.364671  0.364581  0.364490  0.364400  0.364309
  0.364218  0.364127  0.364035  0.363944  0.363853  0.363763  0.363675  0.363590
  0.363507  0.363428  0.363352  0.363279  0.363210  0.363144  0.363081  0.363022
  0.362965  0.362911  0.362860  0.362812  0.362767  0.362725  0.362685  0.362647
  0.362613  0.362580  0.362550  0.362518  0.362485  0.362452  0.362419  0.362386
  0.362354  0.362323  0.362293  0.362265  0.362247  0.362233  0.362222  0.362214
  0.362208  0.362202
 ***************************************************************
 ************STARTING THE INPUT FOR EACH BLADE ROW**************
  BLADE ROW NUMBER =        3                                           
    NUMBER OF BLADES IN ROW 
        46
        JM        JLE       JTE 
       106        21        91
      KTIPSTART  KTIPEND 
         0         0
       BOUNDARY LAYER TRANSITION POINTS 
         0         0         0         0
  SET NEWGRID= 1 TO GENERATE A NEW GRID WITH DIFFERENT "J" POINTS AND SPACINGS.
         0
   RPMROW,    RPMHUB 
   12000.0   12000.0
       JROTHS    JROTHE    JROTTS    JROTTE 
         1         1         1         1
   PUPROW    PLEROW   PTEROW    PDROW 
  135115.2  135115.2  192209.3  192209.3
      NSECS_ROW   INSURF  
         3         0
  IF_CUSP_OUT   IFANGLES 
         1         0
         0         3         0
 ***************************************************************
  ROW NUMBER           3  SECTION NUMBER            1
           0           0           0  IF_DESIGN etc 
   1.00000   0.00000    0
  0.094977  0.096290  0.097468  0.098524  0.099470  0.100319  0.101080  0.101762
  0.102374  0.102922  0.103413  0.103854  0.104249  0.104603  0.104921  0.105206
  0.105461  0.105690  0.105895  0.106079  0.106244  0.106409  0.106581  0.106762
  0.106951  0.107150  0.107360  0.107580  0.107812  0.108057  0.108314  0.108585
  0.108871  0.109171  0.109488  0.109821  0.110170  0.110537  0.110921  0.111325
  0.111749  0.112195  0.112663  0.113155  0.113671  0.114215  0.114788  0.115391
  0.116029  0.116708  0.117438  0.118220  0.119054  0.119936  0.120865  0.121835
  0.122830  0.123835  0.124844  0.125853  0.126858  0.127856  0.128848  0.129838
  0.130832  0.131829  0.132828  0.133826  0.134822  0.135812  0.136789  0.137745
  0.138680  0.139590  0.140474  0.141331  0.142160  0.142965  0.143746  0.144503
  0.145236  0.145945  0.146631  0.147292  0.147930  0.148544  0.149134  0.149700
  0.150243  0.150761  0.151256  0.151751  0.152274  0.152827  0.153411  0.154029
  0.154682  0.155373  0.156103  0.156875  0.157690  0.158553  0.159464  0.160428
  0.161447  0.162524
  1.000000  0.000000
  0.029733  0.028245  0.026911  0.025714  0.024641  0.023679  0.022817  0.022044
  0.021351  0.020730  0.020173  0.019674  0.019226  0.018825  0.018465  0.018142
  0.017853  0.017594  0.017361  0.017153  0.016966  0.017215  0.017185  0.017104
  0.016988  0.016837  0.016653  0.016442  0.016216  0.015979  0.015729  0.015467
  0.015191  0.014901  0.014597  0.014279  0.013947  0.013600  0.013238  0.012860
  0.012466  0.012054  0.011625  0.011178  0.010712  0.010225  0.009717  0.009187
  0.008632  0.008047  0.007425  0.006766  0.006073  0.005348  0.004595  0.003822
  0.003041  0.002264  0.001496  0.000741  0.000000 -0.000725 -0.001433 -0.002129
 -0.002817 -0.003495 -0.004163 -0.004820 -0.005464 -0.006094 -0.006704 -0.007291
 -0.007856 -0.008396 -0.008913 -0.009406 -0.009875 -0.010324 -0.010752 -0.011161
 -0.011552 -0.011924 -0.012279 -0.012617 -0.012938 -0.013243 -0.013533 -0.013807
 -0.014066 -0.014312 -0.014764 -0.014959 -0.015166 -0.015384 -0.015615 -0.015859
 -0.016118 -0.016390 -0.016679 -0.016984 -0.017306 -0.017646 -0.018006 -0.018387
 -0.018789 -0.019214
  1.000000
  0.000000  0.000000  0.000000  0.000000  0.000000  0.000000  0.000000  0.000000
  0.000000  0.000000  0.000000  0.000000  0.000000  0.000000  0.000000  0.000000
  0.000000  0.000000  0.000000  0.000000  0.000000  0.000807  0.001054  0.001218
  0.001343  0.001443  0.001517  0.001575  0.001630  0.001684  0.001738  0.001792
  0.001845  0.001898  0.001951  0.002003  0.002055  0.002106  0.002157  0.002207
  0.002256  0.002305  0.002352  0.002398  0.002443  0.002487  0.002528  0.002568
  0.002605  0.002641  0.002673  0.002703  0.002728  0.002748  0.002763  0.002772
  0.002773  0.002767  0.002754  0.002735  0.002709  0.002677  0.002640  0.002597
  0.002549  0.002495  0.002436  0.002372  0.002303  0.002230  0.002154  0.002074
  0.001993  0.001910  0.001826  0.001742  0.001657  0.001572  0.001487  0.001403
  0.001319  0.001235  0.001153  0.001072  0.000992  0.000914  0.000837  0.000763
  0.000690  0.000615  0.000000  0.000000  0.000000  0.000000  0.000000  0.000000
  0.000000  0.000000  0.000000  0.000000  0.000000  0.000000  0.000000  0.000000
  0.000000  0.000000
  1.000000  0.000000
  0.337749  0.337770  0.337782  0.337789  0.337795  0.337799  0.337809  0.337820
  0.337830  0.337839  0.337847  0.337855  0.337863  0.337869  0.337876  0.337881
  0.337887  0.337891  0.337896  0.337899  0.337903  0.337908  0.337912  0.337918
  0.337923  0.337929  0.337936  0.337943  0.337950  0.337958  0.337967  0.337976
  0.337986  0.337997  0.338008  0.338021  0.338034  0.338049  0.338064  0.338081
  0.338099  0.338119  0.338139  0.338162  0.338186  0.338212  0.338240  0.338270
  0.338303  0.338338  0.338377  0.338420  0.338467  0.338517  0.338571  0.338629
  0.338689  0.338750  0.338813  0.338876  0.338939  0.339002  0.339064  0.339127
  0.339190  0.339252  0.339314  0.339376  0.339437  0.339496  0.339554  0.339610
  0.339663  0.339714  0.339762  0.339807  0.339850  0.339890  0.339928  0.339963
  0.339996  0.340027  0.340056  0.340082  0.340107  0.340129  0.340150  0.340169
  0.340186  0.340202  0.340216  0.340226  0.340237  0.340248  0.340259  0.340271
  0.340283  0.340295  0.340307  0.340319  0.340331  0.340343  0.340355  0.340368
  0.340380  0.340392
 ***************************************************************
  ROW NUMBER           3  SECTION NUMBER            2
           0           0           0  IF_DESIGN etc 
   1.00000   0.00000    0
  0.094991  0.096303  0.097479  0.098533  0.099478  0.100326  0.101086  0.101767
  0.102378  0.102925  0.103416  0.103857  0.104251  0.104605  0.104922  0.105207
  0.105462  0.105690  0.105895  0.106079  0.106244  0.106409  0.106581  0.106761
  0.106951  0.107150  0.107359  0.107579  0.107811  0.108055  0.108312  0.108583
  0.108869  0.109169  0.109486  0.109818  0.110167  0.110534  0.110918  0.111322
  0.111746  0.112191  0.112660  0.113151  0.113668  0.114211  0.114784  0.115388
  0.116025  0.116704  0.117434  0.118217  0.119050  0.119933  0.120862  0.121832
  0.122828  0.123833  0.124842  0.125851  0.126857  0.127856  0.128847  0.129838
  0.130833  0.131830  0.132829  0.133828  0.134824  0.135815  0.136791  0.137748
  0.138683  0.139593  0.140477  0.141334  0.142163  0.142968  0.143749  0.144506
  0.145239  0.145948  0.146633  0.147295  0.147932  0.148546  0.149136  0.149701
  0.150243  0.150762  0.151256  0.151750  0.152273  0.152825  0.153409  0.154026
  0.154678  0.155368  0.156097  0.156868  0.157683  0.158544  0.159455  0.160417
  0.161435  0.162510
  1.000000  0.000000
  0.032080  0.030495  0.029073  0.027798  0.026656  0.025631  0.024713  0.023889
  0.023151  0.022489  0.021896  0.021364  0.020887  0.020459  0.020076  0.019732
  0.019424  0.019147  0.018899  0.018677  0.018478  0.018732  0.018695  0.018605
  0.018479  0.018317  0.018120  0.017894  0.017652  0.017398  0.017129  0.016847
  0.016551  0.016239  0.015913  0.015570  0.015212  0.014839  0.014448  0.014041
  0.013615  0.013171  0.012707  0.012223  0.011718  0.011191  0.010640  0.010064
  0.009461  0.008825  0.008148  0.007429  0.006672  0.005880  0.005057  0.004209
  0.003351  0.002496  0.001651  0.000818  0.000000 -0.000802 -0.001587 -0.002360
 -0.003125 -0.003881 -0.004626 -0.005361 -0.006082 -0.006789 -0.007475 -0.008138
 -0.008776 -0.009388 -0.009974 -0.010534 -0.011069 -0.011581 -0.012071 -0.012540
 -0.012989 -0.013417 -0.013827 -0.014217 -0.014589 -0.014944 -0.015280 -0.015600
 -0.015903 -0.016190 -0.016691 -0.016925 -0.017173 -0.017435 -0.017711 -0.018004
 -0.018313 -0.018640 -0.018986 -0.019351 -0.019738 -0.020146 -0.020578 -0.021034
 -0.021516 -0.022026
  1.000000
  0.000000  0.000000  0.000000  0.000000  0.000000  0.000000  0.000000  0.000000
  0.000000  0.000000  0.000000  0.000000  0.000000  0.000000  0.000000  0.000000
  0.000000  0.000000  0.000000  0.000000  0.000000  0.000835  0.001089  0.001258
  0.001389  0.001493  0.001572  0.001632  0.001689  0.001746  0.001801  0.001857
  0.001912  0.001967  0.002022  0.002076  0.002130  0.002183  0.002236  0.002288
  0.002339  0.002389  0.002438  0.002486  0.002532  0.002577  0.002621  0.002662
  0.002701  0.002737  0.002771  0.002802  0.002828  0.002849  0.002864  0.002872
  0.002873  0.002867  0.002854  0.002835  0.002808  0.002775  0.002736  0.002692
  0.002642  0.002586  0.002525  0.002459  0.002387  0.002312  0.002232  0.002150
  0.002066  0.001980  0.001893  0.001805  0.001718  0.001630  0.001542  0.001454
  0.001367  0.001280  0.001195  0.001111  0.001028  0.000947  0.000867  0.000790
  0.000715  0.000636  0.000000  0.000000  0.000000  0.000000  0.000000  0.000000
  0.000000  0.000000  0.000000  0.000000  0.000000  0.000000  0.000000  0.000000
  0.000000  0.000000
  1.000000  0.000000
  0.350000  0.350000  0.350000  0.350000  0.350000  0.350000  0.350000  0.350000
  0.350000  0.350000  0.350000  0.350000  0.350000  0.350000  0.350000  0.350000
  0.350000  0.350000  0.350000  0.350000  0.350000  0.350000  0.350000  0.350000
  0.350000  0.350000  0.350000  0.350000  0.350000  0.350000  0.350000  0.350000
  0.350000  0.350000  0.350000  0.350000  0.350000  0.350000  0.350000  0.350000
  0.350000  0.350000  0.350000  0.350000  0.350000  0.350000  0.350000  0.350000
  0.350000  0.350000  0.350000  0.350000  0.350000  0.350000  0.350000  0.350000
  0.350000  0.350000  0.350000  0.350000  0.350000  0.350000  0.350000  0.350000
  0.350000  0.350000  0.350000  0.350000  0.350000  0.350000  0.350000  0.350000
  0.350000  0.350000  0.350000  0.350000  0.350000  0.350000  0.350000  0.350000
  0.350000  0.350000  0.350000  0.350000  0.350000  0.350000  0.350000  0.350000
  0.350000  0.350000  0.350000  0.350000  0.350000  0.350000  0.350000  0.350000
  0.350000  0.350000  0.350000  0.350000  0.350000  0.350000  0.350000  0.350000
  0.350000  0.350000
 ***************************************************************
  ROW NUMBER           3  SECTION NUMBER            3
           0           0           0  IF_DESIGN etc 
   1.00000   0.00000    0
  0.094977  0.096291  0.097468  0.098524  0.099471  0.100319  0.101080  0.101762
  0.102374  0.102922  0.103414  0.103854  0.104249  0.104604  0.104921  0.105206
  0.105461  0.105690  0.105895  0.106079  0.106244  0.106409  0.106582  0.106762
  0.106952  0.107151  0.107360  0.107580  0.107812  0.108057  0.108314  0.108585
  0.108871  0.109172  0.109488  0.109821  0.110170  0.110537  0.110921  0.111325
  0.111749  0.112195  0.112663  0.113155  0.113672  0.114215  0.114788  0.115392
  0.116029  0.116708  0.117438  0.118220  0.119054  0.119937  0.120865  0.121835
  0.122831  0.123835  0.124844  0.125853  0.126858  0.127857  0.128848  0.129838
  0.130833  0.131829  0.132828  0.133826  0.134822  0.135813  0.136789  0.137745
  0.138680  0.139590  0.140474  0.141331  0.142160  0.142965  0.143746  0.144503
  0.145236  0.145945  0.146631  0.147293  0.147930  0.148544  0.149134  0.149701
  0.150243  0.150762  0.151256  0.151751  0.152274  0.152827  0.153412  0.154030
  0.154683  0.155373  0.156103  0.156875  0.157691  0.158553  0.159465  0.160428
  0.161447  0.162524
  1.000000  0.000000
  0.034474  0.032787  0.031276  0.029922  0.028707  0.027619  0.026642  0.025766
  0.024981  0.024278  0.023647  0.023081  0.022574  0.022119  0.021711  0.021346
  0.021018  0.020724  0.020461  0.020225  0.020013  0.020272  0.020228  0.020130
  0.019994  0.019821  0.019611  0.019369  0.019111  0.018838  0.018551  0.018249
  0.017932  0.017598  0.017248  0.016881  0.016497  0.016096  0.015677  0.015239
  0.014781  0.014303  0.013804  0.013283  0.012738  0.012170  0.011575  0.010953
  0.010301  0.009613  0.008879  0.008101  0.007279  0.006418  0.005523  0.004600
  0.003665  0.002732  0.001809  0.000897  0.000000 -0.000880 -0.001741 -0.002592
 -0.003434 -0.004268 -0.005091 -0.005904 -0.006703 -0.007487 -0.008250 -0.008988
 -0.009698 -0.010382 -0.011037 -0.011665 -0.012265 -0.012840 -0.013392 -0.013921
 -0.014427 -0.014912 -0.015376 -0.015819 -0.016241 -0.016644 -0.017028 -0.017393
 -0.017739 -0.018068 -0.018618 -0.018891 -0.019179 -0.019484 -0.019806 -0.020147
 -0.020507 -0.020887 -0.021290 -0.021715 -0.022165 -0.022640 -0.023143 -0.023674
 -0.024236 -0.024830
  1.000000
  0.000000  0.000000  0.000000  0.000000  0.000000  0.000000  0.000000  0.000000
  0.000000  0.000000  0.000000  0.000000  0.000000  0.000000  0.000000  0.000000
  0.000000  0.000000  0.000000  0.000000  0.000000  0.000867  0.001129  0.001304
  0.001441  0.001550  0.001633  0.001696  0.001755  0.001814  0.001872  0.001930
  0.001987  0.002045  0.002101  0.002158  0.002214  0.002269  0.002324  0.002378
  0.002431  0.002483  0.002534  0.002584  0.002632  0.002679  0.002724  0.002767
  0.002807  0.002845  0.002881  0.002912  0.002939  0.002961  0.002977  0.002985
  0.002986  0.002980  0.002966  0.002945  0.002917  0.002884  0.002844  0.002798
  0.002746  0.002688  0.002625  0.002556  0.002482  0.002403  0.002320  0.002235
  0.002147  0.002058  0.001968  0.001877  0.001785  0.001694  0.001602  0.001511
  0.001420  0.001331  0.001242  0.001154  0.001068  0.000984  0.000901  0.000821
  0.000743  0.000658  0.000000  0.000000  0.000000  0.000000  0.000000  0.000000
  0.000000  0.000000  0.000000  0.000000  0.000000  0.000000  0.000000  0.000000
  0.000000  0.000000
  1.000000  0.000000
  0.362251  0.362230  0.362218  0.362211  0.362205  0.362201  0.362191  0.362180
  0.362170  0.362161  0.362153  0.362145  0.362137  0.362130  0.362124  0.362119
  0.362113  0.362109  0.362104  0.362101  0.362097  0.362092  0.362087  0.362082
  0.362077  0.362071  0.362064  0.362057  0.362050  0.362042  0.362033  0.362024
  0.362014  0.362003  0.361991  0.361979  0.361966  0.361951  0.361936  0.361919
  0.361901  0.361881  0.361861  0.361838  0.361814  0.361788  0.361760  0.361730
  0.361697  0.361662  0.361623  0.361580  0.361533  0.361483  0.361429  0.361371
  0.361311  0.361250  0.361187  0.361124  0.361061  0.360998  0.360936  0.360873
  0.360810  0.360748  0.360686  0.360624  0.360563  0.360504  0.360446  0.360390
  0.360337  0.360286  0.360238  0.360193  0.360150  0.360110  0.360072  0.360037
  0.360004  0.359973  0.359944  0.359918  0.359893  0.359871  0.359850  0.359831
  0.359814  0.359798  0.359784  0.359774  0.359763  0.359752  0.359741  0.359729
  0.359717  0.359705  0.359693  0.359681  0.359669  0.359657  0.359645  0.359632
  0.359620  0.359608
 ***************************************************************
 ************STARTING THE INPUT FOR EACH BLADE ROW**************
  BLADE ROW NUMBER =        4                                           
    NUMBER OF BLADES IN ROW 
        47
        JM        JLE       JTE 
       111        21        91
      KTIPSTART  KTIPEND 
         0         0
       BOUNDARY LAYER TRANSITION POINTS 
         0         0         0         0
  SET NEWGRID= 1 TO GENERATE A NEW GRID WITH DIFFERENT "J" POINTS AND SPACINGS.
         0
   RPMROW,    RPMHUB 
       0.0       0.0
       JROTHS    JROTHE    JROTTS    JROTTE 
         1         1         1         1
   PUPROW    PLEROW   PTEROW    PDROW 
  192209.3  192209.3  263326.9  263326.9
      NSECS_ROW   INSURF  
         3         0
  IF_CUSP_OUT   IFANGLES 
         1         0
         0         3         0
 ***************************************************************
  ROW NUMBER           4  SECTION NUMBER            1
           0           0           0  IF_DESIGN etc 
   1.00000   0.00000    0
  0.151240  0.152552  0.153728  0.154783  0.155729  0.156577  0.157337  0.158018
  0.158629  0.159177  0.159668  0.160109  0.160504  0.160858  0.161175  0.161459
  0.161715  0.161943  0.162148  0.162332  0.162497  0.162662  0.162834  0.163015
  0.163204  0.163403  0.163612  0.163833  0.164064  0.164309  0.164566  0.164837
  0.165123  0.165423  0.165740  0.166072  0.166422  0.166788  0.167173  0.167576
  0.168000  0.168446  0.168914  0.169406  0.169922  0.170466  0.171038  0.171642
  0.172280  0.172959  0.173689  0.174471  0.175305  0.176188  0.177117  0.178087
  0.179082  0.180087  0.181096  0.182105  0.183110  0.184109  0.185101  0.186092
  0.187086  0.188083  0.189082  0.190081  0.191077  0.192067  0.193044  0.194000
  0.194935  0.195845  0.196729  0.197586  0.198415  0.199219  0.200000  0.200757
  0.201490  0.202199  0.202884  0.203546  0.204183  0.204797  0.205387  0.205953
  0.206495  0.207013  0.207507  0.208001  0.208535  0.209111  0.209734  0.210405
  0.211130  0.211913  0.212758  0.213670  0.214655  0.215718  0.216865  0.218105
  0.219442  0.220886  0.222445  0.224128  0.225945  0.227906  0.230023
  1.000000  0.000000
 -0.036656 -0.035027 -0.033567 -0.032257 -0.031083 -0.030030 -0.029086 -0.028240
 -0.027481 -0.026800 -0.026190 -0.025643 -0.025152 -0.024713 -0.024318 -0.023965
 -0.023648 -0.023364 -0.023109 -0.022881 -0.022676 -0.022165 -0.021884 -0.021632
 -0.021384 -0.021125 -0.020855 -0.020572 -0.020276 -0.019966 -0.019642 -0.019303
 -0.018949 -0.018579 -0.018192 -0.017788 -0.017369 -0.016932 -0.016478 -0.016007
 -0.015516 -0.015006 -0.014476 -0.013926 -0.013355 -0.012761 -0.012144 -0.011501
 -0.010832 -0.010131 -0.009387 -0.008604 -0.007784 -0.006932 -0.006054 -0.005155
 -0.004254 -0.003364 -0.002491 -0.001638 -0.000806  0.000000  0.000782  0.001545
  0.002292  0.003023  0.003737  0.004433  0.005109  0.005764  0.006393  0.006993
  0.007563  0.008104  0.008616  0.009099  0.009555  0.009986  0.010393  0.010779
  0.011143  0.011486  0.011810  0.012115  0.012403  0.012673  0.012926  0.013164
  0.013387  0.013589  0.013449  0.013689  0.013948  0.014228  0.014530  0.014857
  0.015209  0.015589  0.015999  0.016442  0.016920  0.017436  0.017993  0.018595
  0.019244  0.019945  0.020702  0.021519  0.022401  0.023352  0.024380
  1.000000
  0.000000  0.000000  0.000000  0.000000  0.000000  0.000000  0.000000  0.000000
  0.000000  0.000000  0.000000  0.000000  0.000000  0.000000  0.000000  0.000000
  0.000000  0.000000  0.000000  0.000000  0.000000  0.000701  0.000944  0.001097
  0.001202  0.001277  0.001326  0.001363  0.001399  0.001437  0.001476  0.001517
  0.001559  0.001602  0.001648  0.001694  0.001742  0.001792  0.001842  0.001894
  0.001947  0.002001  0.002056  0.002112  0.002169  0.002227  0.002285  0.002343
  0.002402  0.002461  0.002520  0.002578  0.002635  0.002689  0.002740  0.002785
  0.002824  0.002854  0.002877  0.002892  0.002900  0.002898  0.002889  0.002872
  0.002847  0.002813  0.002772  0.002723  0.002665  0.002601  0.002529  0.002452
  0.002369  0.002281  0.002190  0.002096  0.001999  0.001900  0.001798  0.001696
  0.001592  0.001487  0.001382  0.001277  0.001173  0.001069  0.000967  0.000866
  0.000767  0.000663  0.000000  0.000000  0.000000  0.000000  0.000000  0.000000
  0.000000  0.000000  0.000000  0.000000  0.000000  0.000000  0.000000  0.000000
  0.000000  0.000000  0.000000  0.000000  0.000000  0.000000  0.000000
  1.000000  0.000000
  0.340216  0.340243  0.340265  0.340284  0.340301  0.340314  0.340326  0.340336
  0.340344  0.340352  0.340358  0.340364  0.340368  0.340373  0.340377  0.340380
  0.340383  0.340386  0.340388  0.340390  0.340392  0.340395  0.340398  0.340401
  0.340405  0.340409  0.340413  0.340417  0.340422  0.340427  0.340432  0.340438
  0.340444  0.340451  0.340458  0.340465  0.340474  0.340482  0.340492  0.340502
  0.340512  0.340524  0.340536  0.340550  0.340564  0.340579  0.340596  0.340614
  0.340633  0.340654  0.340677  0.340702  0.340729  0.340759  0.340791  0.340825
  0.340860  0.340896  0.340933  0.340971  0.341008  0.341046  0.341084  0.341121
  0.341160  0.341198  0.341236  0.341275  0.341313  0.341351  0.341388  0.341423
  0.341458  0.341492  0.341524  0.341555  0.341585  0.341613  0.341640  0.341665
  0.341690  0.341713  0.341735  0.341756  0.341776  0.341794  0.341812  0.341829
  0.341844  0.341859  0.341872  0.341879  0.341887  0.341895  0.341903  0.341912
  0.341922  0.341931  0.341941  0.341952  0.341962  0.341973  0.341984  0.341995
  0.342006  0.342017  0.342028  0.342038  0.342048  0.342057  0.342064
 ***************************************************************
  ROW NUMBER           4  SECTION NUMBER            2
           0           0           0  IF_DESIGN etc 
   1.00000   0.00000    0
  0.151245  0.152557  0.153733  0.154787  0.155732  0.156580  0.157340  0.158021
  0.158632  0.159179  0.159670  0.160110  0.160505  0.160859  0.161176  0.161460
  0.161715  0.161944  0.162149  0.162333  0.162497  0.162662  0.162834  0.163015
  0.163204  0.163403  0.163612  0.163833  0.164064  0.164309  0.164566  0.164837
  0.165122  0.165423  0.165739  0.166072  0.166421  0.166787  0.167172  0.167575
  0.167999  0.168445  0.168913  0.169404  0.169921  0.170465  0.171037  0.171641
  0.172278  0.172957  0.173688  0.174470  0.175303  0.176186  0.177115  0.178085
  0.179081  0.180086  0.181095  0.182104  0.183109  0.184108  0.185100  0.186091
  0.187085  0.188083  0.189082  0.190080  0.191076  0.192067  0.193044  0.194000
  0.194935  0.195845  0.196729  0.197586  0.198415  0.199220  0.200001  0.200758
  0.201491  0.202200  0.202885  0.203546  0.204184  0.204798  0.205387  0.205953
  0.206495  0.207013  0.207507  0.208002  0.208535  0.209111  0.209733  0.210404
  0.211129  0.211911  0.212756  0.213668  0.214652  0.215715  0.216862  0.218100
  0.219437  0.220880  0.222438  0.224120  0.225936  0.227896  0.230013
  1.000000  0.000000
 -0.035695 -0.034109 -0.032688 -0.031413 -0.030270 -0.029246 -0.028328 -0.027504
 -0.026766 -0.026104 -0.025511 -0.024979 -0.024502 -0.024074 -0.023690 -0.023347
 -0.023038 -0.022762 -0.022514 -0.022292 -0.022093 -0.021591 -0.021316 -0.021070
 -0.020828 -0.020577 -0.020314 -0.020038 -0.019750 -0.019448 -0.019133 -0.018803
 -0.018457 -0.018097 -0.017720 -0.017327 -0.016918 -0.016493 -0.016051 -0.015591
 -0.015114 -0.014617 -0.014101 -0.013565 -0.013008 -0.012430 -0.011828 -0.011202
 -0.010551 -0.009867 -0.009143 -0.008380 -0.007581 -0.006751 -0.005895 -0.005020
 -0.004142 -0.003275 -0.002424 -0.001594 -0.000785  0.000000  0.000761  0.001504
  0.002231  0.002943  0.003638  0.004315  0.004973  0.005610  0.006221  0.006805
  0.007359  0.007885  0.008383  0.008852  0.009295  0.009714  0.010111  0.010485
  0.010839  0.011173  0.011487  0.011784  0.012063  0.012325  0.012572  0.012803
  0.013019  0.013215  0.013073  0.013307  0.013560  0.013833  0.014128  0.014446
  0.014790  0.015161  0.015561  0.015993  0.016460  0.016964  0.017508  0.018095
  0.018729  0.019413  0.020152  0.020949  0.021810  0.022739  0.023742
  1.000000
  0.000000  0.000000  0.000000  0.000000  0.000000  0.000000  0.000000  0.000000
  0.000000  0.000000  0.000000  0.000000  0.000000  0.000000  0.000000  0.000000
  0.000000  0.000000  0.000000  0.000000  0.000000  0.000694  0.000935  0.001087
  0.001190  0.001264  0.001312  0.001349  0.001385  0.001422  0.001460  0.001501
  0.001542  0.001585  0.001630  0.001676  0.001724  0.001772  0.001823  0.001874
  0.001926  0.001980  0.002035  0.002090  0.002146  0.002203  0.002261  0.002318
  0.002376  0.002434  0.002493  0.002551  0.002607  0.002661  0.002711  0.002755
  0.002794  0.002825  0.002848  0.002862  0.002869  0.002868  0.002858  0.002841
  0.002816  0.002783  0.002742  0.002693  0.002637  0.002573  0.002502  0.002425
  0.002344  0.002257  0.002167  0.002074  0.001978  0.001879  0.001779  0.001678
  0.001575  0.001471  0.001367  0.001264  0.001160  0.001058  0.000957  0.000857
  0.000759  0.000657  0.000000  0.000000  0.000000  0.000000  0.000000  0.000000
  0.000000  0.000000  0.000000  0.000000  0.000000  0.000000  0.000000  0.000000
  0.000000  0.000000  0.000000  0.000000  0.000000  0.000000  0.000000
  1.000000  0.000000
  0.350000  0.350000  0.350000  0.350000  0.350000  0.350000  0.350000  0.350000
  0.350000  0.350000  0.350000  0.350000  0.350000  0.350000  0.350000  0.350000
  0.350000  0.350000  0.350000  0.350000  0.350000  0.350000  0.350000  0.350000
  0.350000  0.350000  0.350000  0.350000  0.350000  0.350000  0.350000  0.350000
  0.350000  0.350000  0.350000  0.350000  0.350000  0.350000  0.350000  0.350000
  0.350000  0.350000  0.350000  0.350000  0.350000  0.350000  0.350000  0.350000
  0.350000  0.350000  0.350000  0.350000  0.350000  0.350000  0.350000  0.350000
  0.350000  0.350000  0.350000  0.350000  0.350000  0.350000  0.350000  0.350000
  0.350000  0.350000  0.350000  0.350000  0.350000  0.350000  0.350000  0.350000
  0.350000  0.350000  0.350000  0.350000  0.350000  0.350000  0.350000  0.350000
  0.350000  0.350000  0.350000  0.350000  0.350000  0.350000  0.350000  0.350000
  0.350000  0.350000  0.350000  0.350000  0.350000  0.350000  0.350000  0.350000
  0.350000  0.350000  0.350000  0.350000  0.350000  0.350000  0.350000  0.350000
  0.350000  0.350000  0.350000  0.350000  0.350000  0.350000  0.350000
 ***************************************************************
  ROW NUMBER           4  SECTION NUMBER            3
           0           0           0  IF_DESIGN etc 
   1.00000   0.00000    0
  0.151241  0.152553  0.153730  0.154784  0.155730  0.156578  0.157338  0.158020
  0.158631  0.159179  0.159670  0.160110  0.160505  0.160859  0.161176  0.161461
  0.161716  0.161945  0.162150  0.162334  0.162498  0.162663  0.162835  0.163016
  0.163205  0.163404  0.163614  0.163834  0.164066  0.164310  0.164567  0.164838
  0.165124  0.165425  0.165741  0.166074  0.166423  0.166789  0.167174  0.167578
  0.168002  0.168447  0.168915  0.169407  0.169924  0.170467  0.171040  0.171644
  0.172281  0.172960  0.173690  0.174473  0.175306  0.176189  0.177118  0.178088
  0.179084  0.180089  0.181098  0.182107  0.183112  0.184111  0.185102  0.186093
  0.187087  0.188085  0.189083  0.190082  0.191078  0.192068  0.193045  0.194002
  0.194936  0.195846  0.196730  0.197587  0.198416  0.199221  0.200002  0.200758
  0.201491  0.202200  0.202886  0.203547  0.204185  0.204798  0.205388  0.205954
  0.206496  0.207014  0.207508  0.208003  0.208537  0.209113  0.209735  0.210406
  0.211131  0.211914  0.212759  0.213671  0.214656  0.215719  0.216867  0.218106
  0.219443  0.220887  0.222446  0.224129  0.225946  0.227907  0.230025
  1.000000  0.000000
 -0.034820 -0.033274 -0.031888 -0.030646 -0.029532 -0.028533 -0.027638 -0.026836
 -0.026116 -0.025471 -0.024893 -0.024375 -0.023910 -0.023493 -0.023120 -0.022785
 -0.022485 -0.022216 -0.021974 -0.021758 -0.021564 -0.021069 -0.020800 -0.020560
 -0.020324 -0.020078 -0.019821 -0.019553 -0.019272 -0.018977 -0.018669 -0.018347
 -0.018010 -0.017658 -0.017291 -0.016907 -0.016508 -0.016094 -0.015662 -0.015214
 -0.014748 -0.014263 -0.013759 -0.013235 -0.012692 -0.012127 -0.011540 -0.010929
 -0.010293 -0.009626 -0.008919 -0.008175 -0.007396 -0.006585 -0.005750 -0.004897
 -0.004040 -0.003194 -0.002365 -0.001554 -0.000766  0.000000  0.000742  0.001467
  0.002176  0.002870  0.003547  0.004207  0.004848  0.005469  0.006065  0.006633
  0.007173  0.007686  0.008170  0.008628  0.009059  0.009467  0.009853  0.010217
  0.010562  0.010887  0.011193  0.011482  0.011753  0.012008  0.012248  0.012473
  0.012684  0.012875  0.012729  0.012958  0.013206  0.013473  0.013761  0.014072
  0.014408  0.014770  0.015162  0.015584  0.016040  0.016533  0.017064  0.017638
  0.018258  0.018927  0.019649  0.020429  0.021271  0.022179  0.023161
  1.000000
  0.000000  0.000000  0.000000  0.000000  0.000000  0.000000  0.000000  0.000000
  0.000000  0.000000  0.000000  0.000000  0.000000  0.000000  0.000000  0.000000
  0.000000  0.000000  0.000000  0.000000  0.000000  0.000689  0.000927  0.001078
  0.001180  0.001253  0.001301  0.001337  0.001372  0.001409  0.001447  0.001487
  0.001528  0.001571  0.001615  0.001661  0.001708  0.001757  0.001806  0.001857
  0.001909  0.001962  0.002016  0.002072  0.002128  0.002184  0.002241  0.002298
  0.002356  0.002413  0.002471  0.002529  0.002585  0.002638  0.002687  0.002731
  0.002769  0.002800  0.002823  0.002837  0.002843  0.002842  0.002833  0.002816
  0.002791  0.002758  0.002718  0.002669  0.002613  0.002550  0.002479  0.002403
  0.002322  0.002237  0.002147  0.002055  0.001960  0.001863  0.001763  0.001662
  0.001561  0.001458  0.001355  0.001252  0.001150  0.001048  0.000948  0.000849
  0.000752  0.000651  0.000000  0.000000  0.000000  0.000000  0.000000  0.000000
  0.000000  0.000000  0.000000  0.000000  0.000000  0.000000  0.000000  0.000000
  0.000000  0.000000  0.000000  0.000000  0.000000  0.000000  0.000000
  1.000000  0.000000
  0.359784  0.359757  0.359735  0.359716  0.359699  0.359686  0.359674  0.359664
  0.359656  0.359648  0.359642  0.359636  0.359631  0.359627  0.359623  0.359620
  0.359617  0.359614  0.359612  0.359610  0.359608  0.359605  0.359602  0.359599
  0.359595  0.359591  0.359587  0.359583  0.359578  0.359573  0.359568  0.359562
  0.359556  0.359549  0.359542  0.359535  0.359526  0.359518  0.359508  0.359498
  0.359487  0.359476  0.359464  0.359450  0.359436  0.359421  0.359404  0.359386
  0.359367  0.359346  0.359323  0.359298  0.359270  0.359241  0.359209  0.359175
  0.359140  0.359104  0.359067  0.359029  0.358992  0.358954  0.358916  0.358879
  0.358840  0.358802  0.358764  0.358725  0.358687  0.358649  0.358612  0.358576
  0.358542  0.358508  0.358476  0.358445  0.358415  0.358387  0.358360  0.358335
  0.358310  0.358287  0.358265  0.358244  0.358224  0.358205  0.358188  0.358171
  0.358156  0.358142  0.358128  0.358121  0.358113  0.358105  0.358097  0.358088
  0.358078  0.358069  0.358059  0.358048  0.358038  0.358027  0.358016  0.358005
  0.357994  0.357983  0.357972  0.357962  0.357952  0.357943  0.357936
  STARTING INLET BOUNDARY CONDITION DATA .
  NUMBER OF POINTS FOR INLET BOUNDARY CONDITIONS 
        37
  SPACING OF INLET BOUNDARY CONDITION POINTS 
  1.000000  1.250000  1.562500  1.953125  2.441406  3.051758  3.814697  4.768372
  5.960464  7.450581  9.313226 11.641532 14.551915 18.189894 20.000000 20.000000
 20.000000 20.000000 20.000000 20.000000 20.000000 20.000000 18.189894 14.551915
 11.641532  9.313226  7.450581  5.960464  4.768372  3.814697  3.051758  2.441406
  1.953125  1.562500  1.250000  1.000000
   INLET STAGNATION PRESSURES 
  100000.0  100000.0  100000.0  100000.0  100000.0  100000.0  100000.0  100000.0
  100000.0  100000.0  100000.0  100000.0  100000.0  100000.0  100000.0  100000.0
  100000.0  100000.0  100000.0  100000.0  100000.0  100000.0  100000.0  100000.0
  100000.0  100000.0  100000.0  100000.0  100000.0  100000.0  100000.0  100000.0
  100000.0  100000.0  100000.0  100000.0  100000.0
   INLET STAGNATION TEMPERATURES 
  300.0000  300.0000  300.0000  300.0000  300.0000  300.0000  300.0000  300.0000
  300.0000  300.0000  300.0000  300.0000  300.0000  300.0000  300.0000  300.0000
  300.0000  300.0000  300.0000  300.0000  300.0000  300.0000  300.0000  300.0000
  300.0000  300.0000  300.0000  300.0000  300.0000  300.0000  300.0000  300.0000
  300.0000  300.0000  300.0000  300.0000  300.0000
   INLET ABSOLUTE TANGENTIAL VELOCITY 
    0.0000    0.0000    0.0000    0.0000    0.0000    0.0000    0.0000    0.0000
    0.0000    0.0000    0.0000    0.0000    0.0000    0.0000    0.0000    0.0000
    0.0000    0.0000    0.0000    0.0000    0.0000    0.0000    0.0000    0.0000
    0.0000    0.0000    0.0000    0.0000    0.0000    0.0000    0.0000    0.0000
    0.0000    0.0000    0.0000    0.0000    0.0000
   INLET MERIDIONAL VELOCITY 
  263.8936  263.8936  263.8936  263.8936  263.8936  263.8935  263.8936  263.8936
  263.8936  263.8936  263.8936  263.8936  263.8936  263.8936  263.8936  263.8936
  263.8936  263.8936  263.8936  263.8936  263.8936  263.8936  263.8936  263.8936
  263.8936  263.8936  263.8936  263.8936  263.8936  263.8936  263.8936  263.8936
  263.8936  263.8936  263.8936  263.8936  263.8936
   INLET MERIDIONAL YAW ANGLE  
   26.5651   26.5651   26.5651   26.5651   26.5651   26.5651   26.5651   26.5651
   26.5651   26.5651   26.5651   26.5651   26.5651   26.5651   26.5651   26.5651
   26.5651   26.5651   26.5651   26.5651   26.5651   26.5651   26.5651   26.5651
   26.5651   26.5651   26.5651   26.5651   26.5651   26.5651   26.5651   26.5651
   26.5651   26.5651   26.5651   26.5651   26.5651
   INLET PITCH ANGLE 
   -0.0211   -0.0210   -0.0208   -0.0206   -0.0203   -0.0200   -0.0197   -0.0192
   -0.0186   -0.0178   -0.0169   -0.0157   -0.0142   -0.0124   -0.0101   -0.0076
   -0.0050   -0.0025   -0.0000    0.0025    0.0050    0.0076    0.0101    0.0124
    0.0142    0.0157    0.0169    0.0178    0.0186    0.0192    0.0197    0.0200
    0.0203    0.0206    0.0208    0.0210    0.0211
   PDOWN_HUB   PDOWN_TIP 
  263326.9  263326.9
 MIXING LENGTH LIMITS ON ALL BLADE ROWS
  0.050000  0.050000  0.050000  0.050000  0.050000  0.030000
  0.050000  0.050000  0.050000  0.050000  0.050000  0.030000
  0.050000  0.050000  0.050000  0.050000  0.050000  0.030000
  0.050000  0.050000  0.050000  0.050000  0.050000  0.030000
  FACTOR TO INCREASE THE TURBULENT VISCOSITY OVER THE FIRST NMIXUP STEPS 
   2.00000 1000
