    3D DATASET FOR MULTALL, GENERATED BY STAGEN  
   37    0   37    0 9000    0    0    3    6    1    2   37   10   10 1000
    0    2    1    3    0    1    0   10    5    0    1    0
    3    3    3    9    9    9    1    3    1
  BLADE ROW NUMBER =        1                                           
   82   19   71  152    0    0    1    1    1    1    0    0    0    0    0    0
       0.0 1220456.5 1220456.5 1141119.4 1141119.4   0.00000       0.0
  1.000000
 -0.004031 -0.003390 -0.002846 -0.002384 -0.001992 -0.001659 -0.001376 -0.001136
 -0.000932 -0.000759 -0.000612 -0.000488 -0.000382 -0.000292 -0.000215 -0.000151
 -0.000095 -0.000049 -0.000009  0.000031  0.000073  0.000118  0.000166  0.000217
  0.000272  0.000331  0.000394  0.000462  0.000535  0.000613  0.000697  0.000786
  0.000881  0.000982  0.001091  0.001207  0.001331  0.001464  0.001607  0.001760
  0.001928  0.002113  0.002315  0.002532  0.002763  0.003002  0.003244  0.003487
  0.003727  0.003966  0.004204  0.004443  0.004683  0.004922  0.005161  0.005397
  0.005626  0.005849  0.006063  0.006268  0.006464  0.006653  0.006834  0.007007
  0.007173  0.007330  0.007480  0.007623  0.007757  0.007884  0.008003  0.008122
  0.008251  0.008391  0.008542  0.008705  0.008883  0.009074  0.009282  0.009507
  0.009750  0.010013
  1.000000
 -0.002422 -0.002359 -0.002306 -0.002261 -0.002223 -0.002190 -0.002162 -0.002139
 -0.002119 -0.002102 -0.002088 -0.002075 -0.002065 -0.002056 -0.002049 -0.002042
 -0.002037 -0.002032 -0.002029 -0.001889 -0.001853 -0.001837 -0.001825 -0.001811
 -0.001797 -0.001781 -0.001763 -0.001744 -0.001723 -0.001700 -0.001675 -0.001647
 -0.001616 -0.001583 -0.001546 -0.001505 -0.001460 -0.001410 -0.001354 -0.001292
 -0.001222 -0.001141 -0.001050 -0.000946 -0.000832 -0.000707 -0.000576 -0.000439
 -0.000297 -0.000151  0.000000  0.000157  0.000320  0.000489  0.000663  0.000839
  0.001016  0.001192  0.001367  0.001538  0.001705  0.001870  0.002030  0.002187
  0.002340  0.002488  0.002631  0.002768  0.002900  0.002956  0.002820  0.002957
  0.003104  0.003264  0.003437  0.003625  0.003827  0.004047  0.004285  0.004542
  0.004820  0.005122
  1.000000
  0.000000  0.000000  0.000000  0.000000  0.000000  0.000000  0.000000  0.000000
  0.000000  0.000000  0.000000  0.000000  0.000000  0.000000  0.000000  0.000000
  0.000000  0.000000  0.000000  0.000289  0.000371  0.000407  0.000425  0.000439
  0.000454  0.000469  0.000485  0.000503  0.000521  0.000540  0.000559  0.000580
  0.000601  0.000623  0.000646  0.000669  0.000693  0.000718  0.000743  0.000768
  0.000793  0.000819  0.000844  0.000868  0.000890  0.000909  0.000924  0.000934
  0.000941  0.000943  0.000941  0.000935  0.000925  0.000911  0.000893  0.000871
  0.000846  0.000818  0.000788  0.000756  0.000722  0.000688  0.000652  0.000616
  0.000579  0.000542  0.000506  0.000470  0.000434  0.000330  0.000000  0.000000
  0.000000  0.000000  0.000000  0.000000  0.000000  0.000000  0.000000  0.000000
  0.000000  0.000000
  1.000000
  0.184821  0.184802  0.184785  0.184768  0.184753  0.184740  0.184728  0.184717
  0.184707  0.184699  0.184692  0.184685  0.184680  0.184675  0.184671  0.184668
  0.184665  0.184662  0.184660  0.184657  0.184653  0.184649  0.184645  0.184641
  0.184636  0.184631  0.184625  0.184619  0.184612  0.184605  0.184597  0.184589
  0.184580  0.184570  0.184560  0.184548  0.184536  0.184522  0.184508  0.184492
  0.184474  0.184454  0.184433  0.184409  0.184384  0.184358  0.184331  0.184304
  0.184278  0.184252  0.184226  0.184200  0.184174  0.184149  0.184124  0.184100
  0.184077  0.184055  0.184035  0.184016  0.183998  0.183981  0.183966  0.183952
  0.183939  0.183927  0.183916  0.183906  0.183897  0.183888  0.183881  0.183875
  0.183868  0.183861  0.183854  0.183846  0.183837  0.183827  0.183817  0.183806
  0.183794  0.183781
  1.000000
 -0.004015 -0.003377 -0.002835 -0.002375 -0.001985 -0.001653 -0.001371 -0.001132
 -0.000929 -0.000757 -0.000610 -0.000486 -0.000381 -0.000291 -0.000215 -0.000150
 -0.000095 -0.000049 -0.000009  0.000030  0.000072  0.000117  0.000165  0.000216
  0.000272  0.000331  0.000394  0.000462  0.000535  0.000613  0.000696  0.000785
  0.000880  0.000982  0.001090  0.001206  0.001330  0.001463  0.001606  0.001760
  0.001928  0.002113  0.002314  0.002532  0.002763  0.003003  0.003245  0.003487
  0.003728  0.003967  0.004205  0.004444  0.004684  0.004924  0.005163  0.005399
  0.005628  0.005850  0.006064  0.006269  0.006466  0.006654  0.006835  0.007008
  0.007173  0.007331  0.007480  0.007622  0.007757  0.007883  0.008002  0.008121
  0.008249  0.008388  0.008539  0.008702  0.008878  0.009069  0.009276  0.009500
  0.009742  0.010005
  1.000000
 -0.002243 -0.002186 -0.002137 -0.002096 -0.002061 -0.002031 -0.002006 -0.001984
 -0.001966 -0.001951 -0.001938 -0.001926 -0.001917 -0.001909 -0.001902 -0.001896
 -0.001891 -0.001887 -0.001884 -0.001747 -0.001711 -0.001695 -0.001684 -0.001671
 -0.001657 -0.001642 -0.001626 -0.001608 -0.001588 -0.001566 -0.001543 -0.001517
 -0.001488 -0.001457 -0.001422 -0.001384 -0.001342 -0.001296 -0.001244 -0.001187
 -0.001122 -0.001047 -0.000963 -0.000868 -0.000762 -0.000648 -0.000528 -0.000402
 -0.000272 -0.000138  0.000000  0.000144  0.000293  0.000447  0.000605  0.000766
  0.000927  0.001088  0.001246  0.001402  0.001555  0.001704  0.001850  0.001993
  0.002132  0.002266  0.002396  0.002520  0.002640  0.002688  0.002546  0.002671
  0.002806  0.002953  0.003111  0.003283  0.003468  0.003669  0.003887  0.004123
  0.004378  0.004654
  1.000000
  0.000000  0.000000  0.000000  0.000000  0.000000  0.000000  0.000000  0.000000
  0.000000  0.000000  0.000000  0.000000  0.000000  0.000000  0.000000  0.000000
  0.000000  0.000000  0.000000  0.000283  0.000362  0.000397  0.000414  0.000428
  0.000442  0.000457  0.000473  0.000489  0.000507  0.000525  0.000545  0.000565
  0.000585  0.000607  0.000629  0.000652  0.000675  0.000699  0.000723  0.000747
  0.000772  0.000798  0.000822  0.000845  0.000867  0.000885  0.000899  0.000910
  0.000916  0.000918  0.000916  0.000911  0.000901  0.000887  0.000869  0.000848
  0.000824  0.000796  0.000767  0.000736  0.000704  0.000670  0.000635  0.000600
  0.000564  0.000528  0.000493  0.000458  0.000423  0.000324  0.000000  0.000000
  0.000000  0.000000  0.000000  0.000000  0.000000  0.000000  0.000000  0.000000
  0.000000  0.000000
  1.000000
  0.200000  0.200000  0.200000  0.200000  0.200000  0.200000  0.200000  0.200000
  0.200000  0.200000  0.200000  0.200000  0.200000  0.200000  0.200000  0.200000
  0.200000  0.200000  0.200000  0.200000  0.200000  0.200000  0.200000  0.200000
  0.200000  0.200000  0.200000  0.200000  0.200000  0.200000  0.200000  0.200000
  0.200000  0.200000  0.200000  0.200000  0.200000  0.200000  0.200000  0.200000
  0.200000  0.200000  0.200000  0.200000  0.200000  0.200000  0.200000  0.200000
  0.200000  0.200000  0.200000  0.200000  0.200000  0.200000  0.200000  0.200000
  0.200000  0.200000  0.200000  0.200000  0.200000  0.200000  0.200000  0.200000
  0.200000  0.200000  0.200000  0.200000  0.200000  0.200000  0.200000  0.200000
  0.200000  0.200000  0.200000  0.200000  0.200000  0.200000  0.200000  0.200000
  0.200000  0.200000
  1.000000
 -0.004030 -0.003390 -0.002846 -0.002384 -0.001992 -0.001659 -0.001376 -0.001136
 -0.000932 -0.000759 -0.000612 -0.000488 -0.000382 -0.000292 -0.000215 -0.000151
 -0.000096 -0.000049 -0.000009  0.000030  0.000073  0.000117  0.000165  0.000217
  0.000272  0.000331  0.000394  0.000462  0.000535  0.000613  0.000696  0.000785
  0.000881  0.000982  0.001091  0.001207  0.001331  0.001464  0.001606  0.001760
  0.001928  0.002113  0.002314  0.002531  0.002762  0.003002  0.003244  0.003486
  0.003727  0.003966  0.004203  0.004442  0.004682  0.004922  0.005160  0.005396
  0.005626  0.005848  0.006062  0.006267  0.006463  0.006652  0.006833  0.007006
  0.007172  0.007329  0.007479  0.007622  0.007756  0.007883  0.008002  0.008121
  0.008250  0.008389  0.008541  0.008704  0.008881  0.009073  0.009281  0.009505
  0.009748  0.010012
  1.000000
 -0.002112 -0.002058 -0.002013 -0.001975 -0.001942 -0.001914 -0.001891 -0.001871
 -0.001854 -0.001840 -0.001827 -0.001817 -0.001808 -0.001801 -0.001794 -0.001789
 -0.001784 -0.001781 -0.001777 -0.001641 -0.001606 -0.001590 -0.001579 -0.001567
 -0.001554 -0.001539 -0.001524 -0.001506 -0.001488 -0.001467 -0.001444 -0.001419
 -0.001392 -0.001363 -0.001330 -0.001294 -0.001254 -0.001211 -0.001162 -0.001108
 -0.001047 -0.000977 -0.000898 -0.000809 -0.000710 -0.000603 -0.000491 -0.000374
 -0.000253 -0.000128  0.000000  0.000133  0.000272  0.000415  0.000561  0.000711
  0.000860  0.001008  0.001155  0.001299  0.001440  0.001578  0.001713  0.001845
  0.001973  0.002097  0.002216  0.002331  0.002442  0.002484  0.002334  0.002450
  0.002576  0.002712  0.002860  0.003019  0.003192  0.003379  0.003582  0.003801
  0.004038  0.004295
  1.000000
  0.000000  0.000000  0.000000  0.000000  0.000000  0.000000  0.000000  0.000000
  0.000000  0.000000  0.000000  0.000000  0.000000  0.000000  0.000000  0.000000
  0.000000  0.000000  0.000000  0.000280  0.000358  0.000393  0.000409  0.000422
  0.000436  0.000451  0.000467  0.000483  0.000501  0.000519  0.000538  0.000557
  0.000578  0.000599  0.000621  0.000643  0.000666  0.000690  0.000713  0.000738
  0.000762  0.000787  0.000812  0.000835  0.000856  0.000873  0.000888  0.000898
  0.000904  0.000906  0.000904  0.000899  0.000889  0.000876  0.000858  0.000837
  0.000813  0.000786  0.000757  0.000727  0.000695  0.000661  0.000627  0.000592
  0.000557  0.000522  0.000487  0.000452  0.000418  0.000322  0.000000  0.000000
  0.000000  0.000000  0.000000  0.000000  0.000000  0.000000  0.000000  0.000000
  0.000000  0.000000
  1.000000
  0.215180  0.215199  0.215216  0.215232  0.215247  0.215261  0.215273  0.215284
  0.215293  0.215301  0.215309  0.215315  0.215320  0.215325  0.215329  0.215332
  0.215335  0.215338  0.215340  0.215343  0.215347  0.215351  0.215355  0.215359
  0.215364  0.215369  0.215375  0.215381  0.215388  0.215395  0.215403  0.215411
  0.215420  0.215430  0.215440  0.215452  0.215464  0.215478  0.215492  0.215508
  0.215526  0.215545  0.215567  0.215590  0.215616  0.215642  0.215669  0.215695
  0.215722  0.215748  0.215774  0.215800  0.215826  0.215851  0.215876  0.215900
  0.215923  0.215945  0.215965  0.215984  0.216002  0.216018  0.216034  0.216048
  0.216061  0.216073  0.216084  0.216094  0.216103  0.216111  0.216119  0.216125
  0.216132  0.216139  0.216146  0.216154  0.216163  0.216173  0.216183  0.216194
  0.216206  0.216219
  BLADE ROW NUMBER =        2                                           
   79   16   68  138    0    0    1    1    1    1    0    0    0    0    0    0
   12000.0 1141119.4 1141119.4 1065806.6 1065806.6   0.00000   12000.0
  1.000000
  0.007787  0.008126  0.008418  0.008671  0.008889  0.009077  0.009240  0.009381
  0.009502  0.009607  0.009698  0.009777  0.009844  0.009903  0.009953  0.009997
  0.010041  0.010087  0.010136  0.010189  0.010246  0.010307  0.010372  0.010441
  0.010516  0.010597  0.010683  0.010775  0.010873  0.010978  0.011089  0.011209
  0.011337  0.011474  0.011620  0.011777  0.011947  0.012132  0.012335  0.012557
  0.012797  0.013052  0.013315  0.013582  0.013849  0.014114  0.014377  0.014638
  0.014901  0.015165  0.015429  0.015692  0.015951  0.016203  0.016447  0.016682
  0.016908  0.017123  0.017330  0.017529  0.017719  0.017901  0.018074  0.018238
  0.018394  0.018542  0.018681  0.018811  0.018941  0.019082  0.019235  0.019400
  0.019579  0.019773  0.019983  0.020211  0.020458  0.020725  0.021015
  1.000000
  0.000123  0.000153  0.000178  0.000200  0.000219  0.000235  0.000249  0.000261
  0.000272  0.000281  0.000289  0.000295  0.000301  0.000306  0.000311  0.000314
  0.000471  0.000519  0.000543  0.000559  0.000575  0.000590  0.000604  0.000619
  0.000633  0.000646  0.000658  0.000670  0.000680  0.000689  0.000696  0.000701
  0.000704  0.000703  0.000699  0.000691  0.000677  0.000657  0.000629  0.000590
  0.000540  0.000478  0.000403  0.000318  0.000221  0.000115  0.000000 -0.000124
 -0.000259 -0.000404 -0.000558 -0.000721 -0.000892 -0.001067 -0.001245 -0.001423
 -0.001602 -0.001779 -0.001956 -0.002130 -0.002302 -0.002471 -0.002636 -0.002797
 -0.002953 -0.003103 -0.003248 -0.003443 -0.003569 -0.003705 -0.003852 -0.004011
 -0.004184 -0.004370 -0.004572 -0.004791 -0.005028 -0.005284 -0.005561
  1.000000
  0.000000  0.000000  0.000000  0.000000  0.000000  0.000000  0.000000  0.000000
  0.000000  0.000000  0.000000  0.000000  0.000000  0.000000  0.000000  0.000000
  0.000321  0.000424  0.000477  0.000505  0.000529  0.000553  0.000577  0.000600
  0.000623  0.000647  0.000670  0.000694  0.000717  0.000739  0.000762  0.000784
  0.000806  0.000827  0.000847  0.000867  0.000886  0.000904  0.000920  0.000934
  0.000946  0.000955  0.000960  0.000961  0.000958  0.000952  0.000942  0.000929
  0.000913  0.000894  0.000873  0.000848  0.000822  0.000794  0.000764  0.000734
  0.000703  0.000672  0.000640  0.000609  0.000578  0.000547  0.000516  0.000487
  0.000458  0.000430  0.000342  0.000000  0.000000  0.000000  0.000000  0.000000
  0.000000  0.000000  0.000000  0.000000  0.000000  0.000000  0.000000
  1.000000
  0.183895  0.183875  0.183860  0.183847  0.183836  0.183827  0.183819  0.183812
  0.183806  0.183801  0.183797  0.183793  0.183790  0.183787  0.183784  0.183782
  0.183779  0.183775  0.183772  0.183767  0.183763  0.183758  0.183752  0.183746
  0.183739  0.183732  0.183723  0.183714  0.183704  0.183693  0.183681  0.183668
  0.183653  0.183637  0.183619  0.183599  0.183578  0.183554  0.183526  0.183496
  0.183463  0.183428  0.183391  0.183353  0.183316  0.183280  0.183245  0.183211
  0.183178  0.183146  0.183116  0.183088  0.183063  0.183040  0.183021  0.183005
  0.182991  0.182980  0.182972  0.182967  0.182963  0.182962  0.182963  0.182965
  0.182969  0.182974  0.182980  0.182987  0.183004  0.183023  0.183042  0.183061
  0.183081  0.183101  0.183120  0.183136  0.183149  0.183158  0.183164
  1.000000
  0.007796  0.008133  0.008425  0.008677  0.008894  0.009082  0.009245  0.009385
  0.009506  0.009611  0.009701  0.009779  0.009847  0.009905  0.009956  0.009999
  0.010043  0.010089  0.010138  0.010191  0.010247  0.010308  0.010373  0.010443
  0.010517  0.010597  0.010683  0.010775  0.010873  0.010978  0.011089  0.011209
  0.011336  0.011473  0.011619  0.011776  0.011945  0.012130  0.012334  0.012556
  0.012795  0.013049  0.013313  0.013579  0.013846  0.014111  0.014374  0.014636
  0.014899  0.015163  0.015427  0.015690  0.015949  0.016202  0.016446  0.016681
  0.016907  0.017123  0.017330  0.017529  0.017720  0.017901  0.018075  0.018240
  0.018396  0.018543  0.018683  0.018813  0.018944  0.019085  0.019238  0.019404
  0.019583  0.019777  0.019988  0.020215  0.020462  0.020728  0.021017
  1.000000
  0.001119  0.001089  0.001062  0.001040  0.001020  0.001003  0.000989  0.000976
  0.000965  0.000956  0.000948  0.000941  0.000935  0.000929  0.000925  0.000921
  0.001094  0.001151  0.001181  0.001194  0.001201  0.001206  0.001210  0.001213
  0.001215  0.001215  0.001213  0.001210  0.001204  0.001196  0.001185  0.001171
  0.001153  0.001131  0.001104  0.001071  0.001031  0.000983  0.000923  0.000851
  0.000766  0.000666  0.000552  0.000428  0.000294  0.000151  0.000000 -0.000159
 -0.000329 -0.000508 -0.000697 -0.000893 -0.001096 -0.001302 -0.001509 -0.001716
 -0.001921 -0.002123 -0.002322 -0.002519 -0.002712 -0.002900 -0.003084 -0.003262
 -0.003433 -0.003599 -0.003757 -0.003951 -0.004089 -0.004238 -0.004399 -0.004573
 -0.004762 -0.004966 -0.005187 -0.005427 -0.005686 -0.005967 -0.006270
  1.000000
  0.000000  0.000000  0.000000  0.000000  0.000000  0.000000  0.000000  0.000000
  0.000000  0.000000  0.000000  0.000000  0.000000  0.000000  0.000000  0.000000
  0.000338  0.000445  0.000499  0.000531  0.000556  0.000581  0.000606  0.000631
  0.000656  0.000680  0.000705  0.000729  0.000753  0.000777  0.000801  0.000825
  0.000847  0.000870  0.000891  0.000912  0.000932  0.000950  0.000968  0.000983
  0.000995  0.001004  0.001009  0.001010  0.001007  0.001000  0.000990  0.000977
  0.000960  0.000941  0.000918  0.000892  0.000864  0.000834  0.000803  0.000771
  0.000739  0.000706  0.000673  0.000640  0.000607  0.000574  0.000542  0.000511
  0.000481  0.000451  0.000350  0.000000  0.000000  0.000000  0.000000  0.000000
  0.000000  0.000000  0.000000  0.000000  0.000000  0.000000  0.000000
  1.000000
  0.200000  0.200000  0.200000  0.200000  0.200000  0.200000  0.200000  0.200000
  0.200000  0.200000  0.200000  0.200000  0.200000  0.200000  0.200000  0.200000
  0.200000  0.200000  0.200000  0.200000  0.200000  0.200000  0.200000  0.200000
  0.200000  0.200000  0.200000  0.200000  0.200000  0.200000  0.200000  0.200000
  0.200000  0.200000  0.200000  0.200000  0.200000  0.200000  0.200000  0.200000
  0.200000  0.200000  0.200000  0.200000  0.200000  0.200000  0.200000  0.200000
  0.200000  0.200000  0.200000  0.200000  0.200000  0.200000  0.200000  0.200000
  0.200000  0.200000  0.200000  0.200000  0.200000  0.200000  0.200000  0.200000
  0.200000  0.200000  0.200000  0.200000  0.200000  0.200000  0.200000  0.200000
  0.200000  0.200000  0.200000  0.200000  0.200000  0.200000  0.200000
  1.000000
  0.007788  0.008127  0.008419  0.008672  0.008890  0.009078  0.009241  0.009382
  0.009503  0.009608  0.009699  0.009778  0.009845  0.009904  0.009954  0.009998
  0.010042  0.010088  0.010137  0.010190  0.010247  0.010307  0.010373  0.010442
  0.010517  0.010598  0.010684  0.010776  0.010874  0.010978  0.011090  0.011210
  0.011338  0.011475  0.011621  0.011778  0.011948  0.012133  0.012336  0.012558
  0.012798  0.013052  0.013316  0.013583  0.013849  0.014115  0.014378  0.014639
  0.014902  0.015166  0.015430  0.015692  0.015952  0.016204  0.016448  0.016683
  0.016909  0.017124  0.017331  0.017530  0.017720  0.017902  0.018075  0.018239
  0.018395  0.018543  0.018682  0.018812  0.018942  0.019083  0.019236  0.019401
  0.019580  0.019774  0.019984  0.020212  0.020459  0.020726  0.021016
  1.000000
  0.002051  0.001965  0.001892  0.001828  0.001773  0.001725  0.001684  0.001648
  0.001618  0.001591  0.001568  0.001548  0.001531  0.001517  0.001504  0.001493
  0.001676  0.001736  0.001772  0.001790  0.001792  0.001788  0.001783  0.001775
  0.001766  0.001754  0.001740  0.001723  0.001702  0.001679  0.001651  0.001620
  0.001583  0.001541  0.001492  0.001436  0.001371  0.001296  0.001207  0.001103
  0.000984  0.000848  0.000698  0.000536  0.000366  0.000187  0.000000 -0.000195
 -0.000399 -0.000613 -0.000835 -0.001066 -0.001301 -0.001539 -0.001776 -0.002011
 -0.002243 -0.002471 -0.002695 -0.002915 -0.003130 -0.003339 -0.003542 -0.003739
 -0.003928 -0.004109 -0.004282 -0.004494 -0.004644 -0.004807 -0.004983 -0.005174
 -0.005380 -0.005603 -0.005845 -0.006107 -0.006391 -0.006698 -0.007031
  1.000000
  0.000000  0.000000  0.000000  0.000000  0.000000  0.000000  0.000000  0.000000
  0.000000  0.000000  0.000000  0.000000  0.000000  0.000000  0.000000  0.000000
  0.000348  0.000449  0.000514  0.000560  0.000591  0.000618  0.000644  0.000671
  0.000697  0.000723  0.000749  0.000775  0.000801  0.000827  0.000852  0.000877
  0.000902  0.000925  0.000948  0.000970  0.000991  0.001011  0.001029  0.001046
  0.001059  0.001068  0.001074  0.001075  0.001071  0.001064  0.001053  0.001039
  0.001021  0.001000  0.000976  0.000949  0.000919  0.000887  0.000854  0.000820
  0.000786  0.000751  0.000715  0.000680  0.000645  0.000610  0.000576  0.000543
  0.000511  0.000479  0.000363  0.000000  0.000000  0.000000  0.000000  0.000000
  0.000000  0.000000  0.000000  0.000000  0.000000  0.000000  0.000000
  1.000000
  0.216105  0.216125  0.216140  0.216153  0.216164  0.216173  0.216181  0.216188
  0.216194  0.216199  0.216203  0.216207  0.216211  0.216213  0.216216  0.216218
  0.216221  0.216225  0.216229  0.216233  0.216237  0.216242  0.216248  0.216254
  0.216261  0.216268  0.216277  0.216286  0.216296  0.216307  0.216319  0.216332
  0.216347  0.216363  0.216381  0.216401  0.216422  0.216447  0.216474  0.216504
  0.216537  0.216573  0.216610  0.216647  0.216684  0.216720  0.216755  0.216789
  0.216822  0.216854  0.216884  0.216912  0.216937  0.216960  0.216979  0.216995
  0.217009  0.217020  0.217028  0.217033  0.217037  0.217038  0.217037  0.217035
  0.217031  0.217026  0.217020  0.217013  0.216995  0.216977  0.216958  0.216939
  0.216919  0.216899  0.216880  0.216864  0.216851  0.216842  0.216836
  BLADE ROW NUMBER =        3                                           
   79   16   68  138    0    0    1    1    1    1    0    0    0    0    0    0
       0.0 1065806.6 1065806.6  994127.1  994127.1   0.00000       0.0
  1.000000
  0.020581  0.020920  0.021213  0.021467  0.021685  0.021874  0.022037  0.022178
  0.022300  0.022405  0.022496  0.022574  0.022642  0.022701  0.022751  0.022795
  0.022839  0.022885  0.022934  0.022987  0.023044  0.023105  0.023170  0.023239
  0.023314  0.023395  0.023481  0.023572  0.023670  0.023775  0.023887  0.024006
  0.024134  0.024271  0.024417  0.024574  0.024743  0.024928  0.025131  0.025353
  0.025591  0.025846  0.026109  0.026375  0.026641  0.026905  0.027168  0.027429
  0.027691  0.027955  0.028218  0.028481  0.028740  0.028992  0.029236  0.029471
  0.029696  0.029912  0.030119  0.030318  0.030509  0.030691  0.030864  0.031029
  0.031186  0.031334  0.031473  0.031604  0.031735  0.031877  0.032031  0.032197
  0.032377  0.032572  0.032783  0.033012  0.033259  0.033527  0.033816
  1.000000
 -0.002469 -0.002436 -0.002407 -0.002382 -0.002361 -0.002342 -0.002326 -0.002312
 -0.002300 -0.002290 -0.002281 -0.002273 -0.002266 -0.002260 -0.002255 -0.002251
 -0.002097 -0.002058 -0.002040 -0.002026 -0.002012 -0.001995 -0.001978 -0.001958
 -0.001937 -0.001914 -0.001888 -0.001860 -0.001829 -0.001795 -0.001758 -0.001717
 -0.001672 -0.001622 -0.001566 -0.001504 -0.001436 -0.001357 -0.001268 -0.001166
 -0.001052 -0.000924 -0.000786 -0.000640 -0.000488 -0.000330 -0.000168  0.000000
  0.000175  0.000356  0.000544  0.000736  0.000933  0.001130  0.001326  0.001519
  0.001709  0.001896  0.002078  0.002257  0.002432  0.002601  0.002766  0.002925
  0.003077  0.003224  0.003286  0.003138  0.003290  0.003454  0.003632  0.003824
  0.004032  0.004258  0.004502  0.004766  0.005052  0.005361  0.005696
  1.000000
  0.000000  0.000000  0.000000  0.000000  0.000000  0.000000  0.000000  0.000000
  0.000000  0.000000  0.000000  0.000000  0.000000  0.000000  0.000000  0.000000
  0.000319  0.000409  0.000450  0.000469  0.000485  0.000501  0.000518  0.000536
  0.000555  0.000575  0.000596  0.000617  0.000640  0.000663  0.000688  0.000713
  0.000739  0.000765  0.000792  0.000820  0.000847  0.000876  0.000904  0.000932
  0.000958  0.000982  0.001003  0.001020  0.001031  0.001038  0.001041  0.001039
  0.001032  0.001021  0.001005  0.000985  0.000961  0.000933  0.000903  0.000869
  0.000834  0.000797  0.000759  0.000720  0.000680  0.000639  0.000599  0.000558
  0.000519  0.000479  0.000364  0.000000  0.000000  0.000000  0.000000  0.000000
  0.000000  0.000000  0.000000  0.000000  0.000000  0.000000  0.000000
  1.000000
  0.183154  0.183163  0.183165  0.183163  0.183159  0.183153  0.183147  0.183141
  0.183135  0.183129  0.183124  0.183119  0.183115  0.183111  0.183107  0.183104
  0.183101  0.183098  0.183095  0.183091  0.183087  0.183082  0.183077  0.183072
  0.183066  0.183060  0.183053  0.183045  0.183036  0.183027  0.183017  0.183005
  0.182993  0.182979  0.182964  0.182948  0.182929  0.182909  0.182886  0.182860
  0.182831  0.182800  0.182767  0.182733  0.182699  0.182665  0.182630  0.182596
  0.182562  0.182528  0.182494  0.182461  0.182429  0.182398  0.182369  0.182341
  0.182315  0.182292  0.182270  0.182249  0.182230  0.182213  0.182197  0.182183
  0.182170  0.182158  0.182147  0.182138  0.182131  0.182123  0.182115  0.182106
  0.182096  0.182086  0.182075  0.182062  0.182049  0.182034  0.182017
  1.000000
  0.020592  0.020930  0.021221  0.021473  0.021690  0.021878  0.022040  0.022181
  0.022302  0.022406  0.022497  0.022575  0.022642  0.022701  0.022751  0.022795
  0.022838  0.022884  0.022934  0.022986  0.023043  0.023103  0.023168  0.023238
  0.023313  0.023393  0.023478  0.023570  0.023668  0.023773  0.023884  0.024004
  0.024131  0.024268  0.024414  0.024571  0.024740  0.024925  0.025128  0.025350
  0.025589  0.025843  0.026107  0.026373  0.026639  0.026904  0.027167  0.027429
  0.027692  0.027956  0.028219  0.028482  0.028741  0.028994  0.029238  0.029473
  0.029699  0.029914  0.030122  0.030320  0.030511  0.030692  0.030866  0.031030
  0.031186  0.031334  0.031473  0.031604  0.031734  0.031875  0.032028  0.032194
  0.032373  0.032567  0.032777  0.033005  0.033251  0.033518  0.033806
  1.000000
 -0.002269 -0.002239 -0.002212 -0.002190 -0.002170 -0.002153 -0.002139 -0.002126
 -0.002115 -0.002106 -0.002098 -0.002091 -0.002085 -0.002080 -0.002075 -0.002071
 -0.001921 -0.001882 -0.001864 -0.001851 -0.001838 -0.001823 -0.001806 -0.001788
 -0.001768 -0.001746 -0.001722 -0.001696 -0.001668 -0.001636 -0.001602 -0.001564
 -0.001522 -0.001476 -0.001425 -0.001368 -0.001305 -0.001234 -0.001152 -0.001059
 -0.000954 -0.000838 -0.000713 -0.000580 -0.000442 -0.000299 -0.000152  0.000000
  0.000158  0.000322  0.000491  0.000665  0.000842  0.001020  0.001196  0.001371
  0.001542  0.001709  0.001874  0.002035  0.002192  0.002344  0.002492  0.002634
  0.002771  0.002903  0.002956  0.002800  0.002937  0.003086  0.003247  0.003421
  0.003610  0.003814  0.004035  0.004274  0.004533  0.004814  0.005117
  1.000000
  0.000000  0.000000  0.000000  0.000000  0.000000  0.000000  0.000000  0.000000
  0.000000  0.000000  0.000000  0.000000  0.000000  0.000000  0.000000  0.000000
  0.000311  0.000398  0.000437  0.000455  0.000470  0.000486  0.000502  0.000520
  0.000538  0.000558  0.000578  0.000599  0.000621  0.000644  0.000667  0.000692
  0.000717  0.000742  0.000768  0.000795  0.000822  0.000849  0.000877  0.000904
  0.000930  0.000953  0.000973  0.000989  0.001000  0.001007  0.001010  0.001008
  0.001001  0.000991  0.000975  0.000956  0.000933  0.000906  0.000876  0.000844
  0.000809  0.000774  0.000736  0.000698  0.000660  0.000620  0.000581  0.000542
  0.000503  0.000465  0.000356  0.000000  0.000000  0.000000  0.000000  0.000000
  0.000000  0.000000  0.000000  0.000000  0.000000  0.000000  0.000000
  1.000000
  0.200000  0.200000  0.200000  0.200000  0.200000  0.200000  0.200000  0.200000
  0.200000  0.200000  0.200000  0.200000  0.200000  0.200000  0.200000  0.200000
  0.200000  0.200000  0.200000  0.200000  0.200000  0.200000  0.200000  0.200000
  0.200000  0.200000  0.200000  0.200000  0.200000  0.200000  0.200000  0.200000
  0.200000  0.200000  0.200000  0.200000  0.200000  0.200000  0.200000  0.200000
  0.200000  0.200000  0.200000  0.200000  0.200000  0.200000  0.200000  0.200000
  0.200000  0.200000  0.200000  0.200000  0.200000  0.200000  0.200000  0.200000
  0.200000  0.200000  0.200000  0.200000  0.200000  0.200000  0.200000  0.200000
  0.200000  0.200000  0.200000  0.200000  0.200000  0.200000  0.200000  0.200000
  0.200000  0.200000  0.200000  0.200000  0.200000  0.200000  0.200000
  1.000000
  0.020580  0.020919  0.021212  0.021466  0.021684  0.021873  0.022036  0.022177
  0.022299  0.022404  0.022495  0.022574  0.022641  0.022700  0.022750  0.022794
  0.022838  0.022884  0.022934  0.022987  0.023043  0.023104  0.023169  0.023239
  0.023314  0.023394  0.023480  0.023572  0.023670  0.023774  0.023886  0.024006
  0.024133  0.024270  0.024416  0.024573  0.024742  0.024927  0.025130  0.025352
  0.025591  0.025845  0.026108  0.026374  0.026640  0.026905  0.027167  0.027428
  0.027691  0.027954  0.028217  0.028480  0.028739  0.028991  0.029235  0.029470
  0.029695  0.029911  0.030119  0.030318  0.030508  0.030690  0.030863  0.031028
  0.031185  0.031333  0.031472  0.031603  0.031734  0.031876  0.032030  0.032196
  0.032376  0.032571  0.032782  0.033011  0.033258  0.033526  0.033816
  1.000000
 -0.002127 -0.002099 -0.002075 -0.002054 -0.002036 -0.002020 -0.002007 -0.001995
 -0.001985 -0.001976 -0.001969 -0.001962 -0.001957 -0.001952 -0.001948 -0.001944
 -0.001795 -0.001756 -0.001738 -0.001726 -0.001713 -0.001698 -0.001683 -0.001665
 -0.001647 -0.001626 -0.001603 -0.001578 -0.001551 -0.001522 -0.001489 -0.001453
 -0.001414 -0.001371 -0.001323 -0.001270 -0.001211 -0.001144 -0.001067 -0.000981
 -0.000884 -0.000776 -0.000659 -0.000536 -0.000408 -0.000276 -0.000140  0.000000
  0.000146  0.000297  0.000453  0.000613  0.000776  0.000939  0.001101  0.001261
  0.001418  0.001572  0.001723  0.001871  0.002014  0.002154  0.002289  0.002420
  0.002545  0.002666  0.002712  0.002546  0.002673  0.002810  0.002959  0.003120
  0.003294  0.003483  0.003687  0.003908  0.004148  0.004407  0.004688
  1.000000
  0.000000  0.000000  0.000000  0.000000  0.000000  0.000000  0.000000  0.000000
  0.000000  0.000000  0.000000  0.000000  0.000000  0.000000  0.000000  0.000000
  0.000307  0.000393  0.000432  0.000449  0.000464  0.000479  0.000496  0.000513
  0.000531  0.000550  0.000570  0.000591  0.000613  0.000635  0.000658  0.000682
  0.000707  0.000732  0.000758  0.000784  0.000811  0.000838  0.000865  0.000892
  0.000917  0.000940  0.000960  0.000976  0.000987  0.000993  0.000996  0.000994
  0.000988  0.000977  0.000962  0.000943  0.000920  0.000894  0.000864  0.000832
  0.000799  0.000763  0.000727  0.000689  0.000651  0.000612  0.000574  0.000535
  0.000497  0.000459  0.000354  0.000000  0.000000  0.000000  0.000000  0.000000
  0.000000  0.000000  0.000000  0.000000  0.000000  0.000000  0.000000
  1.000000
  0.216846  0.216838  0.216835  0.216837  0.216841  0.216847  0.216853  0.216859
  0.216865  0.216871  0.216876  0.216881  0.216885  0.216889  0.216893  0.216896
  0.216899  0.216902  0.216905  0.216909  0.216913  0.216918  0.216922  0.216928
  0.216934  0.216940  0.216947  0.216955  0.216964  0.216973  0.216983  0.216995
  0.217007  0.217021  0.217036  0.217052  0.217071  0.217091  0.217114  0.217140
  0.217169  0.217200  0.217233  0.217267  0.217301  0.217335  0.217369  0.217403
  0.217438  0.217472  0.217506  0.217539  0.217571  0.217602  0.217631  0.217659
  0.217684  0.217708  0.217730  0.217751  0.217770  0.217787  0.217803  0.217817
  0.217830  0.217842  0.217852  0.217862  0.217869  0.217877  0.217885  0.217894
  0.217904  0.217914  0.217925  0.217938  0.217951  0.217966  0.217983
  BLADE ROW NUMBER =        4                                           
   79   16   68  138    0    0    1    1    1    1    0    0    0    0    0    0
   12000.0  994127.1  994127.1  926211.2  926211.2   0.00000   12000.0
  1.000000
  0.031583  0.031922  0.032215  0.032468  0.032686  0.032875  0.033038  0.033179
  0.033301  0.033406  0.033497  0.033575  0.033643  0.033702  0.033752  0.033796
  0.033840  0.033886  0.033936  0.033988  0.034045  0.034106  0.034171  0.034241
  0.034316  0.034396  0.034482  0.034574  0.034672  0.034777  0.034889  0.035009
  0.035137  0.035274  0.035420  0.035578  0.035747  0.035932  0.036136  0.036358
  0.036597  0.036852  0.037116  0.037382  0.037649  0.037915  0.038177  0.038439
  0.038702  0.038966  0.039230  0.039493  0.039752  0.040004  0.040248  0.040484
  0.040709  0.040925  0.041132  0.041331  0.041521  0.041703  0.041876  0.042041
  0.042197  0.042344  0.042483  0.042614  0.042744  0.042885  0.043038  0.043204
  0.043383  0.043577  0.043788  0.044015  0.044263  0.044531  0.044821
  1.000000
  0.000008  0.000045  0.000076  0.000103  0.000126  0.000146  0.000163  0.000178
  0.000191  0.000202  0.000212  0.000221  0.000228  0.000234  0.000239  0.000244
  0.000399  0.000446  0.000470  0.000487  0.000504  0.000520  0.000536  0.000551
  0.000567  0.000582  0.000596  0.000609  0.000621  0.000632  0.000641  0.000649
  0.000653  0.000655  0.000654  0.000648  0.000638  0.000621  0.000596  0.000561
  0.000516  0.000457  0.000387  0.000305  0.000213  0.000111  0.000000 -0.000120
 -0.000251 -0.000392 -0.000543 -0.000703 -0.000870 -0.001042 -0.001216 -0.001392
 -0.001568 -0.001743 -0.001916 -0.002089 -0.002259 -0.002425 -0.002589 -0.002748
 -0.002902 -0.003051 -0.003194 -0.003388 -0.003512 -0.003647 -0.003793 -0.003950
 -0.004121 -0.004306 -0.004506 -0.004723 -0.004957 -0.005211 -0.005485
  1.000000
  0.000000  0.000000  0.000000  0.000000  0.000000  0.000000  0.000000  0.000000
  0.000000  0.000000  0.000000  0.000000  0.000000  0.000000  0.000000  0.000000
  0.000319  0.000421  0.000474  0.000503  0.000527  0.000551  0.000574  0.000598
  0.000621  0.000644  0.000668  0.000691  0.000714  0.000737  0.000759  0.000781
  0.000803  0.000824  0.000844  0.000864  0.000882  0.000900  0.000917  0.000931
  0.000942  0.000951  0.000956  0.000957  0.000954  0.000948  0.000938  0.000925
  0.000910  0.000891  0.000869  0.000845  0.000819  0.000791  0.000761  0.000731
  0.000700  0.000669  0.000638  0.000607  0.000575  0.000545  0.000514  0.000485
  0.000456  0.000428  0.000341  0.000000  0.000000  0.000000  0.000000  0.000000
  0.000000  0.000000  0.000000  0.000000  0.000000  0.000000  0.000000
  1.000000
  0.182139  0.182121  0.182105  0.182091  0.182080  0.182070  0.182061  0.182053
  0.182046  0.182041  0.182036  0.182031  0.182028  0.182024  0.182021  0.182019
  0.182015  0.182011  0.182007  0.182003  0.181997  0.181992  0.181986  0.181979
  0.181971  0.181963  0.181954  0.181944  0.181932  0.181920  0.181907  0.181892
  0.181876  0.181858  0.181839  0.181817  0.181794  0.181767  0.181737  0.181704
  0.181668  0.181630  0.181589  0.181549  0.181508  0.181468  0.181430  0.181392
  0.181356  0.181321  0.181288  0.181257  0.181228  0.181202  0.181180  0.181161
  0.181145  0.181132  0.181122  0.181114  0.181109  0.181106  0.181105  0.181106
  0.181108  0.181112  0.181117  0.181123  0.181140  0.181159  0.181178  0.181197
  0.181218  0.181238  0.181258  0.181278  0.181293  0.181305  0.181313
  1.000000
  0.031594  0.031932  0.032223  0.032475  0.032693  0.032881  0.033043  0.033184
  0.033305  0.033410  0.033500  0.033579  0.033646  0.033704  0.033755  0.033798
  0.033842  0.033888  0.033938  0.033990  0.034047  0.034107  0.034172  0.034242
  0.034317  0.034397  0.034483  0.034575  0.034673  0.034777  0.034889  0.035009
  0.035136  0.035273  0.035419  0.035576  0.035745  0.035930  0.036134  0.036356
  0.036595  0.036850  0.037114  0.037380  0.037647  0.037912  0.038175  0.038437
  0.038701  0.038965  0.039229  0.039492  0.039751  0.040004  0.040248  0.040484
  0.040709  0.040925  0.041133  0.041332  0.041522  0.041704  0.041878  0.042042
  0.042199  0.042347  0.042486  0.042616  0.042747  0.042889  0.043042  0.043207
  0.043387  0.043581  0.043791  0.044019  0.044266  0.044532  0.044821
  1.000000
  0.001119  0.001089  0.001063  0.001040  0.001021  0.001004  0.000989  0.000977
  0.000966  0.000956  0.000948  0.000941  0.000935  0.000930  0.000925  0.000921
  0.001095  0.001152  0.001182  0.001195  0.001201  0.001206  0.001211  0.001213
  0.001215  0.001215  0.001214  0.001210  0.001205  0.001197  0.001186  0.001172
  0.001154  0.001132  0.001105  0.001072  0.001032  0.000983  0.000924  0.000852
  0.000766  0.000666  0.000553  0.000428  0.000294  0.000151  0.000000 -0.000159
 -0.000329 -0.000509 -0.000697 -0.000894 -0.001097 -0.001303 -0.001510 -0.001717
 -0.001922 -0.002124 -0.002323 -0.002520 -0.002713 -0.002902 -0.003085 -0.003263
 -0.003435 -0.003600 -0.003759 -0.003953 -0.004091 -0.004239 -0.004401 -0.004575
 -0.004764 -0.004968 -0.005190 -0.005429 -0.005688 -0.005969 -0.006273
  1.000000
  0.000000  0.000000  0.000000  0.000000  0.000000  0.000000  0.000000  0.000000
  0.000000  0.000000  0.000000  0.000000  0.000000  0.000000  0.000000  0.000000
  0.000338  0.000445  0.000500  0.000531  0.000557  0.000582  0.000607  0.000631
  0.000656  0.000681  0.000705  0.000730  0.000754  0.000778  0.000802  0.000825
  0.000848  0.000870  0.000892  0.000913  0.000932  0.000951  0.000968  0.000983
  0.000995  0.001004  0.001009  0.001010  0.001007  0.001001  0.000991  0.000977
  0.000961  0.000941  0.000918  0.000893  0.000865  0.000835  0.000804  0.000772
  0.000739  0.000706  0.000673  0.000640  0.000607  0.000575  0.000543  0.000511
  0.000481  0.000451  0.000350  0.000000  0.000000  0.000000  0.000000  0.000000
  0.000000  0.000000  0.000000  0.000000  0.000000  0.000000  0.000000
  1.000000
  0.200000  0.200000  0.200000  0.200000  0.200000  0.200000  0.200000  0.200000
  0.200000  0.200000  0.200000  0.200000  0.200000  0.200000  0.200000  0.200000
  0.200000  0.200000  0.200000  0.200000  0.200000  0.200000  0.200000  0.200000
  0.200000  0.200000  0.200000  0.200000  0.200000  0.200000  0.200000  0.200000
  0.200000  0.200000  0.200000  0.200000  0.200000  0.200000  0.200000  0.200000
  0.200000  0.200000  0.200000  0.200000  0.200000  0.200000  0.200000  0.200000
  0.200000  0.200000  0.200000  0.200000  0.200000  0.200000  0.200000  0.200000
  0.200000  0.200000  0.200000  0.200000  0.200000  0.200000  0.200000  0.200000
  0.200000  0.200000  0.200000  0.200000  0.200000  0.200000  0.200000  0.200000
  0.200000  0.200000  0.200000  0.200000  0.200000  0.200000  0.200000
  1.000000
  0.031584  0.031923  0.032216  0.032469  0.032687  0.032876  0.033039  0.033180
  0.033302  0.033407  0.033498  0.033576  0.033644  0.033703  0.033753  0.033797
  0.033841  0.033887  0.033937  0.033990  0.034046  0.034107  0.034172  0.034242
  0.034317  0.034397  0.034483  0.034575  0.034674  0.034778  0.034890  0.035010
  0.035138  0.035275  0.035421  0.035579  0.035748  0.035933  0.036137  0.036359
  0.036598  0.036853  0.037117  0.037383  0.037650  0.037916  0.038179  0.038440
  0.038703  0.038967  0.039231  0.039494  0.039753  0.040005  0.040249  0.040485
  0.040710  0.040926  0.041133  0.041332  0.041522  0.041704  0.041877  0.042042
  0.042198  0.042345  0.042485  0.042615  0.042745  0.042886  0.043039  0.043205
  0.043384  0.043578  0.043789  0.044017  0.044264  0.044532  0.044822
  1.000000
  0.002152  0.002060  0.001981  0.001913  0.001854  0.001803  0.001759  0.001721
  0.001689  0.001660  0.001636  0.001615  0.001596  0.001580  0.001567  0.001555
  0.001739  0.001799  0.001835  0.001854  0.001856  0.001851  0.001845  0.001836
  0.001826  0.001813  0.001797  0.001779  0.001757  0.001732  0.001703  0.001669
  0.001630  0.001586  0.001535  0.001476  0.001409  0.001331  0.001238  0.001131
  0.001008  0.000868  0.000714  0.000549  0.000374  0.000191  0.000000 -0.000199
 -0.000407 -0.000625 -0.000851 -0.001085 -0.001325 -0.001566 -0.001807 -0.002045
 -0.002281 -0.002512 -0.002739 -0.002961 -0.003179 -0.003390 -0.003596 -0.003795
 -0.003986 -0.004169 -0.004344 -0.004558 -0.004710 -0.004874 -0.005052 -0.005245
 -0.005454 -0.005679 -0.005924 -0.006189 -0.006475 -0.006786 -0.007122
  1.000000
  0.000000  0.000000  0.000000  0.000000  0.000000  0.000000  0.000000  0.000000
  0.000000  0.000000  0.000000  0.000000  0.000000  0.000000  0.000000  0.000000
  0.000349  0.000450  0.000516  0.000563  0.000596  0.000623  0.000649  0.000676
  0.000702  0.000729  0.000755  0.000782  0.000808  0.000834  0.000859  0.000884
  0.000909  0.000933  0.000956  0.000978  0.000999  0.001019  0.001038  0.001054
  0.001067  0.001077  0.001082  0.001083  0.001080  0.001073  0.001062  0.001047
  0.001030  0.001008  0.000984  0.000956  0.000926  0.000895  0.000861  0.000827
  0.000792  0.000757  0.000721  0.000686  0.000650  0.000615  0.000581  0.000547
  0.000515  0.000483  0.000365  0.000000  0.000000  0.000000  0.000000  0.000000
  0.000000  0.000000  0.000000  0.000000  0.000000  0.000000  0.000000
  1.000000
  0.217861  0.217879  0.217895  0.217909  0.217920  0.217931  0.217939  0.217947
  0.217954  0.217959  0.217964  0.217969  0.217973  0.217976  0.217979  0.217981
  0.217985  0.217989  0.217993  0.217998  0.218003  0.218008  0.218015  0.218021
  0.218029  0.218037  0.218047  0.218057  0.218068  0.218080  0.218093  0.218108
  0.218124  0.218142  0.218161  0.218183  0.218206  0.218233  0.218263  0.218296
  0.218332  0.218371  0.218411  0.218452  0.218492  0.218532  0.218570  0.218608
  0.218644  0.218679  0.218712  0.218744  0.218772  0.218798  0.218820  0.218839
  0.218855  0.218868  0.218878  0.218886  0.218891  0.218894  0.218895  0.218894
  0.218892  0.218888  0.218883  0.218877  0.218860  0.218841  0.218822  0.218802
  0.218782  0.218762  0.218742  0.218722  0.218707  0.218695  0.218687
  BLADE ROW NUMBER =        5                                           
   79   16   68  138    0    0    1    1    1    1    0    0    0    0    0    0
       0.0  926211.2  926211.2  861689.6  861689.6   0.00000       0.0
  1.000000
  0.044774  0.045114  0.045408  0.045662  0.045881  0.046070  0.046234  0.046375
  0.046497  0.046602  0.046693  0.046772  0.046840  0.046899  0.046949  0.046993
  0.047037  0.047083  0.047133  0.047186  0.047242  0.047303  0.047368  0.047438
  0.047513  0.047593  0.047679  0.047771  0.047869  0.047974  0.048086  0.048206
  0.048333  0.048470  0.048616  0.048773  0.048942  0.049127  0.049330  0.049552
  0.049791  0.050045  0.050308  0.050574  0.050840  0.051105  0.051367  0.051628
  0.051891  0.052154  0.052418  0.052680  0.052939  0.053191  0.053435  0.053670
  0.053896  0.054112  0.054319  0.054518  0.054709  0.054891  0.055064  0.055230
  0.055386  0.055534  0.055674  0.055805  0.055936  0.056079  0.056232  0.056399
  0.056579  0.056775  0.056986  0.057215  0.057463  0.057731  0.058021
  1.000000
 -0.002498 -0.002464 -0.002435 -0.002410 -0.002388 -0.002369 -0.002353 -0.002339
 -0.002326 -0.002316 -0.002307 -0.002299 -0.002292 -0.002286 -0.002281 -0.002277
 -0.002122 -0.002083 -0.002065 -0.002051 -0.002036 -0.002020 -0.002002 -0.001983
 -0.001961 -0.001938 -0.001912 -0.001883 -0.001852 -0.001818 -0.001780 -0.001739
 -0.001693 -0.001642 -0.001586 -0.001524 -0.001454 -0.001375 -0.001284 -0.001181
 -0.001065 -0.000936 -0.000796 -0.000649 -0.000494 -0.000335 -0.000170  0.000000
  0.000177  0.000361  0.000551  0.000746  0.000945  0.001145  0.001344  0.001540
  0.001733  0.001922  0.002107  0.002288  0.002465  0.002637  0.002804  0.002965
  0.003120  0.003268  0.003332  0.003185  0.003338  0.003505  0.003685  0.003880
  0.004091  0.004319  0.004566  0.004834  0.005123  0.005437  0.005776
  1.000000
  0.000000  0.000000  0.000000  0.000000  0.000000  0.000000  0.000000  0.000000
  0.000000  0.000000  0.000000  0.000000  0.000000  0.000000  0.000000  0.000000
  0.000321  0.000411  0.000452  0.000472  0.000487  0.000503  0.000521  0.000539
  0.000558  0.000578  0.000599  0.000621  0.000643  0.000667  0.000691  0.000717
  0.000742  0.000769  0.000796  0.000824  0.000852  0.000880  0.000909  0.000937
  0.000963  0.000988  0.001008  0.001025  0.001037  0.001044  0.001046  0.001044
  0.001037  0.001026  0.001011  0.000991  0.000966  0.000938  0.000907  0.000874
  0.000839  0.000802  0.000763  0.000723  0.000683  0.000643  0.000602  0.000561
  0.000521  0.000482  0.000366  0.000000  0.000000  0.000000  0.000000  0.000000
  0.000000  0.000000  0.000000  0.000000  0.000000  0.000000  0.000000
  1.000000
  0.181312  0.181317  0.181316  0.181311  0.181305  0.181298  0.181290  0.181283
  0.181276  0.181269  0.181263  0.181258  0.181253  0.181248  0.181244  0.181241
  0.181238  0.181234  0.181230  0.181226  0.181221  0.181216  0.181210  0.181204
  0.181197  0.181190  0.181181  0.181172  0.181163  0.181152  0.181140  0.181127
  0.181113  0.181097  0.181080  0.181061  0.181040  0.181016  0.180990  0.180960
  0.180928  0.180892  0.180855  0.180816  0.180777  0.180738  0.180699  0.180660
  0.180621  0.180583  0.180544  0.180506  0.180470  0.180434  0.180401  0.180370
  0.180341  0.180314  0.180289  0.180265  0.180244  0.180224  0.180206  0.180189
  0.180174  0.180161  0.180149  0.180138  0.180130  0.180121  0.180111  0.180101
  0.180090  0.180078  0.180065  0.180050  0.180035  0.180018  0.179999
  1.000000
  0.044790  0.045127  0.045418  0.045670  0.045888  0.046076  0.046238  0.046378
  0.046500  0.046604  0.046695  0.046773  0.046840  0.046899  0.046949  0.046993
  0.047036  0.047082  0.047132  0.047184  0.047241  0.047301  0.047366  0.047436
  0.047511  0.047591  0.047677  0.047768  0.047866  0.047971  0.048082  0.048202
  0.048330  0.048466  0.048612  0.048769  0.048938  0.049123  0.049327  0.049548
  0.049788  0.050042  0.050306  0.050572  0.050839  0.051104  0.051367  0.051628
  0.051891  0.052155  0.052419  0.052682  0.052941  0.053194  0.053438  0.053673
  0.053899  0.054115  0.054322  0.054521  0.054711  0.054893  0.055066  0.055231
  0.055387  0.055535  0.055674  0.055805  0.055935  0.056077  0.056230  0.056395
  0.056575  0.056769  0.056979  0.057206  0.057453  0.057719  0.058008
  1.000000
 -0.002270 -0.002239 -0.002213 -0.002191 -0.002171 -0.002154 -0.002140 -0.002127
 -0.002116 -0.002107 -0.002099 -0.002092 -0.002086 -0.002080 -0.002076 -0.002072
 -0.001921 -0.001883 -0.001865 -0.001852 -0.001838 -0.001823 -0.001807 -0.001788
 -0.001769 -0.001747 -0.001723 -0.001697 -0.001668 -0.001637 -0.001602 -0.001564
 -0.001523 -0.001477 -0.001426 -0.001369 -0.001306 -0.001234 -0.001152 -0.001059
 -0.000955 -0.000839 -0.000713 -0.000580 -0.000442 -0.000299 -0.000152  0.000000
  0.000158  0.000322  0.000491  0.000665  0.000843  0.001020  0.001197  0.001371
  0.001542  0.001710  0.001875  0.002035  0.002192  0.002345  0.002493  0.002635
  0.002772  0.002904  0.002957  0.002801  0.002938  0.003087  0.003248  0.003422
  0.003611  0.003815  0.004036  0.004276  0.004535  0.004815  0.005119
  1.000000
  0.000000  0.000000  0.000000  0.000000  0.000000  0.000000  0.000000  0.000000
  0.000000  0.000000  0.000000  0.000000  0.000000  0.000000  0.000000  0.000000
  0.000311  0.000398  0.000437  0.000455  0.000470  0.000486  0.000503  0.000520
  0.000538  0.000558  0.000578  0.000599  0.000621  0.000644  0.000667  0.000692
  0.000717  0.000742  0.000769  0.000795  0.000822  0.000850  0.000877  0.000904
  0.000930  0.000953  0.000973  0.000989  0.001001  0.001007  0.001010  0.001008
  0.001002  0.000991  0.000976  0.000956  0.000933  0.000906  0.000876  0.000844
  0.000810  0.000774  0.000737  0.000699  0.000660  0.000621  0.000581  0.000542
  0.000503  0.000465  0.000356  0.000000  0.000000  0.000000  0.000000  0.000000
  0.000000  0.000000  0.000000  0.000000  0.000000  0.000000  0.000000
  1.000000
  0.200000  0.200000  0.200000  0.200000  0.200000  0.200000  0.200000  0.200000
  0.200000  0.200000  0.200000  0.200000  0.200000  0.200000  0.200000  0.200000
  0.200000  0.200000  0.200000  0.200000  0.200000  0.200000  0.200000  0.200000
  0.200000  0.200000  0.200000  0.200000  0.200000  0.200000  0.200000  0.200000
  0.200000  0.200000  0.200000  0.200000  0.200000  0.200000  0.200000  0.200000
  0.200000  0.200000  0.200000  0.200000  0.200000  0.200000  0.200000  0.200000
  0.200000  0.200000  0.200000  0.200000  0.200000  0.200000  0.200000  0.200000
  0.200000  0.200000  0.200000  0.200000  0.200000  0.200000  0.200000  0.200000
  0.200000  0.200000  0.200000  0.200000  0.200000  0.200000  0.200000  0.200000
  0.200000  0.200000  0.200000  0.200000  0.200000  0.200000  0.200000
  1.000000
  0.044773  0.045114  0.045407  0.045661  0.045880  0.046069  0.046233  0.046374
  0.046496  0.046601  0.046692  0.046771  0.046839  0.046898  0.046948  0.046992
  0.047036  0.047082  0.047132  0.047185  0.047241  0.047302  0.047367  0.047437
  0.047512  0.047592  0.047678  0.047770  0.047868  0.047973  0.048085  0.048205
  0.048332  0.048469  0.048615  0.048772  0.048941  0.049126  0.049330  0.049551
  0.049790  0.050044  0.050307  0.050573  0.050839  0.051104  0.051366  0.051628
  0.051890  0.052153  0.052417  0.052679  0.052938  0.053190  0.053434  0.053669
  0.053895  0.054111  0.054318  0.054517  0.054708  0.054890  0.055064  0.055229
  0.055385  0.055533  0.055673  0.055804  0.055935  0.056078  0.056232  0.056398
  0.056579  0.056774  0.056985  0.057214  0.057462  0.057730  0.058020
  1.000000
 -0.002116 -0.002088 -0.002064 -0.002043 -0.002025 -0.002009 -0.001996 -0.001985
 -0.001975 -0.001966 -0.001959 -0.001952 -0.001947 -0.001942 -0.001938 -0.001934
 -0.001785 -0.001746 -0.001728 -0.001716 -0.001703 -0.001688 -0.001673 -0.001655
 -0.001637 -0.001616 -0.001593 -0.001569 -0.001542 -0.001512 -0.001480 -0.001444
 -0.001405 -0.001362 -0.001314 -0.001262 -0.001203 -0.001136 -0.001060 -0.000974
 -0.000878 -0.000770 -0.000655 -0.000533 -0.000406 -0.000274 -0.000139  0.000000
  0.000145  0.000295  0.000449  0.000609  0.000770  0.000932  0.001093  0.001252
  0.001408  0.001561  0.001710  0.001857  0.001999  0.002138  0.002272  0.002402
  0.002526  0.002645  0.002691  0.002524  0.002650  0.002786  0.002934  0.003094
  0.003267  0.003454  0.003657  0.003877  0.004115  0.004372  0.004651
  1.000000
  0.000000  0.000000  0.000000  0.000000  0.000000  0.000000  0.000000  0.000000
  0.000000  0.000000  0.000000  0.000000  0.000000  0.000000  0.000000  0.000000
  0.000307  0.000394  0.000432  0.000449  0.000464  0.000479  0.000496  0.000513
  0.000531  0.000550  0.000570  0.000591  0.000613  0.000635  0.000658  0.000682
  0.000707  0.000732  0.000758  0.000784  0.000811  0.000838  0.000865  0.000892
  0.000918  0.000941  0.000960  0.000976  0.000987  0.000994  0.000996  0.000994
  0.000988  0.000978  0.000963  0.000943  0.000920  0.000894  0.000864  0.000833
  0.000799  0.000764  0.000727  0.000689  0.000651  0.000612  0.000574  0.000535
  0.000497  0.000460  0.000355  0.000000  0.000000  0.000000  0.000000  0.000000
  0.000000  0.000000  0.000000  0.000000  0.000000  0.000000  0.000000
  1.000000
  0.218688  0.218683  0.218684  0.218689  0.218695  0.218702  0.218710  0.218717
  0.218724  0.218731  0.218737  0.218742  0.218747  0.218752  0.218755  0.218759
  0.218762  0.218766  0.218770  0.218774  0.218779  0.218784  0.218790  0.218796
  0.218803  0.218810  0.218818  0.218827  0.218837  0.218848  0.218860  0.218873
  0.218887  0.218903  0.218920  0.218939  0.218960  0.218983  0.219010  0.219040
  0.219072  0.219108  0.219145  0.219184  0.219223  0.219262  0.219301  0.219339
  0.219378  0.219417  0.219456  0.219494  0.219530  0.219565  0.219599  0.219630
  0.219659  0.219686  0.219711  0.219735  0.219756  0.219776  0.219794  0.219810
  0.219825  0.219839  0.219851  0.219862  0.219870  0.219879  0.219889  0.219899
  0.219910  0.219922  0.219935  0.219949  0.219965  0.219982  0.220001
  BLADE ROW NUMBER =        6                                           
   83   16   68  138    0    0    1    1    1    1    0    0    0    0    0    0
   12000.0  861689.6  861689.6  800678.6  800678.6   0.00000   12000.0
  1.000000
  0.055775  0.056115  0.056409  0.056662  0.056881  0.057071  0.057234  0.057375
  0.057498  0.057603  0.057694  0.057773  0.057841  0.057899  0.057950  0.057994
  0.058038  0.058084  0.058134  0.058187  0.058244  0.058304  0.058370  0.058440
  0.058515  0.058595  0.058681  0.058773  0.058872  0.058977  0.059089  0.059209
  0.059337  0.059473  0.059620  0.059777  0.059947  0.060132  0.060336  0.060558
  0.060797  0.061052  0.061316  0.061582  0.061849  0.062114  0.062377  0.062638
  0.062901  0.063165  0.063428  0.063691  0.063950  0.064203  0.064447  0.064682
  0.064908  0.065124  0.065331  0.065530  0.065721  0.065903  0.066076  0.066241
  0.066398  0.066546  0.066685  0.066816  0.066947  0.067093  0.067254  0.067433
  0.067631  0.067850  0.068093  0.068362  0.068659  0.068989  0.069355  0.069760
  0.070209  0.070706  0.071256
  1.000000
 -0.000126 -0.000082 -0.000044 -0.000011  0.000018  0.000042  0.000063  0.000082
  0.000097  0.000111  0.000123  0.000133  0.000142  0.000150  0.000156  0.000162
  0.000316  0.000361  0.000385  0.000403  0.000421  0.000439  0.000456  0.000474
  0.000491  0.000507  0.000523  0.000539  0.000553  0.000566  0.000578  0.000588
  0.000595  0.000600  0.000602  0.000599  0.000592  0.000579  0.000559  0.000528
  0.000487  0.000434  0.000368  0.000291  0.000204  0.000107  0.000000 -0.000116
 -0.000243 -0.000380 -0.000526 -0.000682 -0.000846 -0.001014 -0.001185 -0.001357
 -0.001530 -0.001702 -0.001873 -0.002043 -0.002210 -0.002375 -0.002536 -0.002693
 -0.002845 -0.002992 -0.003134 -0.003326 -0.003448 -0.003584 -0.003735 -0.003901
 -0.004086 -0.004290 -0.004517 -0.004767 -0.005045 -0.005353 -0.005693 -0.006071
 -0.006488 -0.006951 -0.007464
  1.000000
  0.000000  0.000000  0.000000  0.000000  0.000000  0.000000  0.000000  0.000000
  0.000000  0.000000  0.000000  0.000000  0.000000  0.000000  0.000000  0.000000
  0.000317  0.000418  0.000471  0.000501  0.000525  0.000549  0.000572  0.000596
  0.000619  0.000642  0.000665  0.000689  0.000711  0.000734  0.000757  0.000779
  0.000800  0.000821  0.000842  0.000861  0.000880  0.000897  0.000914  0.000928
  0.000940  0.000948  0.000953  0.000954  0.000951  0.000945  0.000935  0.000923
  0.000907  0.000888  0.000867  0.000843  0.000816  0.000788  0.000759  0.000729
  0.000698  0.000667  0.000636  0.000605  0.000574  0.000543  0.000513  0.000483
  0.000455  0.000427  0.000341  0.000000  0.000000  0.000000  0.000000  0.000000
  0.000000  0.000000  0.000000  0.000000  0.000000  0.000000  0.000000  0.000000
  0.000000  0.000000  0.000000
  1.000000
  0.180140  0.180119  0.180100  0.180085  0.180071  0.180059  0.180049  0.180040
  0.180033  0.180026  0.180020  0.180015  0.180011  0.180007  0.180004  0.180001
  0.179998  0.179994  0.179990  0.179985  0.179981  0.179976  0.179970  0.179964
  0.179957  0.179950  0.179942  0.179933  0.179923  0.179913  0.179901  0.179889
  0.179875  0.179860  0.179844  0.179826  0.179806  0.179784  0.179758  0.179730
  0.179700  0.179666  0.179631  0.179594  0.179557  0.179520  0.179482  0.179445
  0.179407  0.179369  0.179332  0.179294  0.179257  0.179221  0.179187  0.179154
  0.179124  0.179095  0.179067  0.179041  0.179017  0.178994  0.178973  0.178953
  0.178934  0.178917  0.178901  0.178887  0.178878  0.178868  0.178857  0.178845
  0.178832  0.178818  0.178804  0.178788  0.178771  0.178754  0.178735  0.178716
  0.178696  0.178676  0.178655
  1.000000
  0.055791  0.056129  0.056421  0.056673  0.056890  0.057079  0.057241  0.057382
  0.057503  0.057608  0.057698  0.057776  0.057844  0.057902  0.057953  0.057996
  0.058040  0.058086  0.058136  0.058188  0.058245  0.058306  0.058371  0.058440
  0.058515  0.058595  0.058681  0.058773  0.058871  0.058976  0.059088  0.059207
  0.059335  0.059472  0.059618  0.059775  0.059944  0.060129  0.060333  0.060555
  0.060795  0.061049  0.061313  0.061580  0.061847  0.062112  0.062376  0.062638
  0.062901  0.063165  0.063429  0.063692  0.063952  0.064205  0.064449  0.064685
  0.064911  0.065127  0.065334  0.065533  0.065724  0.065906  0.066079  0.066244
  0.066401  0.066548  0.066688  0.066818  0.066949  0.067094  0.067254  0.067432
  0.067629  0.067847  0.068088  0.068355  0.068651  0.068979  0.069342  0.069744
  0.070190  0.070683  0.071229
  1.000000
  0.001120  0.001090  0.001063  0.001041  0.001021  0.001004  0.000990  0.000977
  0.000966  0.000957  0.000949  0.000942  0.000936  0.000930  0.000926  0.000922
  0.001095  0.001152  0.001183  0.001195  0.001202  0.001207  0.001211  0.001214
  0.001216  0.001216  0.001214  0.001211  0.001205  0.001197  0.001187  0.001172
  0.001155  0.001132  0.001105  0.001072  0.001032  0.000984  0.000924  0.000852
  0.000766  0.000666  0.000553  0.000429  0.000294  0.000151  0.000000 -0.000160
 -0.000329 -0.000509 -0.000697 -0.000894 -0.001097 -0.001303 -0.001511 -0.001717
 -0.001922 -0.002125 -0.002325 -0.002521 -0.002714 -0.002903 -0.003086 -0.003265
 -0.003437 -0.003602 -0.003760 -0.003955 -0.004092 -0.004245 -0.004414 -0.004600
 -0.004807 -0.005037 -0.005291 -0.005572 -0.005883 -0.006228 -0.006611 -0.007034
 -0.007503 -0.008022 -0.008597
  1.000000
  0.000000  0.000000  0.000000  0.000000  0.000000  0.000000  0.000000  0.000000
  0.000000  0.000000  0.000000  0.000000  0.000000  0.000000  0.000000  0.000000
  0.000338  0.000445  0.000500  0.000531  0.000557  0.000582  0.000607  0.000632
  0.000656  0.000681  0.000705  0.000730  0.000754  0.000778  0.000802  0.000825
  0.000848  0.000870  0.000892  0.000913  0.000933  0.000951  0.000968  0.000983
  0.000996  0.001005  0.001010  0.001011  0.001008  0.001001  0.000991  0.000978
  0.000961  0.000941  0.000919  0.000893  0.000865  0.000835  0.000804  0.000772
  0.000740  0.000707  0.000674  0.000640  0.000607  0.000575  0.000543  0.000512
  0.000481  0.000452  0.000350  0.000000  0.000000  0.000000  0.000000  0.000000
  0.000000  0.000000  0.000000  0.000000  0.000000  0.000000  0.000000  0.000000
  0.000000  0.000000  0.000000
  1.000000
  0.200000  0.200000  0.200000  0.200000  0.200000  0.200000  0.200000  0.200000
  0.200000  0.200000  0.200000  0.200000  0.200000  0.200000  0.200000  0.200000
  0.200000  0.200000  0.200000  0.200000  0.200000  0.200000  0.200000  0.200000
  0.200000  0.200000  0.200000  0.200000  0.200000  0.200000  0.200000  0.200000
  0.200000  0.200000  0.200000  0.200000  0.200000  0.200000  0.200000  0.200000
  0.200000  0.200000  0.200000  0.200000  0.200000  0.200000  0.200000  0.200000
  0.200000  0.200000  0.200000  0.200000  0.200000  0.200000  0.200000  0.200000
  0.200000  0.200000  0.200000  0.200000  0.200000  0.200000  0.200000  0.200000
  0.200000  0.200000  0.200000  0.200000  0.200000  0.200000  0.200000  0.200000
  0.200000  0.200000  0.200000  0.200000  0.200000  0.200000  0.200000  0.200000
  0.200000  0.200000  0.200000
  1.000000
  0.055776  0.056116  0.056410  0.056663  0.056882  0.057072  0.057235  0.057377
  0.057499  0.057604  0.057695  0.057774  0.057842  0.057901  0.057951  0.057995
  0.058039  0.058085  0.058135  0.058188  0.058245  0.058306  0.058371  0.058441
  0.058516  0.058596  0.058683  0.058775  0.058873  0.058978  0.059090  0.059210
  0.059338  0.059475  0.059621  0.059779  0.059948  0.060133  0.060337  0.060559
  0.060798  0.061053  0.061317  0.061583  0.061850  0.062115  0.062378  0.062639
  0.062902  0.063166  0.063430  0.063692  0.063951  0.064204  0.064448  0.064683
  0.064909  0.065125  0.065332  0.065531  0.065722  0.065904  0.066077  0.066242
  0.066399  0.066547  0.066686  0.066817  0.066949  0.067094  0.067255  0.067434
  0.067632  0.067851  0.068094  0.068363  0.068661  0.068991  0.069356  0.069761
  0.070210  0.070707  0.071257
  1.000000
  0.002271  0.002172  0.002088  0.002014  0.001951  0.001896  0.001849  0.001808
  0.001773  0.001742  0.001716  0.001693  0.001674  0.001657  0.001642  0.001629
  0.001814  0.001874  0.001911  0.001931  0.001933  0.001927  0.001920  0.001910
  0.001898  0.001884  0.001866  0.001846  0.001823  0.001796  0.001764  0.001728
  0.001687  0.001640  0.001586  0.001525  0.001454  0.001373  0.001277  0.001165
  0.001037  0.000893  0.000734  0.000563  0.000384  0.000195  0.000000 -0.000203
 -0.000416 -0.000639 -0.000870 -0.001109 -0.001354 -0.001599 -0.001845 -0.002088
 -0.002327 -0.002562 -0.002793 -0.003020 -0.003241 -0.003456 -0.003665 -0.003867
 -0.004061 -0.004247 -0.004425 -0.004642 -0.004797 -0.004968 -0.005157 -0.005367
 -0.005600 -0.005858 -0.006143 -0.006459 -0.006809 -0.007197 -0.007626 -0.008102
 -0.008629 -0.009212 -0.009858
  1.000000
  0.000000  0.000000  0.000000  0.000000  0.000000  0.000000  0.000000  0.000000
  0.000000  0.000000  0.000000  0.000000  0.000000  0.000000  0.000000  0.000000
  0.000350  0.000451  0.000518  0.000568  0.000602  0.000629  0.000656  0.000683
  0.000710  0.000736  0.000763  0.000790  0.000816  0.000842  0.000868  0.000893
  0.000918  0.000942  0.000966  0.000988  0.001010  0.001030  0.001049  0.001065
  0.001078  0.001088  0.001094  0.001095  0.001091  0.001084  0.001073  0.001059
  0.001041  0.001019  0.000994  0.000967  0.000936  0.000904  0.000870  0.000836
  0.000800  0.000765  0.000729  0.000693  0.000657  0.000622  0.000587  0.000553
  0.000520  0.000488  0.000368  0.000000  0.000000  0.000000  0.000000  0.000000
  0.000000  0.000000  0.000000  0.000000  0.000000  0.000000  0.000000  0.000000
  0.000000  0.000000  0.000000
  1.000000
  0.219860  0.219881  0.219900  0.219915  0.219929  0.219941  0.219951  0.219960
  0.219967  0.219974  0.219980  0.219985  0.219989  0.219993  0.219996  0.219999
  0.220003  0.220006  0.220010  0.220015  0.220019  0.220025  0.220030  0.220036
  0.220043  0.220051  0.220059  0.220067  0.220077  0.220087  0.220099  0.220111
  0.220125  0.220140  0.220157  0.220175  0.220194  0.220217  0.220242  0.220270
  0.220301  0.220334  0.220370  0.220406  0.220443  0.220480  0.220518  0.220555
  0.220593  0.220631  0.220669  0.220706  0.220743  0.220779  0.220813  0.220846
  0.220876  0.220906  0.220933  0.220959  0.220983  0.221006  0.221028  0.221047
  0.221066  0.221083  0.221099  0.221113  0.221122  0.221132  0.221143  0.221155
  0.221168  0.221182  0.221196  0.221212  0.221229  0.221246  0.221265  0.221284
  0.221304  0.221324  0.221345
   1005.03   1.40000   0.40000   0.00500   0.00500   2.00000
 10.000000**********  0.400000  0.200000  0.100000  0.000000  0.001000  0.500000
 1220456.5 1220456.5  800678.6  800678.6
 1300000.0 1300000.0 1300000.0 1300000.1 1300000.0 1300000.0 1300000.0 1300000.0
 1300000.0 1300000.0 1300000.0 1300000.1 1300000.0 1300000.0 1300000.0 1300000.0
 1300000.0 1300000.0 1300000.0 1300000.0 1300000.0 1300000.0 1300000.0 1300000.0
 1300000.0 1300000.0 1300000.0 1300000.0 1300000.0 1300000.0 1300000.0 1300000.0
 1300000.0 1300000.0 1300000.0 1300000.0 1300000.0
    1500.0    1500.0    1500.0    1500.0    1500.0    1500.0    1500.0    1500.0
    1500.0    1500.0    1500.0    1500.0    1500.0    1500.0    1500.0    1500.0
    1500.0    1500.0    1500.0    1500.0    1500.0    1500.0    1500.0    1500.0
    1500.0    1500.0    1500.0    1500.0    1500.0    1500.0    1500.0    1500.0
    1500.0    1500.0    1500.0    1500.0    1500.0
  0.000000  0.000000  0.000000  0.000000  0.000000  0.000000  0.000000  0.000000
  0.000000  0.000000  0.000000  0.000000  0.000000  0.000000  0.000000  0.000000
  0.000000  0.000000  0.000000  0.000000  0.000000  0.000000  0.000000  0.000000
  0.000000  0.000000  0.000000  0.000000  0.000000  0.000000  0.000000  0.000000
  0.000000  0.000000  0.000000  0.000000  0.000000
230.844040230.844040230.844040230.844040230.844040230.844040230.844025230.844040
230.844040230.844040230.844055230.844055230.844040230.844040230.844040230.844040
230.844040230.844040230.844040230.844040230.844040230.844040230.844040230.844040
230.844040230.844040230.844040230.844040230.844040230.844040230.844040230.844040
230.844040230.844040230.844040230.844040230.844040
  6.130266  6.130266  6.130266  6.130266  6.130266  6.130266  6.130266  6.130266
  6.130265  6.130266  6.130266  6.130266  6.130266  6.130266  6.130266  6.130266
  6.130266  6.130266  6.130266  6.130266  6.130266  6.130266  6.130266  6.130266
  6.130266  6.130266  6.130266  6.130266  6.130266  6.130266  6.130266  6.130266
  6.130266  6.130266  6.130266  6.130266  6.130266
 -1.069511 -1.063105 -1.055097 -1.045087 -1.032575 -1.016935 -0.997385 -0.972947
 -0.942400 -0.904216 -0.856486 -0.796824 -0.722246 -0.629024 -0.512496 -0.384372
 -0.256248 -0.128124  0.000000  0.128124  0.256248  0.384372  0.512496  0.629024
  0.722246  0.796824  0.856487  0.904217  0.942400  0.972948  0.997385  1.016935
  1.032575  1.045088  1.055097  1.063105  1.069511
  1.000000  1.250000  1.562500  1.953125  2.441406  3.051758  3.814697  4.768372
  5.960464  7.450581  9.313226 11.641532 14.551915 18.189894 20.000000 20.000000
 20.000000 20.000000 20.000000 20.000000 20.000000 20.000000 18.189894 14.551915
 11.641532  9.313226  7.450581  5.960464  4.768372  3.814697  3.051758  2.441406
  1.953125  1.562500  1.250000  1.000000
  1.000000  1.250000  1.562500  1.953125  2.441406  3.051758  3.814697  4.768372
  5.960464  7.450581  9.313226 11.641532 14.551915 18.189894 20.000000 20.000000
 20.000000 20.000000 20.000000 20.000000 20.000000 20.000000 18.189894 14.551915
 11.641532  9.313226  7.450581  5.960464  4.768372  3.814697  3.051758  2.441406
  1.953125  1.562500  1.250000  1.000000
 9000 9000 9000 9000 9000
 0 0 0 0 0 0 0 0 0 0 0 0 0 0 0 0 0 0 0 0
 0 0 0 0 0 0 0 0 0 0 0 0 0 0 0 0 0 0 0 0 0 0 0 0 0 0 0 0 0 0 0 0 0 0 0 0 0
  800000.0     0.500     0.000     0.800    3000.0     1.000     0.000
  0.025000  0.800000  1.000000  0.800000
  0.050000  0.050000  0.050000  0.050000  0.050000  0.030000
  0.050000  0.050000  0.050000  0.050000  0.050000  0.030000
  0.050000  0.050000  0.050000  0.050000  0.050000  0.030000
  0.050000  0.050000  0.050000  0.050000  0.050000  0.030000
  0.050000  0.050000  0.050000  0.050000  0.050000  0.030000
  0.050000  0.050000  0.050000  0.050000  0.050000  0.030000
   2.00000 1000
   1   1   2   2   3   3
  7.500000 25.000000
