 DATA SET FOR "multall" . GENERATED BY "stagen" .                       
    CP   and   GAMMA 
 1157.3014    1.3300
       ITIMST 
         3
     CFL,    DAMP,    MACHLIM,    F_PDOWN 
  0.400000 10.000000  2.000000  0.000000
  IF_RESTART 
         0
  NSTEPS_MAX, CONLIM 
      9000  0.001000
   SFX,      SFT,      FAC_4TH,     NCHANGE 
  0.005000  0.005000  0.800000      1000
       NUMBER OF BLADE ROWS 
         6
        IM        KM 
        37        37
  FP(I),I=1,IMM1 
  1.000000  1.250000  1.562500  1.953125  2.441406  3.051758  3.814697  4.768372
  5.960464  7.450581  9.313226 11.641532 14.551915 18.189894 20.000000 20.000000
 20.000000 20.000000 20.000000 20.000000 20.000000 20.000000 18.189894 14.551915
 11.641532  9.313226  7.450581  5.960464  4.768372  3.814697  3.051758  2.441406
  1.953125  1.562500  1.250000  1.000000
  FR(K),K=1,KMM1 
  1.000000  1.250000  1.562500  1.953125  2.441406  3.051758  3.814697  4.768372
  5.960464  7.450581  9.313226 11.641532 14.551915 18.189894 20.000000 20.000000
 20.000000 20.000000 20.000000 20.000000 20.000000 20.000000 18.189894 14.551915
 11.641532  9.313226  7.450581  5.960464  4.768372  3.814697  3.051758  2.441406
  1.953125  1.562500  1.250000  1.000000
        IR        JR        KR        IRBB      JRBB      KRBB 
         3         3         3         9         9         9
   FBLK1,     FBLK2,     FBLK3  
  0.400000  0.200000  0.100000
       IFMIX 
         1
   RFMIX,    FEXTRAP,   FSMTHB,    FANGLE 
  0.025000  0.800000  1.000000  0.800000
      IFCOOL    IFBLEED    IF_ROUGH 
         0         0         0
       NSECS_IN 
         3
       IN_PRESS  IN_VTAN   IN_VR    IN_FLOW  IF_REPEAT  RFIN 
         0         0         1         0         0   0.50000
  IPOUT  SFEXIT  NSFEXIT 
    1  0.000000    0
  PLATE_LOSS  THROTTLE_EXIT 
  0.000000  0.000000
        ILOS      NLOS      IBOUND 
        10         5         0
   REYNO,     RF_VIS,   FTRANS, TURBVIS_LIM, PRANDTL, YPLUSWALL
  800000.0     0.500     0.000  3000.000       1.0     0.000
   YPLAM      YPTURB 
  5.000000 25.000000
      ISHIFT    NEXTRAP_LE  NEXTRAP_TE 
         2        10        10
  (NSTG(N),N=1,NROWS) 
         1         1         2         2         3         3
  5  TIME STEPS FOR PRINTOUT 
      9000      9000      9000      9000      9000
  MARKER FOR VARIABLES TO BE SENT TO THE OUTPUT FILE.
 0 0 0 0 0 0 0 0 0 0 0 0 0 0 0 0 0 0 0 0
  STREAM SURFACES ON WHICH RESULTS ARE TO BE SENT TO   THE OUTPUT FILE 
 0 0 0 0 0 0 0 0 0 0 0 0 0 0 0 0 0 0 0 0 0 0 0 0 0 0 0 0 0 0 0 0 0 0 0 0 0
 ***************************************************************
 ************STARTING THE INPUT FOR EACH BLADE ROW**************
  BLADE ROW NUMBER =        1                                           
    NUMBER OF BLADES IN ROW 
       158
        JM        JLE       JTE 
        82        19        71
      KTIPSTART  KTIPEND 
         0         0
       BOUNDARY LAYER TRANSITION POINTS 
         0         0         0         0
  SET NEWGRID= 1 TO GENERATE A NEW GRID WITH DIFFERENT "J" POINTS AND SPACINGS.
         0
   RPMROW,    RPMHUB 
       0.0       0.0
       JROTHS    JROTHE    JROTTS    JROTTE 
         1         1         1         1
   PUPROW    PLEROW   PTEROW    PDROW 
 1428786.1 1428786.1 1135213.9 1135213.9
      NSECS_ROW   INSURF  
         3         0
  IF_CUSP_OUT   IFANGLES 
         1         0
         0         3         0
 ***************************************************************
  ROW NUMBER           1  SECTION NUMBER            1
           0           0           0  IF_DESIGN etc 
   1.00000   0.00000    0
 -0.005580 -0.004713 -0.003978 -0.003355 -0.002827 -0.002379 -0.002000 -0.001678
 -0.001405 -0.001173 -0.000977 -0.000811 -0.000669 -0.000549 -0.000448 -0.000361
 -0.000288 -0.000226 -0.000173 -0.000122 -0.000068 -0.000010  0.000051  0.000117
  0.000187  0.000263  0.000344  0.000431  0.000524  0.000623  0.000729  0.000842
  0.000963  0.001091  0.001229  0.001375  0.001531  0.001699  0.001878  0.002071
  0.002282  0.002513  0.002765  0.003036  0.003324  0.003623  0.003924  0.004225
  0.004525  0.004823  0.005119  0.005417  0.005717  0.006017  0.006317  0.006613
  0.006903  0.007184  0.007455  0.007716  0.007967  0.008209  0.008441  0.008665
  0.008879  0.009084  0.009279  0.009465  0.009641  0.009808  0.009965  0.010124
  0.010297  0.010483  0.010685  0.010904  0.011140  0.011396  0.011672  0.011971
  0.012294  0.012636
  1.000000  0.000000
 -0.000464 -0.000830 -0.001140 -0.001404 -0.001628 -0.001818 -0.001979 -0.002116
 -0.002232 -0.002331 -0.002415 -0.002486 -0.002546 -0.002597 -0.002641 -0.002678
 -0.002709 -0.002736 -0.002758 -0.002559 -0.002472 -0.002414 -0.002380 -0.002371
 -0.002382 -0.002395 -0.002407 -0.002418 -0.002427 -0.002435 -0.002441 -0.002444
 -0.002443 -0.002437 -0.002427 -0.002410 -0.002386 -0.002353 -0.002309 -0.002252
 -0.002178 -0.002084 -0.001963 -0.001814 -0.001634 -0.001423 -0.001186 -0.000923
 -0.000637 -0.000330  0.000000  0.000356  0.000737  0.001142  0.001569  0.002015
  0.002471  0.002933  0.003398  0.003862  0.004323  0.004781  0.005234  0.005680
  0.006118  0.006547  0.006964  0.007368  0.007758  0.008054  0.007988  0.008375
  0.008794  0.009247  0.009738  0.010269  0.010843  0.011465  0.012138  0.012867
  0.013655  0.014505
  1.000000
  0.000000  0.000000  0.000000  0.000000  0.000000  0.000000  0.000000  0.000000
  0.000000  0.000000  0.000000  0.000000  0.000000  0.000000  0.000000  0.000000
  0.000000  0.000000  0.000000  0.000359  0.000491  0.000584  0.000653  0.000698
  0.000724  0.000750  0.000776  0.000804  0.000833  0.000864  0.000896  0.000929
  0.000964  0.001000  0.001037  0.001075  0.001114  0.001154  0.001194  0.001235
  0.001277  0.001319  0.001360  0.001400  0.001436  0.001466  0.001491  0.001508
  0.001519  0.001523  0.001520  0.001511  0.001495  0.001473  0.001444  0.001409
  0.001368  0.001323  0.001274  0.001223  0.001169  0.001114  0.001056  0.000998
  0.000939  0.000880  0.000821  0.000762  0.000705  0.000570  0.000000  0.000000
  0.000000  0.000000  0.000000  0.000000  0.000000  0.000000  0.000000  0.000000
  0.000000  0.000000
  1.000000  0.000000
  0.223704  0.223648  0.223589  0.223530  0.223473  0.223420  0.223370  0.223325
  0.223285  0.223249  0.223217  0.223189  0.223165  0.223144  0.223126  0.223110
  0.223096  0.223085  0.223075  0.223058  0.223041  0.223022  0.223001  0.222979
  0.222955  0.222928  0.222900  0.222869  0.222836  0.222799  0.222760  0.222718
  0.222672  0.222622  0.222568  0.222510  0.222446  0.222378  0.222303  0.222222
  0.222132  0.222031  0.221921  0.221800  0.221671  0.221536  0.221399  0.221261
  0.221125  0.220990  0.220856  0.220723  0.220590  0.220460  0.220332  0.220208
  0.220090  0.219979  0.219874  0.219777  0.219687  0.219603  0.219526  0.219454
  0.219389  0.219330  0.219275  0.219226  0.219182  0.219143  0.219108  0.219082
  0.219054  0.219024  0.218990  0.218954  0.218913  0.218868  0.218818  0.218762
  0.218699  0.218595
 ***************************************************************
  ROW NUMBER           1  SECTION NUMBER            2
           0           0           0  IF_DESIGN etc 
   1.00000   0.00000    0
 -0.005247 -0.004440 -0.003754 -0.003172 -0.002678 -0.002258 -0.001902 -0.001599
 -0.001342 -0.001124 -0.000939 -0.000782 -0.000648 -0.000535 -0.000438 -0.000356
 -0.000287 -0.000228 -0.000178 -0.000128 -0.000075 -0.000018  0.000043  0.000108
  0.000177  0.000252  0.000332  0.000418  0.000510  0.000609  0.000715  0.000827
  0.000947  0.001076  0.001213  0.001360  0.001517  0.001685  0.001866  0.002061
  0.002273  0.002507  0.002762  0.003038  0.003330  0.003634  0.003940  0.004247
  0.004552  0.004854  0.005155  0.005458  0.005762  0.006065  0.006367  0.006666
  0.006956  0.007237  0.007508  0.007767  0.008016  0.008254  0.008483  0.008702
  0.008911  0.009111  0.009300  0.009480  0.009650  0.009810  0.009960  0.010110
  0.010273  0.010449  0.010640  0.010846  0.011069  0.011311  0.011573  0.011856
  0.012163  0.012495
  1.000000  0.000000
 -0.000336 -0.000646 -0.000908 -0.001132 -0.001321 -0.001482 -0.001619 -0.001735
 -0.001834 -0.001917 -0.001988 -0.002049 -0.002100 -0.002143 -0.002180 -0.002212
 -0.002238 -0.002261 -0.002280 -0.002097 -0.002021 -0.001972 -0.001947 -0.001945
 -0.001955 -0.001966 -0.001976 -0.001985 -0.001993 -0.002000 -0.002005 -0.002007
 -0.002006 -0.002002 -0.001994 -0.001981 -0.001961 -0.001934 -0.001898 -0.001852
 -0.001792 -0.001714 -0.001616 -0.001493 -0.001345 -0.001172 -0.000977 -0.000761
 -0.000525 -0.000272  0.000000  0.000293  0.000608  0.000942  0.001295  0.001663
  0.002040  0.002422  0.002807  0.003191  0.003572  0.003950  0.004325  0.004695
  0.005057  0.005412  0.005757  0.006091  0.006414  0.006650  0.006578  0.006899
  0.007247  0.007623  0.008030  0.008471  0.008948  0.009465  0.010024  0.010630
  0.011286  0.011995
  1.000000
  0.000000  0.000000  0.000000  0.000000  0.000000  0.000000  0.000000  0.000000
  0.000000  0.000000  0.000000  0.000000  0.000000  0.000000  0.000000  0.000000
  0.000000  0.000000  0.000000  0.000332  0.000450  0.000529  0.000584  0.000617
  0.000639  0.000661  0.000684  0.000709  0.000735  0.000762  0.000790  0.000819
  0.000850  0.000881  0.000914  0.000947  0.000982  0.001016  0.001052  0.001088
  0.001124  0.001162  0.001198  0.001232  0.001264  0.001290  0.001312  0.001327
  0.001336  0.001341  0.001338  0.001330  0.001316  0.001296  0.001271  0.001239
  0.001203  0.001164  0.001121  0.001076  0.001029  0.000980  0.000929  0.000878
  0.000826  0.000774  0.000722  0.000671  0.000620  0.000497  0.000000  0.000000
  0.000000  0.000000  0.000000  0.000000  0.000000  0.000000  0.000000  0.000000
  0.000000  0.000000
  1.000000  0.000000
  0.246300  0.246300  0.246300  0.246300  0.246300  0.246300  0.246300  0.246300
  0.246300  0.246300  0.246300  0.246300  0.246300  0.246300  0.246300  0.246300
  0.246300  0.246300  0.246300  0.246300  0.246300  0.246300  0.246300  0.246300
  0.246300  0.246300  0.246300  0.246300  0.246300  0.246300  0.246300  0.246300
  0.246300  0.246300  0.246300  0.246300  0.246300  0.246300  0.246300  0.246300
  0.246300  0.246300  0.246300  0.246300  0.246300  0.246300  0.246300  0.246300
  0.246300  0.246300  0.246300  0.246300  0.246300  0.246300  0.246300  0.246300
  0.246300  0.246300  0.246300  0.246300  0.246300  0.246300  0.246300  0.246300
  0.246300  0.246300  0.246300  0.246300  0.246300  0.246300  0.246300  0.246300
  0.246300  0.246300  0.246300  0.246300  0.246300  0.246300  0.246300  0.246300
  0.246300  0.246300
 ***************************************************************
  ROW NUMBER           1  SECTION NUMBER            3
           0           0           0  IF_DESIGN etc 
   1.00000   0.00000    0
 -0.005574 -0.004707 -0.003972 -0.003349 -0.002821 -0.002373 -0.001994 -0.001672
 -0.001399 -0.001167 -0.000971 -0.000804 -0.000663 -0.000543 -0.000442 -0.000355
 -0.000282 -0.000220 -0.000167 -0.000116 -0.000062 -0.000004  0.000057  0.000123
  0.000194  0.000269  0.000350  0.000437  0.000530  0.000629  0.000735  0.000848
  0.000969  0.001097  0.001235  0.001381  0.001538  0.001705  0.001884  0.002077
  0.002288  0.002519  0.002771  0.003042  0.003330  0.003629  0.003930  0.004231
  0.004531  0.004829  0.005125  0.005424  0.005723  0.006023  0.006323  0.006619
  0.006909  0.007190  0.007461  0.007722  0.007973  0.008215  0.008447  0.008671
  0.008885  0.009090  0.009285  0.009471  0.009647  0.009814  0.009971  0.010130
  0.010303  0.010489  0.010691  0.010910  0.011146  0.011402  0.011678  0.011977
  0.012301  0.012642
  1.000000  0.000000
 -0.000295 -0.000599 -0.000858 -0.001078 -0.001264 -0.001423 -0.001558 -0.001672
 -0.001769 -0.001852 -0.001922 -0.001981 -0.002032 -0.002075 -0.002111 -0.002142
 -0.002169 -0.002191 -0.002210 -0.002015 -0.001937 -0.001890 -0.001869 -0.001870
 -0.001881 -0.001891 -0.001901 -0.001909 -0.001917 -0.001924 -0.001928 -0.001931
 -0.001930 -0.001926 -0.001918 -0.001906 -0.001887 -0.001861 -0.001827 -0.001782
 -0.001724 -0.001649 -0.001554 -0.001437 -0.001295 -0.001128 -0.000941 -0.000733
 -0.000507 -0.000262  0.000000  0.000283  0.000585  0.000908  0.001248  0.001603
  0.001966  0.002335  0.002706  0.003077  0.003444  0.003810  0.004171  0.004528
  0.004878  0.005220  0.005553  0.005876  0.006187  0.006406  0.006318  0.006629
  0.006965  0.007330  0.007724  0.008152  0.008614  0.009115  0.009657  0.010245
  0.010881  0.011571
  1.000000
  0.000000  0.000000  0.000000  0.000000  0.000000  0.000000  0.000000  0.000000
  0.000000  0.000000  0.000000  0.000000  0.000000  0.000000  0.000000  0.000000
  0.000000  0.000000  0.000000  0.000355  0.000478  0.000555  0.000607  0.000636
  0.000658  0.000680  0.000704  0.000729  0.000756  0.000784  0.000813  0.000843
  0.000874  0.000906  0.000940  0.000974  0.001009  0.001045  0.001081  0.001119
  0.001156  0.001194  0.001231  0.001266  0.001299  0.001327  0.001348  0.001363
  0.001373  0.001377  0.001374  0.001366  0.001351  0.001331  0.001305  0.001273
  0.001236  0.001195  0.001152  0.001105  0.001057  0.001006  0.000954  0.000901
  0.000848  0.000794  0.000741  0.000688  0.000637  0.000507  0.000000  0.000000
  0.000000  0.000000  0.000000  0.000000  0.000000  0.000000  0.000000  0.000000
  0.000000  0.000000
  1.000000  0.000000
  0.268897  0.268952  0.269011  0.269070  0.269127  0.269181  0.269231  0.269276
  0.269316  0.269352  0.269384  0.269412  0.269436  0.269457  0.269475  0.269491
  0.269505  0.269516  0.269527  0.269544  0.269561  0.269580  0.269601  0.269623
  0.269648  0.269674  0.269702  0.269733  0.269767  0.269803  0.269842  0.269885
  0.269931  0.269980  0.270034  0.270093  0.270156  0.270225  0.270299  0.270381
  0.270471  0.270571  0.270682  0.270803  0.270932  0.271067  0.271204  0.271342
  0.271478  0.271613  0.271747  0.271880  0.272012  0.272143  0.272271  0.272395
  0.272512  0.272624  0.272728  0.272825  0.272916  0.272999  0.273076  0.273148
  0.273213  0.273272  0.273326  0.273375  0.273419  0.273458  0.273493  0.273519
  0.273547  0.273577  0.273611  0.273647  0.273688  0.273733  0.273783  0.273839
  0.273903  0.274007
 ***************************************************************
 ************STARTING THE INPUT FOR EACH BLADE ROW**************
  BLADE ROW NUMBER =        2                                           
    NUMBER OF BLADES IN ROW 
       145
        JM        JLE       JTE 
        79        16        68
      KTIPSTART  KTIPEND 
         0         0
       BOUNDARY LAYER TRANSITION POINTS 
         0         0         0         0
  SET NEWGRID= 1 TO GENERATE A NEW GRID WITH DIFFERENT "J" POINTS AND SPACINGS.
         0
   RPMROW,    RPMHUB 
   13250.3   13250.3
       JROTHS    JROTHE    JROTTS    JROTTE 
         1         1         1         1
   PUPROW    PLEROW   PTEROW    PDROW 
 1135213.9 1135213.9  892038.4  892038.4
      NSECS_ROW   INSURF  
         3         0
  IF_CUSP_OUT   IFANGLES 
         1         0
         0         3         0
 ***************************************************************
  ROW NUMBER           2  SECTION NUMBER            1
           0           0           0  IF_DESIGN etc 
   1.00000   0.00000    0
  0.009272  0.009727  0.010124  0.010471  0.010770  0.011029  0.011252  0.011444
  0.011611  0.011754  0.011878  0.011985  0.012078  0.012158  0.012226  0.012286
  0.012344  0.012406  0.012472  0.012543  0.012618  0.012698  0.012784  0.012876
  0.012975  0.013080  0.013192  0.013312  0.013439  0.013574  0.013718  0.013872
  0.014035  0.014209  0.014394  0.014593  0.014805  0.015036  0.015289  0.015564
  0.015859  0.016171  0.016494  0.016819  0.017143  0.017465  0.017784  0.018102
  0.018421  0.018742  0.019064  0.019386  0.019705  0.020016  0.020319  0.020613
  0.020896  0.021169  0.021432  0.021686  0.021932  0.022167  0.022393  0.022610
  0.022816  0.023013  0.023199  0.023375  0.023555  0.023751  0.023963  0.024192
  0.024441  0.024711  0.025004  0.025322  0.025666  0.026037  0.026439
  1.000000  0.000000
 -0.003710 -0.003328 -0.002998 -0.002714 -0.002468 -0.002256 -0.002072 -0.001914
 -0.001777 -0.001659 -0.001557 -0.001468 -0.001392 -0.001326 -0.001269 -0.001220
 -0.001008 -0.000932 -0.000859 -0.000784 -0.000707 -0.000628 -0.000547 -0.000463
 -0.000377 -0.000289 -0.000198 -0.000107 -0.000015  0.000077  0.000169  0.000259
  0.000347  0.000431  0.000510  0.000584  0.000647  0.000701  0.000740  0.000759
  0.000751  0.000713  0.000638  0.000530  0.000386  0.000209  0.000000 -0.000239
 -0.000514 -0.000823 -0.001164 -0.001537 -0.001937 -0.002357 -0.002791 -0.003237
 -0.003688 -0.004142 -0.004600 -0.005058 -0.005513 -0.005964 -0.006407 -0.006843
 -0.007268 -0.007681 -0.008079 -0.008546 -0.008912 -0.009309 -0.009738 -0.010203
 -0.010706 -0.011251 -0.011840 -0.012478 -0.013167 -0.013914 -0.014720
  1.000000
  0.000000  0.000000  0.000000  0.000000  0.000000  0.000000  0.000000  0.000000
  0.000000  0.000000  0.000000  0.000000  0.000000  0.000000  0.000000  0.000000
  0.000399  0.000525  0.000623  0.000704  0.000768  0.000814  0.000850  0.000885
  0.000920  0.000955  0.000990  0.001025  0.001059  0.001094  0.001128  0.001161
  0.001193  0.001225  0.001256  0.001285  0.001313  0.001340  0.001364  0.001387
  0.001403  0.001417  0.001424  0.001426  0.001421  0.001412  0.001398  0.001380
  0.001357  0.001329  0.001297  0.001261  0.001222  0.001180  0.001137  0.001092
  0.001046  0.001000  0.000953  0.000906  0.000860  0.000814  0.000769  0.000725
  0.000682  0.000640  0.000539  0.000000  0.000000  0.000000  0.000000  0.000000
  0.000000  0.000000  0.000000  0.000000  0.000000  0.000000  0.000000
  1.000000  0.000000
  0.219277  0.219162  0.219082  0.219026  0.218976  0.218933  0.218894  0.218860
  0.218830  0.218803  0.218780  0.218760  0.218742  0.218726  0.218713  0.218701
  0.218684  0.218666  0.218647  0.218625  0.218601  0.218574  0.218544  0.218512
  0.218476  0.218435  0.218391  0.218342  0.218288  0.218229  0.218164  0.218092
  0.218012  0.217925  0.217829  0.217724  0.217607  0.217476  0.217329  0.217165
  0.216985  0.216790  0.216586  0.216379  0.216171  0.215964  0.215760  0.215559
  0.215360  0.215164  0.214972  0.214787  0.214611  0.214446  0.214294  0.214155
  0.214030  0.213918  0.213819  0.213732  0.213657  0.213593  0.213539  0.213496
  0.213462  0.213436  0.213419  0.213408  0.213431  0.213454  0.213479  0.213505
  0.213531  0.213555  0.213579  0.213600  0.213613  0.213614  0.213598
 ***************************************************************
  ROW NUMBER           2  SECTION NUMBER            2
           0           0           0  IF_DESIGN etc 
   1.00000   0.00000    0
  0.009519  0.009943  0.010310  0.010627  0.010901  0.011137  0.011341  0.011518
  0.011670  0.011802  0.011916  0.012014  0.012099  0.012173  0.012236  0.012291
  0.012346  0.012404  0.012466  0.012532  0.012603  0.012679  0.012761  0.012849
  0.012943  0.013044  0.013152  0.013267  0.013390  0.013522  0.013662  0.013813
  0.013973  0.014145  0.014329  0.014527  0.014739  0.014972  0.015228  0.015507
  0.015808  0.016128  0.016460  0.016795  0.017131  0.017464  0.017795  0.018124
  0.018455  0.018787  0.019119  0.019450  0.019776  0.020094  0.020402  0.020698
  0.020982  0.021253  0.021514  0.021764  0.022004  0.022233  0.022451  0.022658
  0.022855  0.023040  0.023215  0.023380  0.023544  0.023722  0.023915  0.024123
  0.024349  0.024593  0.024857  0.025144  0.025454  0.025789  0.026152
  1.000000  0.000000
 -0.000317 -0.000154 -0.000013  0.000108  0.000213  0.000304  0.000382  0.000450
  0.000508  0.000559  0.000603  0.000640  0.000673  0.000701  0.000725  0.000746
  0.000952  0.001006  0.001048  0.001090  0.001131  0.001173  0.001214  0.001256
  0.001297  0.001338  0.001378  0.001415  0.001451  0.001485  0.001514  0.001540
  0.001560  0.001573  0.001577  0.001573  0.001555  0.001521  0.001469  0.001391
  0.001284  0.001146  0.000974  0.000772  0.000541  0.000283  0.000000 -0.000309
 -0.000647 -0.001013 -0.001407 -0.001826 -0.002266 -0.002720 -0.003183 -0.003650
 -0.004118 -0.004585 -0.005050 -0.005512 -0.005968 -0.006417 -0.006857 -0.007286
 -0.007702 -0.008104 -0.008490 -0.008947 -0.009299 -0.009679 -0.010090 -0.010536
 -0.011018 -0.011540 -0.012105 -0.012717 -0.013380 -0.014097 -0.014873
  1.000000
  0.000000  0.000000  0.000000  0.000000  0.000000  0.000000  0.000000  0.000000
  0.000000  0.000000  0.000000  0.000000  0.000000  0.000000  0.000000  0.000000
  0.000441  0.000577  0.000674  0.000750  0.000803  0.000841  0.000878  0.000914
  0.000950  0.000986  0.001022  0.001057  0.001093  0.001128  0.001162  0.001196
  0.001230  0.001262  0.001294  0.001325  0.001353  0.001380  0.001405  0.001427
  0.001445  0.001459  0.001466  0.001468  0.001464  0.001454  0.001439  0.001420
  0.001396  0.001367  0.001334  0.001297  0.001257  0.001214  0.001169  0.001123
  0.001075  0.001028  0.000980  0.000932  0.000884  0.000837  0.000790  0.000745
  0.000701  0.000658  0.000536  0.000000  0.000000  0.000000  0.000000  0.000000
  0.000000  0.000000  0.000000  0.000000  0.000000  0.000000  0.000000
  1.000000  0.000000
  0.246300  0.246300  0.246300  0.246300  0.246300  0.246300  0.246300  0.246300
  0.246300  0.246300  0.246300  0.246300  0.246300  0.246300  0.246300  0.246300
  0.246300  0.246300  0.246300  0.246300  0.246300  0.246300  0.246300  0.246300
  0.246300  0.246300  0.246300  0.246300  0.246300  0.246300  0.246300  0.246300
  0.246300  0.246300  0.246300  0.246300  0.246300  0.246300  0.246300  0.246300
  0.246300  0.246300  0.246300  0.246300  0.246300  0.246300  0.246300  0.246300
  0.246300  0.246300  0.246300  0.246300  0.246300  0.246300  0.246300  0.246300
  0.246300  0.246300  0.246300  0.246300  0.246300  0.246300  0.246300  0.246300
  0.246300  0.246300  0.246300  0.246300  0.246300  0.246300  0.246300  0.246300
  0.246300  0.246300  0.246300  0.246300  0.246300  0.246300  0.246300
 ***************************************************************
  ROW NUMBER           2  SECTION NUMBER            3
           0           0           0  IF_DESIGN etc 
   1.00000   0.00000    0
  0.009290  0.009745  0.010142  0.010489  0.010788  0.011047  0.011270  0.011462
  0.011629  0.011772  0.011896  0.012003  0.012096  0.012175  0.012244  0.012304
  0.012362  0.012424  0.012490  0.012561  0.012636  0.012716  0.012802  0.012894
  0.012993  0.013098  0.013210  0.013330  0.013457  0.013592  0.013736  0.013890
  0.014053  0.014227  0.014412  0.014610  0.014823  0.015054  0.015307  0.015582
  0.015877  0.016189  0.016512  0.016836  0.017161  0.017483  0.017802  0.018120
  0.018439  0.018760  0.019082  0.019404  0.019722  0.020034  0.020337  0.020631
  0.020914  0.021186  0.021450  0.021704  0.021949  0.022185  0.022411  0.022628
  0.022834  0.023031  0.023217  0.023393  0.023573  0.023769  0.023981  0.024210
  0.024459  0.024729  0.025022  0.025340  0.025684  0.026055  0.026456
  1.000000  0.000000
  0.002481  0.002486  0.002490  0.002493  0.002496  0.002499  0.002501  0.002503
  0.002505  0.002506  0.002508  0.002509  0.002510  0.002510  0.002511  0.002512
  0.002820  0.002917  0.002968  0.002994  0.003013  0.003031  0.003047  0.003060
  0.003071  0.003079  0.003083  0.003083  0.003077  0.003065  0.003047  0.003020
  0.002985  0.002938  0.002877  0.002802  0.002708  0.002592  0.002445  0.002265
  0.002047  0.001788  0.001491  0.001161  0.000801  0.000413  0.000000 -0.000440
 -0.000910 -0.001410 -0.001939 -0.002494 -0.003070 -0.003656 -0.004247 -0.004840
 -0.005428 -0.006011 -0.006588 -0.007157 -0.007716 -0.008264 -0.008798 -0.009316
 -0.009817 -0.010300 -0.010762 -0.011283 -0.011698 -0.012148 -0.012635 -0.013163
 -0.013734 -0.014352 -0.015021 -0.015746 -0.016531 -0.017381 -0.018303
  1.000000
  0.000000  0.000000  0.000000  0.000000  0.000000  0.000000  0.000000  0.000000
  0.000000  0.000000  0.000000  0.000000  0.000000  0.000000  0.000000  0.000000
  0.000622  0.000823  0.000922  0.000975  0.001021  0.001068  0.001113  0.001158
  0.001204  0.001249  0.001294  0.001339  0.001383  0.001427  0.001471  0.001514
  0.001556  0.001597  0.001636  0.001674  0.001710  0.001745  0.001776  0.001804
  0.001827  0.001844  0.001853  0.001854  0.001848  0.001836  0.001818  0.001794
  0.001763  0.001727  0.001686  0.001639  0.001587  0.001532  0.001475  0.001417
  0.001357  0.001297  0.001236  0.001176  0.001115  0.001055  0.000997  0.000939
  0.000883  0.000829  0.000653  0.000000  0.000000  0.000000  0.000000  0.000000
  0.000000  0.000000  0.000000  0.000000  0.000000  0.000000  0.000000
  1.000000  0.000000
  0.273328  0.273442  0.273521  0.273577  0.273627  0.273670  0.273709  0.273744
  0.273774  0.273800  0.273824  0.273844  0.273862  0.273877  0.273891  0.273904
  0.273921  0.273939  0.273959  0.273981  0.274005  0.274032  0.274062  0.274095
  0.274131  0.274172  0.274216  0.274265  0.274319  0.274379  0.274444  0.274517
  0.274596  0.274684  0.274780  0.274886  0.275003  0.275134  0.275282  0.275446
  0.275626  0.275821  0.276025  0.276233  0.276441  0.276648  0.276852  0.277052
  0.277251  0.277447  0.277638  0.277823  0.277999  0.278163  0.278315  0.278453
  0.278578  0.278689  0.278787  0.278874  0.278948  0.279012  0.279065  0.279107
  0.279141  0.279166  0.279183  0.279190  0.279167  0.279143  0.279119  0.279093
  0.279068  0.279043  0.279020  0.278999  0.278987  0.278986  0.279004
 ***************************************************************
 ************STARTING THE INPUT FOR EACH BLADE ROW**************
  BLADE ROW NUMBER =        3                                           
    NUMBER OF BLADES IN ROW 
       144
        JM        JLE       JTE 
        79        16        68
      KTIPSTART  KTIPEND 
         0         0
       BOUNDARY LAYER TRANSITION POINTS 
         0         0         0         0
  SET NEWGRID= 1 TO GENERATE A NEW GRID WITH DIFFERENT "J" POINTS AND SPACINGS.
         0
   RPMROW,    RPMHUB 
       0.0       0.0
       JROTHS    JROTHE    JROTTS    JROTTE 
         1         1         1         1
   PUPROW    PLEROW   PTEROW    PDROW 
  892038.4  892038.4  690319.8  690319.8
      NSECS_ROW   INSURF  
         3         0
  IF_CUSP_OUT   IFANGLES 
         1         0
         0         3         0
 ***************************************************************
  ROW NUMBER           3  SECTION NUMBER            1
           0           0           0  IF_DESIGN etc 
   1.00000   0.00000    0
  0.024688  0.025193  0.025629  0.026005  0.026330  0.026608  0.026848  0.027055
  0.027233  0.027386  0.027518  0.027632  0.027731  0.027816  0.027889  0.027952
  0.028013  0.028078  0.028147  0.028221  0.028299  0.028383  0.028472  0.028568
  0.028670  0.028779  0.028895  0.029018  0.029149  0.029287  0.029435  0.029591
  0.029757  0.029933  0.030121  0.030320  0.030533  0.030765  0.031017  0.031291
  0.031583  0.031891  0.032209  0.032527  0.032845  0.033161  0.033473  0.033783
  0.034096  0.034410  0.034726  0.035041  0.035355  0.035663  0.035963  0.036255
  0.036537  0.036811  0.037076  0.037333  0.037581  0.037821  0.038053  0.038275
  0.038488  0.038691  0.038885  0.039068  0.039258  0.039464  0.039687  0.039928
  0.040189  0.040471  0.040775  0.041104  0.041458  0.041824  0.042209
  1.000000  0.000000
 -0.002113 -0.002337 -0.002530 -0.002696 -0.002840 -0.002964 -0.003070 -0.003163
 -0.003242 -0.003311 -0.003370 -0.003422 -0.003466 -0.003504 -0.003537 -0.003565
 -0.003322 -0.003215 -0.003141 -0.003094 -0.003079 -0.003090 -0.003106 -0.003121
 -0.003135 -0.003147 -0.003157 -0.003164 -0.003167 -0.003165 -0.003157 -0.003144
 -0.003121 -0.003089 -0.003046 -0.002988 -0.002914 -0.002818 -0.002694 -0.002538
 -0.002344 -0.002110 -0.001838 -0.001531 -0.001191 -0.000822 -0.000426  0.000000
  0.000458  0.000949  0.001470  0.002020  0.002593  0.003179  0.003773  0.004370
  0.004965  0.005557  0.006144  0.006726  0.007299  0.007861  0.008411  0.008946
  0.009465  0.009966  0.010351  0.010278  0.010775  0.011312  0.011893  0.012523
  0.013203  0.013940  0.014737  0.015600  0.016532  0.017537  0.018622
  1.000000
  0.000000  0.000000  0.000000  0.000000  0.000000  0.000000  0.000000  0.000000
  0.000000  0.000000  0.000000  0.000000  0.000000  0.000000  0.000000  0.000000
  0.000436  0.000600  0.000717  0.000807  0.000868  0.000904  0.000935  0.000968
  0.001003  0.001040  0.001079  0.001119  0.001160  0.001204  0.001249  0.001295
  0.001343  0.001391  0.001441  0.001492  0.001543  0.001595  0.001648  0.001699
  0.001749  0.001793  0.001832  0.001862  0.001884  0.001897  0.001902  0.001899
  0.001888  0.001868  0.001841  0.001805  0.001761  0.001710  0.001653  0.001593
  0.001529  0.001462  0.001392  0.001320  0.001247  0.001174  0.001100  0.001026
  0.000953  0.000882  0.000715  0.000000  0.000000  0.000000  0.000000  0.000000
  0.000000  0.000000  0.000000  0.000000  0.000000  0.000000  0.000000
  1.000000  0.000000
  0.213554  0.213592  0.213611  0.213614  0.213604  0.213580  0.213549  0.213515
  0.213482  0.213450  0.213420  0.213392  0.213367  0.213344  0.213324  0.213306
  0.213287  0.213267  0.213245  0.213220  0.213193  0.213164  0.213131  0.213094
  0.213054  0.213010  0.212960  0.212906  0.212846  0.212780  0.212707  0.212626
  0.212537  0.212439  0.212330  0.212209  0.212075  0.211923  0.211751  0.211558
  0.211344  0.211111  0.210863  0.210609  0.210350  0.210091  0.209833  0.209575
  0.209317  0.209060  0.208805  0.208556  0.208314  0.208084  0.207868  0.207666
  0.207479  0.207307  0.207148  0.207002  0.206869  0.206748  0.206638  0.206540
  0.206452  0.206374  0.206305  0.206245  0.206202  0.206155  0.206104  0.206048
  0.205986  0.205916  0.205839  0.205753  0.205654  0.205497  0.205300
 ***************************************************************
  ROW NUMBER           3  SECTION NUMBER            2
           0           0           0  IF_DESIGN etc 
   1.00000   0.00000    0
  0.025178  0.025604  0.025972  0.026289  0.026564  0.026801  0.027005  0.027182
  0.027335  0.027467  0.027581  0.027680  0.027765  0.027839  0.027902  0.027957
  0.028012  0.028070  0.028133  0.028199  0.028270  0.028347  0.028429  0.028516
  0.028611  0.028712  0.028820  0.028936  0.029059  0.029191  0.029332  0.029483
  0.029644  0.029816  0.030000  0.030198  0.030412  0.030645  0.030901  0.031181
  0.031483  0.031804  0.032137  0.032472  0.032809  0.033143  0.033475  0.033805
  0.034137  0.034470  0.034803  0.035134  0.035461  0.035780  0.036088  0.036385
  0.036669  0.036942  0.037203  0.037454  0.037694  0.037923  0.038142  0.038350
  0.038547  0.038733  0.038909  0.039073  0.039238  0.039416  0.039609  0.039818
  0.040044  0.040289  0.040554  0.040841  0.041152  0.041488  0.041852
  1.000000  0.000000
 -0.001434 -0.001598 -0.001739 -0.001860 -0.001966 -0.002057 -0.002135 -0.002203
 -0.002262 -0.002312 -0.002356 -0.002394 -0.002427 -0.002455 -0.002479 -0.002500
 -0.002300 -0.002215 -0.002162 -0.002135 -0.002132 -0.002144 -0.002155 -0.002166
 -0.002177 -0.002186 -0.002193 -0.002198 -0.002201 -0.002200 -0.002196 -0.002187
 -0.002172 -0.002150 -0.002121 -0.002082 -0.002031 -0.001965 -0.001879 -0.001772
 -0.001637 -0.001475 -0.001286 -0.001071 -0.000834 -0.000576 -0.000298  0.000000
  0.000322  0.000666  0.001033  0.001420  0.001824  0.002237  0.002656  0.003078
  0.003498  0.003916  0.004331  0.004742  0.005148  0.005545  0.005934  0.006312
  0.006679  0.007033  0.007292  0.007213  0.007565  0.007946  0.008358  0.008805
  0.009288  0.009812  0.010378  0.010992  0.011655  0.012374  0.013152
  1.000000
  0.000000  0.000000  0.000000  0.000000  0.000000  0.000000  0.000000  0.000000
  0.000000  0.000000  0.000000  0.000000  0.000000  0.000000  0.000000  0.000000
  0.000364  0.000494  0.000581  0.000641  0.000677  0.000701  0.000725  0.000750
  0.000777  0.000806  0.000835  0.000866  0.000898  0.000932  0.000966  0.001002
  0.001039  0.001076  0.001114  0.001153  0.001193  0.001233  0.001274  0.001313
  0.001351  0.001386  0.001415  0.001439  0.001455  0.001465  0.001470  0.001467
  0.001458  0.001443  0.001421  0.001393  0.001359  0.001319  0.001276  0.001229
  0.001180  0.001128  0.001074  0.001019  0.000963  0.000906  0.000848  0.000792
  0.000735  0.000680  0.000545  0.000000  0.000000  0.000000  0.000000  0.000000
  0.000000  0.000000  0.000000  0.000000  0.000000  0.000000  0.000000
  1.000000  0.000000
  0.246300  0.246300  0.246300  0.246300  0.246300  0.246300  0.246300  0.246300
  0.246300  0.246300  0.246300  0.246300  0.246300  0.246300  0.246300  0.246300
  0.246300  0.246300  0.246300  0.246300  0.246300  0.246300  0.246300  0.246300
  0.246300  0.246300  0.246300  0.246300  0.246300  0.246300  0.246300  0.246300
  0.246300  0.246300  0.246300  0.246300  0.246300  0.246300  0.246300  0.246300
  0.246300  0.246300  0.246300  0.246300  0.246300  0.246300  0.246300  0.246300
  0.246300  0.246300  0.246300  0.246300  0.246300  0.246300  0.246300  0.246300
  0.246300  0.246300  0.246300  0.246300  0.246300  0.246300  0.246300  0.246300
  0.246300  0.246300  0.246300  0.246300  0.246300  0.246300  0.246300  0.246300
  0.246300  0.246300  0.246300  0.246300  0.246300  0.246300  0.246300
 ***************************************************************
  ROW NUMBER           3  SECTION NUMBER            3
           0           0           0  IF_DESIGN etc 
   1.00000   0.00000    0
  0.024688  0.025193  0.025629  0.026005  0.026330  0.026608  0.026848  0.027055
  0.027233  0.027386  0.027518  0.027632  0.027731  0.027816  0.027889  0.027952
  0.028013  0.028078  0.028147  0.028221  0.028299  0.028383  0.028472  0.028568
  0.028670  0.028779  0.028895  0.029018  0.029149  0.029287  0.029435  0.029591
  0.029757  0.029933  0.030121  0.030320  0.030533  0.030765  0.031017  0.031291
  0.031583  0.031891  0.032209  0.032527  0.032845  0.033161  0.033473  0.033783
  0.034096  0.034410  0.034726  0.035041  0.035355  0.035663  0.035963  0.036255
  0.036537  0.036811  0.037076  0.037333  0.037581  0.037821  0.038053  0.038275
  0.038488  0.038691  0.038885  0.039068  0.039258  0.039464  0.039687  0.039928
  0.040189  0.040471  0.040775  0.041104  0.041458  0.041824  0.042209
  1.000000  0.000000
 -0.001436 -0.001606 -0.001754 -0.001881 -0.001991 -0.002086 -0.002169 -0.002240
 -0.002302 -0.002355 -0.002401 -0.002441 -0.002475 -0.002505 -0.002530 -0.002553
 -0.002319 -0.002226 -0.002171 -0.002148 -0.002151 -0.002163 -0.002175 -0.002186
 -0.002197 -0.002206 -0.002213 -0.002218 -0.002221 -0.002220 -0.002216 -0.002207
 -0.002192 -0.002171 -0.002141 -0.002102 -0.002050 -0.001984 -0.001899 -0.001789
 -0.001655 -0.001491 -0.001299 -0.001083 -0.000844 -0.000584 -0.000303  0.000000
  0.000326  0.000675  0.001047  0.001440  0.001849  0.002269  0.002695  0.003124
  0.003551  0.003976  0.004398  0.004816  0.005228  0.005632  0.006028  0.006412
  0.006785  0.007144  0.007394  0.007281  0.007640  0.008029  0.008451  0.008907
  0.009402  0.009937  0.010516  0.011144  0.011824  0.012562  0.013364
  1.000000
  0.000000  0.000000  0.000000  0.000000  0.000000  0.000000  0.000000  0.000000
  0.000000  0.000000  0.000000  0.000000  0.000000  0.000000  0.000000  0.000000
  0.000427  0.000574  0.000665  0.000723  0.000757  0.000782  0.000809  0.000837
  0.000867  0.000899  0.000932  0.000966  0.001002  0.001039  0.001077  0.001117
  0.001157  0.001200  0.001242  0.001285  0.001329  0.001374  0.001418  0.001463
  0.001505  0.001543  0.001576  0.001602  0.001620  0.001631  0.001635  0.001633
  0.001623  0.001606  0.001581  0.001550  0.001512  0.001469  0.001421  0.001368
  0.001313  0.001256  0.001196  0.001134  0.001071  0.001008  0.000944  0.000881
  0.000818  0.000756  0.000601  0.000000  0.000000  0.000000  0.000000  0.000000
  0.000000  0.000000  0.000000  0.000000  0.000000  0.000000  0.000000
  1.000000  0.000000
  0.279046  0.279008  0.278989  0.278986  0.278996  0.279020  0.279051  0.279085
  0.279118  0.279150  0.279180  0.279208  0.279233  0.279256  0.279276  0.279294
  0.279313  0.279333  0.279355  0.279380  0.279407  0.279436  0.279469  0.279506
  0.279546  0.279590  0.279640  0.279694  0.279754  0.279820  0.279893  0.279974
  0.280063  0.280161  0.280270  0.280391  0.280525  0.280677  0.280849  0.281042
  0.281256  0.281490  0.281737  0.281991  0.282250  0.282509  0.282768  0.283025
  0.283283  0.283541  0.283795  0.284045  0.284286  0.284516  0.284732  0.284934
  0.285121  0.285294  0.285453  0.285598  0.285732  0.285853  0.285962  0.286060
  0.286148  0.286226  0.286295  0.286355  0.286398  0.286445  0.286496  0.286552
  0.286614  0.286683  0.286760  0.286846  0.286946  0.287102  0.287299
 ***************************************************************
 ************STARTING THE INPUT FOR EACH BLADE ROW**************
  BLADE ROW NUMBER =        4                                           
    NUMBER OF BLADES IN ROW 
       145
        JM        JLE       JTE 
        79        16        68
      KTIPSTART  KTIPEND 
         0         0
       BOUNDARY LAYER TRANSITION POINTS 
         0         0         0         0
  SET NEWGRID= 1 TO GENERATE A NEW GRID WITH DIFFERENT "J" POINTS AND SPACINGS.
         0
   RPMROW,    RPMHUB 
   13250.3   13250.3
       JROTHS    JROTHE    JROTTS    JROTTE 
         1         1         1         1
   PUPROW    PLEROW   PTEROW    PDROW 
  690319.8  690319.8  526891.1  526891.1
      NSECS_ROW   INSURF  
         3         0
  IF_CUSP_OUT   IFANGLES 
         1         0
         0         3         0
 ***************************************************************
  ROW NUMBER           4  SECTION NUMBER            1
           0           0           0  IF_DESIGN etc 
   1.00000   0.00000    0
  0.035968  0.036731  0.037409  0.038011  0.038545  0.039018  0.039444  0.039814
  0.040133  0.040408  0.040645  0.040850  0.041027  0.041179  0.041311  0.041424
  0.041533  0.041648  0.041770  0.041899  0.042036  0.042181  0.042336  0.042500
  0.042674  0.042858  0.043053  0.043259  0.043475  0.043704  0.043944  0.044198
  0.044466  0.044748  0.045046  0.045362  0.045698  0.046062  0.046458  0.046888
  0.047350  0.047843  0.048358  0.048885  0.049422  0.049970  0.050529  0.051104
  0.051703  0.052328  0.052986  0.053675  0.054365  0.055048  0.055709  0.056337
  0.056930  0.057488  0.057981  0.058433  0.058845  0.059223  0.059570  0.059888
  0.060181  0.060449  0.060696  0.060922  0.061144  0.061380  0.061630  0.061895
  0.062178  0.062480  0.062803  0.063151  0.063527  0.063937  0.064390
  1.000000  0.000000
 -0.010330 -0.009365 -0.008534 -0.007819 -0.007204 -0.006674 -0.006217 -0.005823
 -0.005483 -0.005189 -0.004935 -0.004716 -0.004526 -0.004363 -0.004221 -0.004099
 -0.003672 -0.003498 -0.003328 -0.003152 -0.002972 -0.002783 -0.002588 -0.002386
 -0.002177 -0.001960 -0.001737 -0.001508 -0.001276 -0.001040 -0.000801 -0.000562
 -0.000324 -0.000088  0.000141  0.000362  0.000570  0.000766  0.000937  0.001077
  0.001171  0.001210  0.001179  0.001081  0.000910  0.000672  0.000369  0.000000
 -0.000438 -0.000945 -0.001518 -0.002159 -0.002858 -0.003601 -0.004377 -0.005179
 -0.005994 -0.006818 -0.007650 -0.008483 -0.009315 -0.010139 -0.010951 -0.011748
 -0.012526 -0.013281 -0.014009 -0.014863 -0.015530 -0.016250 -0.017027 -0.017866
 -0.018772 -0.019749 -0.020803 -0.021941 -0.023168 -0.024492 -0.025922
  1.000000
  0.000000  0.000000  0.000000  0.000000  0.000000  0.000000  0.000000  0.000000
  0.000000  0.000000  0.000000  0.000000  0.000000  0.000000  0.000000  0.000000
  0.000739  0.000971  0.001148  0.001294  0.001409  0.001491  0.001557  0.001621
  0.001685  0.001750  0.001814  0.001878  0.001941  0.002003  0.002065  0.002125
  0.002185  0.002244  0.002300  0.002353  0.002405  0.002454  0.002498  0.002538
  0.002571  0.002595  0.002607  0.002612  0.002603  0.002587  0.002561  0.002527
  0.002484  0.002433  0.002377  0.002311  0.002239  0.002163  0.002083  0.001999
  0.001915  0.001831  0.001745  0.001660  0.001575  0.001492  0.001409  0.001329
  0.001250  0.001174  0.001000  0.000000  0.000000  0.000000  0.000000  0.000000
  0.000000  0.000000  0.000000  0.000000  0.000000  0.000000  0.000000
  1.000000  0.000000
  0.207865  0.207356  0.206960  0.206657  0.206430  0.206261  0.206160  0.206074
  0.205999  0.205932  0.205873  0.205820  0.205774  0.205734  0.205698  0.205667
  0.205624  0.205576  0.205522  0.205461  0.205393  0.205316  0.205229  0.205131
  0.205020  0.204896  0.204756  0.204600  0.204427  0.204233  0.204018  0.203779
  0.203515  0.203224  0.202903  0.202550  0.202162  0.201732  0.201256  0.200737
  0.200186  0.199616  0.199053  0.198521  0.198037  0.197613  0.197258  0.196980
  0.196786  0.196685  0.196716  0.196892  0.197019  0.197085  0.197086  0.197011
  0.196869  0.196680  0.196459  0.196210  0.195940  0.195656  0.195363  0.195065
  0.194768  0.194473  0.194185  0.193906  0.193619  0.193301  0.192949  0.192559
  0.192129  0.191656  0.191137  0.190572  0.189960  0.189301  0.188600
 ***************************************************************
  ROW NUMBER           4  SECTION NUMBER            2
           0           0           0  IF_DESIGN etc 
   1.00000   0.00000    0
  0.042480  0.042918  0.043297  0.043623  0.043906  0.044150  0.044361  0.044543
  0.044700  0.044836  0.044953  0.045055  0.045143  0.045218  0.045284  0.045340
  0.045397  0.045457  0.045521  0.045589  0.045662  0.045741  0.045825  0.045916
  0.046013  0.046117  0.046228  0.046347  0.046474  0.046610  0.046755  0.046910
  0.047076  0.047253  0.047443  0.047647  0.047866  0.048106  0.048370  0.048658
  0.048969  0.049299  0.049641  0.049987  0.050333  0.050678  0.051019  0.051359
  0.051700  0.052042  0.052385  0.052726  0.053063  0.053391  0.053708  0.054013
  0.054306  0.054586  0.054856  0.055114  0.055361  0.055597  0.055822  0.056036
  0.056238  0.056430  0.056611  0.056780  0.056950  0.057133  0.057332  0.057547
  0.057780  0.058032  0.058305  0.058600  0.058920  0.059266  0.059640
  1.000000  0.000000
 -0.000327 -0.000159 -0.000014  0.000112  0.000220  0.000313  0.000394  0.000464
  0.000525  0.000577  0.000622  0.000661  0.000694  0.000723  0.000748  0.000770
  0.000983  0.001037  0.001081  0.001124  0.001167  0.001210  0.001253  0.001296
  0.001338  0.001380  0.001421  0.001460  0.001497  0.001532  0.001562  0.001588
  0.001609  0.001622  0.001627  0.001622  0.001604  0.001570  0.001516  0.001435
  0.001325  0.001183  0.001005  0.000796  0.000558  0.000292  0.000000 -0.000319
 -0.000668 -0.001045 -0.001452 -0.001884 -0.002338 -0.002806 -0.003283 -0.003765
 -0.004249 -0.004730 -0.005210 -0.005687 -0.006157 -0.006620 -0.007074 -0.007516
 -0.007946 -0.008360 -0.008759 -0.009231 -0.009593 -0.009985 -0.010410 -0.010869
 -0.011367 -0.011906 -0.012489 -0.013120 -0.013803 -0.014543 -0.015344
  1.000000
  0.000000  0.000000  0.000000  0.000000  0.000000  0.000000  0.000000  0.000000
  0.000000  0.000000  0.000000  0.000000  0.000000  0.000000  0.000000  0.000000
  0.000455  0.000595  0.000696  0.000774  0.000829  0.000868  0.000905  0.000943
  0.000980  0.001017  0.001054  0.001091  0.001127  0.001164  0.001199  0.001234
  0.001269  0.001302  0.001335  0.001367  0.001395  0.001424  0.001450  0.001473
  0.001491  0.001505  0.001513  0.001514  0.001510  0.001500  0.001485  0.001465
  0.001440  0.001411  0.001376  0.001338  0.001296  0.001252  0.001206  0.001158
  0.001109  0.001060  0.001011  0.000961  0.000912  0.000863  0.000815  0.000768
  0.000723  0.000679  0.000553  0.000000  0.000000  0.000000  0.000000  0.000000
  0.000000  0.000000  0.000000  0.000000  0.000000  0.000000  0.000000
  1.000000  0.000000
  0.246300  0.246300  0.246300  0.246300  0.246300  0.246300  0.246300  0.246300
  0.246300  0.246300  0.246300  0.246300  0.246300  0.246300  0.246300  0.246300
  0.246300  0.246300  0.246300  0.246300  0.246300  0.246300  0.246300  0.246300
  0.246300  0.246300  0.246300  0.246300  0.246300  0.246300  0.246300  0.246300
  0.246300  0.246300  0.246300  0.246300  0.246300  0.246300  0.246300  0.246300
  0.246300  0.246300  0.246300  0.246300  0.246300  0.246300  0.246300  0.246300
  0.246300  0.246300  0.246300  0.246300  0.246300  0.246300  0.246300  0.246300
  0.246300  0.246300  0.246300  0.246300  0.246300  0.246300  0.246300  0.246300
  0.246300  0.246300  0.246300  0.246300  0.246300  0.246300  0.246300  0.246300
  0.246300  0.246300  0.246300  0.246300  0.246300  0.246300  0.246300
 ***************************************************************
  ROW NUMBER           4  SECTION NUMBER            3
           0           0           0  IF_DESIGN etc 
   1.00000   0.00000    0
  0.035969  0.036733  0.037410  0.038012  0.038546  0.039019  0.039445  0.039815
  0.040134  0.040409  0.040646  0.040851  0.041028  0.041180  0.041312  0.041425
  0.041534  0.041649  0.041771  0.041900  0.042037  0.042182  0.042337  0.042501
  0.042674  0.042859  0.043054  0.043260  0.043476  0.043705  0.043945  0.044199
  0.044466  0.044748  0.045047  0.045363  0.045699  0.046062  0.046459  0.046889
  0.047351  0.047844  0.048358  0.048885  0.049423  0.049970  0.050529  0.051104
  0.051703  0.052328  0.052985  0.053675  0.054365  0.055047  0.055709  0.056337
  0.056929  0.057487  0.057981  0.058432  0.058845  0.059223  0.059570  0.059888
  0.060180  0.060449  0.060696  0.060922  0.061144  0.061379  0.061629  0.061895
  0.062178  0.062479  0.062803  0.063150  0.063527  0.063937  0.064389
  1.000000  0.000000
  0.007912  0.007784  0.007672  0.007574  0.007488  0.007413  0.007347  0.007290
  0.007241  0.007199  0.007162  0.007131  0.007103  0.007080  0.007059  0.007042
  0.007720  0.007947  0.008090  0.008169  0.008199  0.008212  0.008219  0.008220
  0.008214  0.008199  0.008176  0.008142  0.008097  0.008039  0.007963  0.007870
  0.007756  0.007617  0.007450  0.007250  0.007011  0.006722  0.006370  0.005946
  0.005443  0.004855  0.004190  0.003461  0.002672  0.001829  0.000940  0.000000
 -0.000998 -0.002053 -0.003160 -0.004313 -0.005503 -0.006713 -0.007928 -0.009144
 -0.010351 -0.011544 -0.012726 -0.013892 -0.015038 -0.016160 -0.017254 -0.018318
 -0.019346 -0.020338 -0.021288 -0.022360 -0.023218 -0.024149 -0.025159 -0.026254
 -0.027441 -0.028729 -0.030127 -0.031642 -0.033286 -0.035069 -0.037001
  1.000000
  0.000000  0.000000  0.000000  0.000000  0.000000  0.000000  0.000000  0.000000
  0.000000  0.000000  0.000000  0.000000  0.000000  0.000000  0.000000  0.000000
  0.001261  0.001617  0.001838  0.001993  0.002101  0.002196  0.002290  0.002384
  0.002477  0.002570  0.002663  0.002756  0.002848  0.002939  0.003028  0.003117
  0.003203  0.003288  0.003369  0.003447  0.003521  0.003593  0.003658  0.003716
  0.003763  0.003797  0.003816  0.003820  0.003809  0.003781  0.003742  0.003692
  0.003630  0.003556  0.003470  0.003374  0.003268  0.003155  0.003036  0.002916
  0.002793  0.002669  0.002544  0.002419  0.002295  0.002172  0.002051  0.001932
  0.001817  0.001706  0.001321  0.000000  0.000000  0.000000  0.000000  0.000000
  0.000000  0.000000  0.000000  0.000000  0.000000  0.000000  0.000000
  1.000000  0.000000
  0.284736  0.285245  0.285641  0.285943  0.286171  0.286339  0.286440  0.286526
  0.286601  0.286668  0.286727  0.286780  0.286826  0.286867  0.286902  0.286933
  0.286976  0.287024  0.287078  0.287139  0.287207  0.287284  0.287371  0.287469
  0.287580  0.287704  0.287844  0.288000  0.288173  0.288367  0.288582  0.288821
  0.289085  0.289376  0.289697  0.290050  0.290438  0.290868  0.291344  0.291863
  0.292414  0.292984  0.293547  0.294079  0.294563  0.294987  0.295342  0.295620
  0.295814  0.295915  0.295884  0.295708  0.295581  0.295515  0.295514  0.295589
  0.295730  0.295920  0.296141  0.296390  0.296659  0.296943  0.297236  0.297534
  0.297832  0.298126  0.298414  0.298693  0.298979  0.299297  0.299650  0.300040
  0.300470  0.300943  0.301461  0.302026  0.302639  0.303297  0.303998
 ***************************************************************
 ************STARTING THE INPUT FOR EACH BLADE ROW**************
  BLADE ROW NUMBER =        5                                           
    NUMBER OF BLADES IN ROW 
       144
        JM        JLE       JTE 
        79        16        68
      KTIPSTART  KTIPEND 
         0         0
       BOUNDARY LAYER TRANSITION POINTS 
         0         0         0         0
  SET NEWGRID= 1 TO GENERATE A NEW GRID WITH DIFFERENT "J" POINTS AND SPACINGS.
         0
   RPMROW,    RPMHUB 
       0.0       0.0
       JROTHS    JROTHE    JROTTS    JROTTE 
         1         1         1         1
   PUPROW    PLEROW   PTEROW    PDROW 
  526891.1  526891.1  394438.9  394438.9
      NSECS_ROW   INSURF  
         3         0
  IF_CUSP_OUT   IFANGLES 
         1         0
         0         3         0
 ***************************************************************
  ROW NUMBER           5  SECTION NUMBER            1
           0           0           0  IF_DESIGN etc 
   1.00000   0.00000    0
  0.053316  0.053945  0.054497  0.054979  0.055397  0.055756  0.056065  0.056328
  0.056554  0.056748  0.056916  0.057060  0.057184  0.057290  0.057383  0.057462
  0.057537  0.057616  0.057700  0.057789  0.057883  0.057983  0.058089  0.058201
  0.058321  0.058447  0.058580  0.058721  0.058869  0.059024  0.059187  0.059359
  0.059538  0.059727  0.059925  0.060133  0.060352  0.060587  0.060838  0.061106
  0.061389  0.061682  0.061980  0.062276  0.062568  0.062856  0.063140  0.063423
  0.063708  0.063997  0.064289  0.064585  0.064883  0.065179  0.065474  0.065765
  0.066052  0.066335  0.066615  0.066892  0.067164  0.067432  0.067694  0.067951
  0.068200  0.068442  0.068676  0.068900  0.069139  0.069397  0.069677  0.069980
  0.070307  0.070661  0.071041  0.071427  0.071830  0.072248  0.072680
  1.000000  0.000000
 -0.003174 -0.003486 -0.003755 -0.003987 -0.004187 -0.004359 -0.004507 -0.004635
 -0.004745 -0.004840 -0.004922 -0.004992 -0.005053 -0.005106 -0.005151 -0.005190
 -0.004875 -0.004731 -0.004627 -0.004555 -0.004520 -0.004525 -0.004547 -0.004567
 -0.004586 -0.004602 -0.004614 -0.004622 -0.004624 -0.004619 -0.004606 -0.004583
 -0.004548 -0.004499 -0.004433 -0.004346 -0.004236 -0.004092 -0.003910 -0.003680
 -0.003397 -0.003056 -0.002659 -0.002211 -0.001719 -0.001187 -0.000614  0.000000
  0.000660  0.001365  0.002114  0.002903  0.003724  0.004564  0.005412  0.006266
  0.007117  0.007962  0.008802  0.009632  0.010450  0.011253  0.012039  0.012803
  0.013545  0.014260  0.014823  0.014745  0.015454  0.016221  0.017050  0.017948
  0.018919  0.019970  0.021105  0.022330  0.023652  0.025077  0.026614
  1.000000
  0.000000  0.000000  0.000000  0.000000  0.000000  0.000000  0.000000  0.000000
  0.000000  0.000000  0.000000  0.000000  0.000000  0.000000  0.000000  0.000000
  0.000563  0.000780  0.000943  0.001076  0.001174  0.001232  0.001275  0.001321
  0.001369  0.001419  0.001472  0.001527  0.001584  0.001643  0.001705  0.001768
  0.001834  0.001900  0.001969  0.002038  0.002107  0.002180  0.002251  0.002323
  0.002390  0.002452  0.002504  0.002547  0.002577  0.002594  0.002601  0.002597
  0.002582  0.002555  0.002518  0.002469  0.002409  0.002340  0.002262  0.002179
  0.002092  0.002000  0.001905  0.001807  0.001707  0.001606  0.001505  0.001404
  0.001304  0.001206  0.000986  0.000000  0.000000  0.000000  0.000000  0.000000
  0.000000  0.000000  0.000000  0.000000  0.000000  0.000000  0.000000
  1.000000  0.000000
  0.196806  0.196948  0.197037  0.197082  0.197094  0.197083  0.197055  0.197013
  0.196966  0.196919  0.196873  0.196830  0.196790  0.196753  0.196720  0.196690
  0.196660  0.196627  0.196591  0.196551  0.196507  0.196458  0.196403  0.196343
  0.196276  0.196201  0.196118  0.196026  0.195924  0.195810  0.195685  0.195546
  0.195391  0.195220  0.195030  0.194818  0.194582  0.194315  0.194011  0.193669
  0.193289  0.192873  0.192432  0.191977  0.191515  0.191051  0.190589  0.190128
  0.189667  0.189207  0.188753  0.188308  0.187878  0.187471  0.187088  0.186732
  0.186403  0.186102  0.185825  0.185572  0.185343  0.185136  0.184950  0.184785
  0.184639  0.184510  0.184398  0.184301  0.184228  0.184148  0.184062  0.183968
  0.183864  0.183752  0.183624  0.183452  0.183243  0.182991  0.182690
 ***************************************************************
  ROW NUMBER           5  SECTION NUMBER            2
           0           0           0  IF_DESIGN etc 
   1.00000   0.00000    0
  0.054611  0.055049  0.055427  0.055754  0.056036  0.056280  0.056491  0.056673
  0.056830  0.056966  0.057084  0.057185  0.057273  0.057348  0.057414  0.057470
  0.057527  0.057587  0.057651  0.057719  0.057792  0.057871  0.057955  0.058046
  0.058143  0.058247  0.058358  0.058477  0.058604  0.058740  0.058885  0.059040
  0.059206  0.059383  0.059573  0.059776  0.059996  0.060236  0.060500  0.060788
  0.061098  0.061428  0.061771  0.062116  0.062462  0.062807  0.063148  0.063487
  0.063829  0.064171  0.064514  0.064855  0.065192  0.065519  0.065836  0.066142
  0.066434  0.066715  0.066984  0.067242  0.067489  0.067725  0.067950  0.068164
  0.068366  0.068558  0.068739  0.068908  0.069078  0.069261  0.069460  0.069675
  0.069908  0.070160  0.070432  0.070728  0.071047  0.071393  0.071768
  1.000000  0.000000
 -0.001476 -0.001644 -0.001789 -0.001914 -0.002023 -0.002116 -0.002197 -0.002267
 -0.002327 -0.002379 -0.002424 -0.002463 -0.002497 -0.002526 -0.002551 -0.002573
 -0.002366 -0.002280 -0.002224 -0.002196 -0.002194 -0.002206 -0.002218 -0.002229
 -0.002240 -0.002249 -0.002256 -0.002262 -0.002264 -0.002264 -0.002259 -0.002250
 -0.002235 -0.002213 -0.002182 -0.002142 -0.002090 -0.002022 -0.001934 -0.001823
 -0.001685 -0.001518 -0.001323 -0.001102 -0.000858 -0.000593 -0.000307  0.000000
  0.000331  0.000686  0.001063  0.001461  0.001877  0.002301  0.002733  0.003167
  0.003600  0.004030  0.004457  0.004880  0.005297  0.005706  0.006106  0.006495
  0.006872  0.007236  0.007503  0.007421  0.007784  0.008176  0.008600  0.009060
  0.009557  0.010096  0.010679  0.011310  0.011993  0.012733  0.013533
  1.000000
  0.000000  0.000000  0.000000  0.000000  0.000000  0.000000  0.000000  0.000000
  0.000000  0.000000  0.000000  0.000000  0.000000  0.000000  0.000000  0.000000
  0.000374  0.000508  0.000597  0.000659  0.000697  0.000721  0.000746  0.000772
  0.000800  0.000829  0.000860  0.000891  0.000924  0.000959  0.000994  0.001031
  0.001069  0.001107  0.001147  0.001187  0.001228  0.001268  0.001311  0.001351
  0.001390  0.001426  0.001456  0.001480  0.001497  0.001508  0.001513  0.001510
  0.001501  0.001485  0.001463  0.001434  0.001398  0.001357  0.001313  0.001265
  0.001214  0.001161  0.001105  0.001048  0.000990  0.000932  0.000873  0.000814
  0.000756  0.000700  0.000561  0.000000  0.000000  0.000000  0.000000  0.000000
  0.000000  0.000000  0.000000  0.000000  0.000000  0.000000  0.000000
  1.000000  0.000000
  0.246300  0.246300  0.246300  0.246300  0.246300  0.246300  0.246300  0.246300
  0.246300  0.246300  0.246300  0.246300  0.246300  0.246300  0.246300  0.246300
  0.246300  0.246300  0.246300  0.246300  0.246300  0.246300  0.246300  0.246300
  0.246300  0.246300  0.246300  0.246300  0.246300  0.246300  0.246300  0.246300
  0.246300  0.246300  0.246300  0.246300  0.246300  0.246300  0.246300  0.246300
  0.246300  0.246300  0.246300  0.246300  0.246300  0.246300  0.246300  0.246300
  0.246300  0.246300  0.246300  0.246300  0.246300  0.246300  0.246300  0.246300
  0.246300  0.246300  0.246300  0.246300  0.246300  0.246300  0.246300  0.246300
  0.246300  0.246300  0.246300  0.246300  0.246300  0.246300  0.246300  0.246300
  0.246300  0.246300  0.246300  0.246300  0.246300  0.246300  0.246300
 ***************************************************************
  ROW NUMBER           5  SECTION NUMBER            3
           0           0           0  IF_DESIGN etc 
   1.00000   0.00000    0
  0.053315  0.053945  0.054497  0.054979  0.055397  0.055756  0.056065  0.056328
  0.056554  0.056748  0.056915  0.057060  0.057184  0.057290  0.057383  0.057462
  0.057537  0.057616  0.057700  0.057789  0.057883  0.057983  0.058089  0.058201
  0.058321  0.058447  0.058581  0.058721  0.058869  0.059024  0.059187  0.059359
  0.059539  0.059727  0.059925  0.060133  0.060352  0.060587  0.060839  0.061107
  0.061389  0.061682  0.061980  0.062276  0.062568  0.062857  0.063141  0.063424
  0.063709  0.063997  0.064290  0.064585  0.064883  0.065180  0.065475  0.065766
  0.066053  0.066336  0.066616  0.066893  0.067165  0.067433  0.067695  0.067952
  0.068201  0.068443  0.068677  0.068901  0.069140  0.069398  0.069678  0.069981
  0.070308  0.070662  0.071042  0.071428  0.071831  0.072249  0.072681
  1.000000  0.000000
 -0.001685 -0.001891 -0.002069 -0.002222 -0.002355 -0.002470 -0.002570 -0.002656
 -0.002730 -0.002795 -0.002851 -0.002899 -0.002941 -0.002977 -0.003008 -0.003035
 -0.002740 -0.002624 -0.002559 -0.002533 -0.002540 -0.002554 -0.002568 -0.002581
 -0.002593 -0.002604 -0.002613 -0.002619 -0.002623 -0.002622 -0.002617 -0.002607
 -0.002590 -0.002564 -0.002530 -0.002483 -0.002423 -0.002345 -0.002244 -0.002116
 -0.001957 -0.001764 -0.001537 -0.001282 -0.000999 -0.000690 -0.000358  0.000000
  0.000386  0.000801  0.001242  0.001708  0.002195  0.002694  0.003200  0.003709
  0.004217  0.004722  0.005224  0.005721  0.006210  0.006691  0.007160  0.007617
  0.008060  0.008487  0.008774  0.008617  0.009045  0.009509  0.010011  0.010555
  0.011144  0.011782  0.012473  0.013223  0.014036  0.014918  0.015875
  1.000000
  0.000000  0.000000  0.000000  0.000000  0.000000  0.000000  0.000000  0.000000
  0.000000  0.000000  0.000000  0.000000  0.000000  0.000000  0.000000  0.000000
  0.000544  0.000728  0.000837  0.000906  0.000944  0.000976  0.001010  0.001045
  0.001083  0.001122  0.001163  0.001205  0.001250  0.001296  0.001344  0.001393
  0.001444  0.001497  0.001550  0.001603  0.001658  0.001714  0.001769  0.001825
  0.001878  0.001925  0.001965  0.001998  0.002022  0.002035  0.002040  0.002036
  0.002023  0.002002  0.001971  0.001932  0.001885  0.001831  0.001771  0.001706
  0.001638  0.001566  0.001491  0.001414  0.001335  0.001256  0.001177  0.001098
  0.001020  0.000943  0.000746  0.000000  0.000000  0.000000  0.000000  0.000000
  0.000000  0.000000  0.000000  0.000000  0.000000  0.000000  0.000000
  1.000000  0.000000
  0.295795  0.295652  0.295563  0.295518  0.295506  0.295517  0.295545  0.295587
  0.295634  0.295681  0.295727  0.295770  0.295810  0.295847  0.295880  0.295910
  0.295940  0.295973  0.296009  0.296049  0.296093  0.296142  0.296197  0.296257
  0.296324  0.296399  0.296482  0.296574  0.296676  0.296790  0.296915  0.297054
  0.297209  0.297380  0.297570  0.297782  0.298018  0.298285  0.298589  0.298931
  0.299311  0.299727  0.300168  0.300622  0.301084  0.301548  0.302010  0.302471
  0.302933  0.303392  0.303847  0.304291  0.304721  0.305129  0.305512  0.305868
  0.306196  0.306498  0.306775  0.307028  0.307257  0.307464  0.307650  0.307815
  0.307961  0.308090  0.308202  0.308299  0.308373  0.308452  0.308539  0.308633
  0.308736  0.308849  0.308977  0.309149  0.309358  0.309610  0.309910
 ***************************************************************
 ************STARTING THE INPUT FOR EACH BLADE ROW**************
  BLADE ROW NUMBER =        6                                           
    NUMBER OF BLADES IN ROW 
       144
        JM        JLE       JTE 
        83        16        68
      KTIPSTART  KTIPEND 
         0         0
       BOUNDARY LAYER TRANSITION POINTS 
         0         0         0         0
  SET NEWGRID= 1 TO GENERATE A NEW GRID WITH DIFFERENT "J" POINTS AND SPACINGS.
         0
   RPMROW,    RPMHUB 
   13250.3   13250.3
       JROTHS    JROTHE    JROTTS    JROTTE 
         1         1         1         1
   PUPROW    PLEROW   PTEROW    PDROW 
  394438.9  394438.9  290098.1  290098.1
      NSECS_ROW   INSURF  
         3         0
  IF_CUSP_OUT   IFANGLES 
         1         0
         0         3         0
 ***************************************************************
  ROW NUMBER           6  SECTION NUMBER            1
           0           0           0  IF_DESIGN etc 
   1.00000   0.00000    0
  0.066563  0.067135  0.067659  0.068136  0.068568  0.068959  0.069318  0.069628
  0.069895  0.070126  0.070326  0.070498  0.070646  0.070775  0.070885  0.070981
  0.071072  0.071168  0.071270  0.071377  0.071490  0.071611  0.071738  0.071874
  0.072016  0.072167  0.072326  0.072493  0.072668  0.072852  0.073044  0.073244
  0.073454  0.073672  0.073900  0.074139  0.074388  0.074653  0.074935  0.075233
  0.075543  0.075862  0.076182  0.076497  0.076804  0.077104  0.077398  0.077687
  0.077978  0.078269  0.078564  0.078861  0.079159  0.079456  0.079752  0.080044
  0.080333  0.080619  0.080902  0.081183  0.081460  0.081734  0.082003  0.082268
  0.082526  0.082777  0.083020  0.083254  0.083534  0.083846  0.084194  0.084581
  0.085013  0.085495  0.086033  0.086632  0.087301  0.088046  0.088876  0.089800
  0.090827  0.091966  0.093227
  1.000000  0.000000
 -0.014916 -0.013740 -0.012730 -0.011862 -0.011115 -0.010472 -0.009919 -0.009441
 -0.009029 -0.008673 -0.008365 -0.008099 -0.007870 -0.007672 -0.007501 -0.007353
 -0.006944 -0.006749 -0.006557 -0.006358 -0.006150 -0.005933 -0.005705 -0.005467
 -0.005219 -0.004960 -0.004690 -0.004411 -0.004124 -0.003828 -0.003525 -0.003216
 -0.002901 -0.002583 -0.002263 -0.001943 -0.001626 -0.001311 -0.001003 -0.000714
 -0.000455 -0.000239 -0.000081  0.000013  0.000040  0.000000 -0.000101 -0.000269
 -0.000500 -0.000792 -0.001151 -0.001569 -0.002043 -0.002563 -0.003119 -0.003705
 -0.004314 -0.004938 -0.005577 -0.006226 -0.006880 -0.007534 -0.008186 -0.008830
 -0.009463 -0.010082 -0.010683 -0.011425 -0.011985 -0.012605 -0.013292 -0.014053
 -0.014895 -0.015829 -0.016862 -0.018008 -0.019277 -0.020684 -0.022244 -0.023975
 -0.025897 -0.028033 -0.030408
  1.000000
  0.000000  0.000000  0.000000  0.000000  0.000000  0.000000  0.000000  0.000000
  0.000000  0.000000  0.000000  0.000000  0.000000  0.000000  0.000000  0.000000
  0.000615  0.000800  0.000937  0.001047  0.001129  0.001187  0.001238  0.001289
  0.001340  0.001391  0.001442  0.001493  0.001543  0.001592  0.001641  0.001689
  0.001737  0.001783  0.001827  0.001870  0.001910  0.001949  0.001985  0.002015
  0.002042  0.002060  0.002071  0.002074  0.002068  0.002053  0.002036  0.002007
  0.001973  0.001933  0.001886  0.001833  0.001778  0.001717  0.001653  0.001587
  0.001521  0.001454  0.001386  0.001319  0.001252  0.001185  0.001120  0.001056
  0.000994  0.000934  0.000807  0.000000  0.000000  0.000000  0.000000  0.000000
  0.000000  0.000000  0.000000  0.000000  0.000000  0.000000  0.000000  0.000000
  0.000000  0.000000  0.000000
  1.000000  0.000000
  0.185875  0.185366  0.184974  0.184675  0.184449  0.184283  0.184172  0.184077
  0.183994  0.183922  0.183859  0.183804  0.183756  0.183715  0.183679  0.183648
  0.183611  0.183570  0.183525  0.183476  0.183421  0.183360  0.183293  0.183218
  0.183135  0.183042  0.182939  0.182825  0.182699  0.182559  0.182404  0.182232
  0.182040  0.181828  0.181593  0.181330  0.181038  0.180706  0.180328  0.179902
  0.179427  0.178907  0.178353  0.177781  0.177198  0.176610  0.176021  0.175432
  0.174839  0.174245  0.173654  0.173072  0.172505  0.171963  0.171449  0.170966
  0.170515  0.170097  0.169708  0.169347  0.169016  0.168711  0.168433  0.168180
  0.167950  0.167744  0.167559  0.167394  0.167282  0.167162  0.167034  0.166900
  0.166758  0.166611  0.166461  0.166308  0.166157  0.166012  0.165878  0.165762
  0.165674  0.165625  0.165631
 ***************************************************************
  ROW NUMBER           6  SECTION NUMBER            2
           0           0           0  IF_DESIGN etc 
   1.00000   0.00000    0
  0.067968  0.068438  0.068844  0.069195  0.069498  0.069760  0.069986  0.070181
  0.070350  0.070496  0.070622  0.070731  0.070825  0.070906  0.070976  0.071037
  0.071097  0.071162  0.071230  0.071304  0.071382  0.071467  0.071557  0.071654
  0.071758  0.071870  0.071989  0.072117  0.072253  0.072399  0.072555  0.072721
  0.072899  0.073089  0.073293  0.073511  0.073747  0.074004  0.074287  0.074596
  0.074929  0.075284  0.075651  0.076022  0.076393  0.076763  0.077129  0.077493
  0.077860  0.078227  0.078594  0.078960  0.079322  0.079673  0.080014  0.080341
  0.080655  0.080956  0.081245  0.081522  0.081787  0.082040  0.082281  0.082511
  0.082728  0.082934  0.083128  0.083310  0.083492  0.083693  0.083916  0.084163
  0.084437  0.084740  0.085076  0.085447  0.085859  0.086315  0.086821  0.087380
  0.088000  0.088686  0.089446
  1.000000  0.000000
 -0.000351 -0.000171 -0.000015  0.000120  0.000236  0.000336  0.000423  0.000498
  0.000563  0.000619  0.000667  0.000709  0.000745  0.000776  0.000803  0.000826
  0.001054  0.001113  0.001160  0.001206  0.001252  0.001298  0.001344  0.001390
  0.001436  0.001481  0.001525  0.001567  0.001606  0.001643  0.001676  0.001704
  0.001726  0.001741  0.001746  0.001741  0.001721  0.001684  0.001626  0.001540
  0.001422  0.001269  0.001078  0.000854  0.000599  0.000313  0.000000 -0.000342
 -0.000716 -0.001122 -0.001557 -0.002021 -0.002508 -0.003010 -0.003522 -0.004040
 -0.004558 -0.005075 -0.005590 -0.006101 -0.006606 -0.007103 -0.007589 -0.008064
 -0.008524 -0.008969 -0.009397 -0.009903 -0.010291 -0.010722 -0.011199 -0.011727
 -0.012312 -0.012960 -0.013677 -0.014472 -0.015352 -0.016327 -0.017406 -0.018602
 -0.019926 -0.021393 -0.023018
  1.000000
  0.000000  0.000000  0.000000  0.000000  0.000000  0.000000  0.000000  0.000000
  0.000000  0.000000  0.000000  0.000000  0.000000  0.000000  0.000000  0.000000
  0.000488  0.000638  0.000746  0.000830  0.000889  0.000931  0.000971  0.001011
  0.001051  0.001091  0.001131  0.001170  0.001209  0.001248  0.001287  0.001324
  0.001361  0.001397  0.001432  0.001466  0.001497  0.001527  0.001555  0.001580
  0.001600  0.001615  0.001623  0.001625  0.001620  0.001609  0.001593  0.001572
  0.001545  0.001513  0.001476  0.001435  0.001391  0.001343  0.001294  0.001242
  0.001190  0.001138  0.001084  0.001031  0.000978  0.000926  0.000875  0.000824
  0.000776  0.000728  0.000593  0.000000  0.000000  0.000000  0.000000  0.000000
  0.000000  0.000000  0.000000  0.000000  0.000000  0.000000  0.000000  0.000000
  0.000000  0.000000  0.000000
  1.000000  0.000000
  0.246300  0.246300  0.246300  0.246300  0.246300  0.246300  0.246300  0.246300
  0.246300  0.246300  0.246300  0.246300  0.246300  0.246300  0.246300  0.246300
  0.246300  0.246300  0.246300  0.246300  0.246300  0.246300  0.246300  0.246300
  0.246300  0.246300  0.246300  0.246300  0.246300  0.246300  0.246300  0.246300
  0.246300  0.246300  0.246300  0.246300  0.246300  0.246300  0.246300  0.246300
  0.246300  0.246300  0.246300  0.246300  0.246300  0.246300  0.246300  0.246300
  0.246300  0.246300  0.246300  0.246300  0.246300  0.246300  0.246300  0.246300
  0.246300  0.246300  0.246300  0.246300  0.246300  0.246300  0.246300  0.246300
  0.246300  0.246300  0.246300  0.246300  0.246300  0.246300  0.246300  0.246300
  0.246300  0.246300  0.246300  0.246300  0.246300  0.246300  0.246300  0.246300
  0.246300  0.246300  0.246300
 ***************************************************************
  ROW NUMBER           6  SECTION NUMBER            3
           0           0           0  IF_DESIGN etc 
   1.00000   0.00000    0
  0.066563  0.067135  0.067659  0.068136  0.068568  0.068959  0.069318  0.069628
  0.069895  0.070126  0.070326  0.070498  0.070646  0.070775  0.070885  0.070981
  0.071072  0.071168  0.071270  0.071377  0.071490  0.071611  0.071738  0.071874
  0.072016  0.072167  0.072326  0.072493  0.072668  0.072852  0.073044  0.073244
  0.073454  0.073672  0.073900  0.074139  0.074388  0.074653  0.074935  0.075233
  0.075543  0.075862  0.076182  0.076497  0.076804  0.077104  0.077398  0.077687
  0.077978  0.078269  0.078564  0.078861  0.079159  0.079456  0.079752  0.080044
  0.080333  0.080619  0.080902  0.081183  0.081460  0.081734  0.082003  0.082268
  0.082526  0.082777  0.083020  0.083254  0.083534  0.083846  0.084194  0.084581
  0.085013  0.085495  0.086033  0.086632  0.087301  0.088046  0.088876  0.089800
  0.090827  0.091966  0.093227
  1.000000  0.000000
  0.008450  0.008137  0.007864  0.007628  0.007423  0.007244  0.007090  0.006956
  0.006840  0.006740  0.006654  0.006579  0.006515  0.006459  0.006411  0.006370
  0.006900  0.007113  0.007262  0.007371  0.007439  0.007462  0.007442  0.007405
  0.007360  0.007305  0.007239  0.007160  0.007068  0.006960  0.006835  0.006690
  0.006522  0.006329  0.006107  0.005850  0.005554  0.005207  0.004796  0.004316
  0.003758  0.003123  0.002419  0.001659  0.000851  0.000000 -0.000890 -0.001822
 -0.002806 -0.003837 -0.004914 -0.006032 -0.007181 -0.008340 -0.009502 -0.010658
 -0.011799 -0.012921 -0.014028 -0.015114 -0.016177 -0.017213 -0.018220 -0.019194
 -0.020133 -0.021034 -0.021896 -0.022871 -0.023640 -0.024492 -0.025435 -0.026479
 -0.027636 -0.028916 -0.030334 -0.031904 -0.033642 -0.035565 -0.037693 -0.040048
 -0.042651 -0.045528 -0.048707
  1.000000
  0.000000  0.000000  0.000000  0.000000  0.000000  0.000000  0.000000  0.000000
  0.000000  0.000000  0.000000  0.000000  0.000000  0.000000  0.000000  0.000000
  0.000953  0.001270  0.001521  0.001732  0.001906  0.002041  0.002139  0.002228
  0.002317  0.002406  0.002495  0.002583  0.002671  0.002757  0.002843  0.002927
  0.003009  0.003089  0.003167  0.003242  0.003313  0.003380  0.003442  0.003497
  0.003540  0.003572  0.003591  0.003595  0.003585  0.003562  0.003527  0.003478
  0.003418  0.003348  0.003267  0.003177  0.003077  0.002972  0.002861  0.002746
  0.002630  0.002512  0.002394  0.002277  0.002159  0.002043  0.001929  0.001818
  0.001709  0.001604  0.001211  0.000000  0.000000  0.000000  0.000000  0.000000
  0.000000  0.000000  0.000000  0.000000  0.000000  0.000000  0.000000  0.000000
  0.000000  0.000000  0.000000
  1.000000  0.000000
  0.306724  0.307233  0.307625  0.307924  0.308151  0.308317  0.308427  0.308523
  0.308606  0.308678  0.308741  0.308796  0.308844  0.308885  0.308921  0.308952
  0.308989  0.309030  0.309075  0.309124  0.309179  0.309240  0.309307  0.309382
  0.309465  0.309558  0.309661  0.309775  0.309901  0.310041  0.310196  0.310368
  0.310560  0.310772  0.311007  0.311270  0.311563  0.311894  0.312272  0.312698
  0.313173  0.313693  0.314247  0.314819  0.315402  0.315990  0.316579  0.317168
  0.317761  0.318355  0.318946  0.319528  0.320095  0.320637  0.321151  0.321634
  0.322085  0.322503  0.322892  0.323252  0.323584  0.323889  0.324167  0.324420
  0.324649  0.324856  0.325041  0.325206  0.325318  0.325438  0.325566  0.325700
  0.325842  0.325989  0.326139  0.326292  0.326443  0.326588  0.326722  0.326838
  0.326926  0.326974  0.326968
  STARTING INLET BOUNDARY CONDITION DATA .
  NUMBER OF POINTS FOR INLET BOUNDARY CONDITIONS 
        37
  SPACING OF INLET BOUNDARY CONDITION POINTS 
  1.000000  1.250000  1.562500  1.953125  2.441406  3.051758  3.814697  4.768372
  5.960464  7.450581  9.313226 11.641532 14.551915 18.189894 20.000000 20.000000
 20.000000 20.000000 20.000000 20.000000 20.000000 20.000000 18.189894 14.551915
 11.641532  9.313226  7.450581  5.960464  4.768372  3.814697  3.051758  2.441406
  1.953125  1.562500  1.250000  1.000000
   INLET STAGNATION PRESSURES 
 1518630.0 1518630.0 1518630.0 1518630.0 1518629.9 1518630.0 1518629.9 1518630.1
 1518630.0 1518629.9 1518630.1 1518630.0 1518630.0 1518630.0 1518630.0 1518630.0
 1518630.0 1518630.0 1518630.0 1518630.0 1518630.0 1518630.0 1518630.0 1518630.0
 1518630.0 1518630.0 1518630.0 1518630.0 1518630.0 1518630.0 1518630.0 1518630.0
 1518630.0 1518630.0 1518630.0 1518630.0 1518630.0
   INLET STAGNATION TEMPERATURES 
 1500.0000 1500.0001 1500.0001 1500.0000 1500.0000 1500.0000 1500.0000 1500.0000
 1500.0000 1500.0000 1500.0001 1500.0000 1500.0000 1500.0000 1500.0000 1500.0000
 1500.0000 1500.0000 1500.0000 1500.0000 1500.0000 1500.0000 1500.0000 1500.0000
 1500.0000 1500.0000 1500.0000 1500.0000 1500.0000 1500.0000 1500.0000 1500.0000
 1500.0000 1500.0000 1500.0000 1500.0000 1500.0000
   INLET ABSOLUTE TANGENTIAL VELOCITY 
    0.0000    0.0000    0.0000    0.0000    0.0000    0.0000    0.0000    0.0000
    0.0000    0.0000    0.0000    0.0000    0.0000    0.0000    0.0000    0.0000
    0.0000    0.0000    0.0000    0.0000    0.0000    0.0000    0.0000    0.0000
    0.0000    0.0000    0.0000    0.0000    0.0000    0.0000    0.0000    0.0000
    0.0000    0.0000    0.0000    0.0000    0.0000
   INLET MERIDIONAL VELOCITY 
  214.5893  214.5893  214.5893  214.5893  214.5892  214.5893  214.5892  214.5893
  214.5892  214.5893  214.5893  214.5893  214.5893  214.5893  214.5893  214.5893
  214.5893  214.5893  214.5893  214.5893  214.5893  214.5893  214.5893  214.5893
  214.5893  214.5893  214.5893  214.5893  214.5893  214.5893  214.5893  214.5893
  214.5893  214.5893  214.5893  214.5893  214.5893
   INLET MERIDIONAL YAW ANGLE  
  -19.9850  -19.9850  -19.9850  -19.9850  -19.9850  -19.9850  -19.9850  -19.9850
  -19.9850  -19.9850  -19.9850  -19.9850  -19.9850  -19.9850  -19.9850  -19.9850
  -19.9850  -19.9850  -19.9850  -19.9850  -19.9850  -19.9850  -19.9850  -19.9850
  -19.9850  -19.9850  -19.9850  -19.9850  -19.9850  -19.9850  -19.9850  -19.9850
  -19.9850  -19.9850  -19.9850  -19.9850  -19.9850
   INLET PITCH ANGLE 
   -1.7531   -1.7426   -1.7295   -1.7131   -1.6926   -1.6669   -1.6349   -1.5948
   -1.5448   -1.4822   -1.4040   -1.3062   -1.1840   -1.0312   -0.8402   -0.6302
   -0.4202   -0.2102   -0.0003    0.2097    0.4197    0.6297    0.8397    1.0307
    1.1834    1.3057    1.4035    1.4817    1.5443    1.5943    1.6344    1.6664
    1.6921    1.7126    1.7290    1.7421    1.7526
   PDOWN_HUB   PDOWN_TIP 
  290098.1  290098.1
 MIXING LENGTH LIMITS ON ALL BLADE ROWS
  0.050000  0.050000  0.050000  0.050000  0.050000  0.030000
  0.050000  0.050000  0.050000  0.050000  0.050000  0.030000
  0.050000  0.050000  0.050000  0.050000  0.050000  0.030000
  0.050000  0.050000  0.050000  0.050000  0.050000  0.030000
  0.050000  0.050000  0.050000  0.050000  0.050000  0.030000
  0.050000  0.050000  0.050000  0.050000  0.050000  0.030000
  FACTOR TO INCREASE THE TURBULENT VISCOSITY OVER THE FIRST NMIXUP STEPS 
   2.00000 1000
