 DATA SET FOR "multall" . GENERATED BY "stagen" .                       
    CP   and   GAMMA 
 1157.3014    1.3300
       ITIMST 
         3
     CFL,    DAMP,    MACHLIM,    F_PDOWN 
  0.400000 10.000000  2.000000  0.000000
  IF_RESTART 
         0
  NSTEPS_MAX, CONLIM 
      9000  0.001000
   SFX,      SFT,      FAC_4TH,     NCHANGE 
  0.005000  0.005000  0.800000      1000
       NUMBER OF BLADE ROWS 
         4
        IM        KM 
        37        37
  FP(I),I=1,IMM1 
  1.000000  1.250000  1.562500  1.953125  2.441406  3.051758  3.814697  4.768372
  5.960464  7.450581  9.313226 11.641532 14.551915 18.189894 20.000000 20.000000
 20.000000 20.000000 20.000000 20.000000 20.000000 20.000000 18.189894 14.551915
 11.641532  9.313226  7.450581  5.960464  4.768372  3.814697  3.051758  2.441406
  1.953125  1.562500  1.250000  1.000000
  FR(K),K=1,KMM1 
  1.000000  1.250000  1.562500  1.953125  2.441406  3.051758  3.814697  4.768372
  5.960464  7.450581  9.313226 11.641532 14.551915 18.189894 20.000000 20.000000
 20.000000 20.000000 20.000000 20.000000 20.000000 20.000000 18.189894 14.551915
 11.641532  9.313226  7.450581  5.960464  4.768372  3.814697  3.051758  2.441406
  1.953125  1.562500  1.250000  1.000000
        IR        JR        KR        IRBB      JRBB      KRBB 
         3         3         3         9         9         9
   FBLK1,     FBLK2,     FBLK3  
  0.400000  0.200000  0.100000
       IFMIX 
         1
   RFMIX,    FEXTRAP,   FSMTHB,    FANGLE 
  0.025000  0.800000  1.000000  0.800000
      IFCOOL    IFBLEED    IF_ROUGH 
         0         0         0
       NSECS_IN 
         3
       IN_PRESS  IN_VTAN   IN_VR    IN_FLOW  IF_REPEAT  RFIN 
         0         0         1         0         0   0.50000
  IPOUT  SFEXIT  NSFEXIT 
    1  0.000000    0
  PLATE_LOSS  THROTTLE_EXIT 
  0.000000  0.000000
        ILOS      NLOS      IBOUND 
        10         5         0
   REYNO,     RF_VIS,   FTRANS, TURBVIS_LIM, PRANDTL, YPLUSWALL
  800000.0     0.500     0.000  3000.000       1.0     0.000
   YPLAM      YPTURB 
  5.000000 25.000000
      ISHIFT    NEXTRAP_LE  NEXTRAP_TE 
         2        10        10
  (NSTG(N),N=1,NROWS) 
         1         1         2         2
  5  TIME STEPS FOR PRINTOUT 
      9000      9000      9000      9000      9000
  MARKER FOR VARIABLES TO BE SENT TO THE OUTPUT FILE.
 0 0 0 0 0 0 0 0 0 0 0 0 0 0 0 0 0 0 0 0
  STREAM SURFACES ON WHICH RESULTS ARE TO BE SENT TO   THE OUTPUT FILE 
 0 0 0 0 0 0 0 0 0 0 0 0 0 0 0 0 0 0 0 0 0 0 0 0 0 0 0 0 0 0 0 0 0 0 0 0 0
 ***************************************************************
 ************STARTING THE INPUT FOR EACH BLADE ROW**************
  BLADE ROW NUMBER =        1                                           
    NUMBER OF BLADES IN ROW 
       162
        JM        JLE       JTE 
       111        26        96
      KTIPSTART  KTIPEND 
         0         0
       BOUNDARY LAYER TRANSITION POINTS 
         0         0         0         0
  SET NEWGRID= 1 TO GENERATE A NEW GRID WITH DIFFERENT "J" POINTS AND SPACINGS.
         0
   RPMROW,    RPMHUB 
       0.0       0.0
       JROTHS    JROTHE    JROTTS    JROTTE 
         1         1         1         1
   PUPROW    PLEROW   PTEROW    PDROW 
 1346066.6 1346066.6  984963.5  984963.5
      NSECS_ROW   INSURF  
         3         0
  IF_CUSP_OUT   IFANGLES 
         1         0
         0         3         0
 ***************************************************************
  ROW NUMBER           1  SECTION NUMBER            1
           0           0           0  IF_DESIGN etc 
   1.00000   0.00000    0
 -0.007055 -0.006246 -0.005524 -0.004881 -0.004308 -0.003796 -0.003340 -0.002934
 -0.002572 -0.002249 -0.001961 -0.001704 -0.001475 -0.001271 -0.001089 -0.000927
 -0.000782 -0.000653 -0.000538 -0.000436 -0.000344 -0.000263 -0.000190 -0.000125
 -0.000067 -0.000016  0.000035  0.000089  0.000145  0.000204  0.000266  0.000332
  0.000400  0.000473  0.000549  0.000629  0.000713  0.000802  0.000896  0.000994
  0.001098  0.001207  0.001321  0.001441  0.001567  0.001699  0.001837  0.001983
  0.002136  0.002297  0.002467  0.002645  0.002833  0.003031  0.003243  0.003470
  0.003714  0.003973  0.004248  0.004537  0.004839  0.005149  0.005462  0.005776
  0.006090  0.006403  0.006714  0.007022  0.007331  0.007640  0.007951  0.008262
  0.008573  0.008883  0.009191  0.009495  0.009793  0.010084  0.010368  0.010643
  0.010911  0.011169  0.011420  0.011663  0.011899  0.012128  0.012349  0.012563
  0.012769  0.012968  0.013160  0.013344  0.013521  0.013690  0.013852  0.014006
  0.014161  0.014324  0.014497  0.014679  0.014872  0.015076  0.015292  0.015520
  0.015761  0.016015  0.016284  0.016569  0.016870  0.017188  0.017524
  1.000000  0.000000
 -0.001729 -0.001888 -0.002029 -0.002155 -0.002268 -0.002368 -0.002458 -0.002537
 -0.002609 -0.002672 -0.002728 -0.002779 -0.002824 -0.002864 -0.002899 -0.002931
 -0.002960 -0.002985 -0.003008 -0.003028 -0.003046 -0.003062 -0.003076 -0.003089
 -0.003100 -0.003110 -0.002867 -0.002772 -0.002711 -0.002675 -0.002660 -0.002657
 -0.002657 -0.002656 -0.002655 -0.002653 -0.002649 -0.002645 -0.002640 -0.002633
 -0.002624 -0.002614 -0.002601 -0.002587 -0.002569 -0.002549 -0.002526 -0.002499
 -0.002468 -0.002432 -0.002391 -0.002344 -0.002290 -0.002229 -0.002159 -0.002077
 -0.001983 -0.001875 -0.001752 -0.001612 -0.001455 -0.001284 -0.001099 -0.000901
 -0.000692 -0.000472 -0.000241  0.000000  0.000251  0.000515  0.000791  0.001079
  0.001379  0.001689  0.002009  0.002335  0.002665  0.002998  0.003332  0.003666
  0.003998  0.004327  0.004655  0.004979  0.005301  0.005618  0.005932  0.006240
  0.006543  0.006839  0.007129  0.007412  0.007687  0.007934  0.008028  0.007845
  0.008119  0.008408  0.008713  0.009036  0.009377  0.009738  0.010120  0.010523
  0.010949  0.011399  0.011876  0.012379  0.012911  0.013473  0.014068
  1.000000
  0.000000  0.000000  0.000000  0.000000  0.000000  0.000000  0.000000  0.000000
  0.000000  0.000000  0.000000  0.000000  0.000000  0.000000  0.000000  0.000000
  0.000000  0.000000  0.000000  0.000000  0.000000  0.000000  0.000000  0.000000
  0.000000  0.000000  0.000451  0.000606  0.000700  0.000757  0.000792  0.000814
  0.000834  0.000855  0.000876  0.000899  0.000922  0.000947  0.000972  0.000998
  0.001025  0.001053  0.001081  0.001111  0.001141  0.001172  0.001204  0.001236
  0.001269  0.001303  0.001337  0.001372  0.001406  0.001441  0.001477  0.001513
  0.001550  0.001585  0.001619  0.001652  0.001683  0.001710  0.001733  0.001751
  0.001765  0.001775  0.001780  0.001782  0.001779  0.001772  0.001761  0.001745
  0.001726  0.001701  0.001673  0.001642  0.001606  0.001568  0.001527  0.001485
  0.001440  0.001394  0.001346  0.001297  0.001247  0.001197  0.001146  0.001094
  0.001043  0.000991  0.000940  0.000889  0.000839  0.000771  0.000558  0.000000
  0.000000  0.000000  0.000000  0.000000  0.000000  0.000000  0.000000  0.000000
  0.000000  0.000000  0.000000  0.000000  0.000000  0.000000  0.000000
  1.000000  0.000000
  0.344398  0.344384  0.344370  0.344355  0.344341  0.344327  0.344314  0.344301
  0.344289  0.344278  0.344267  0.344258  0.344249  0.344241  0.344233  0.344226
  0.344220  0.344215  0.344210  0.344205  0.344201  0.344197  0.344194  0.344191
  0.344188  0.344186  0.344182  0.344178  0.344173  0.344168  0.344163  0.344158
  0.344152  0.344146  0.344140  0.344133  0.344126  0.344118  0.344110  0.344101
  0.344092  0.344082  0.344072  0.344061  0.344049  0.344037  0.344024  0.344010
  0.343995  0.343979  0.343963  0.343945  0.343926  0.343906  0.343884  0.343861
  0.343835  0.343808  0.343778  0.343747  0.343715  0.343681  0.343647  0.343612
  0.343578  0.343544  0.343510  0.343476  0.343443  0.343410  0.343376  0.343343
  0.343311  0.343279  0.343248  0.343217  0.343188  0.343160  0.343133  0.343107
  0.343083  0.343061  0.343039  0.343019  0.342999  0.342981  0.342964  0.342948
  0.342934  0.342920  0.342907  0.342895  0.342884  0.342873  0.342864  0.342855
  0.342849  0.342842  0.342835  0.342827  0.342819  0.342810  0.342801  0.342791
  0.342780  0.342767  0.342754  0.342739  0.342723  0.342706  0.342686
 ***************************************************************
  ROW NUMBER           1  SECTION NUMBER            2
           0           0           0  IF_DESIGN etc 
   1.00000   0.00000    0
 -0.007027 -0.006222 -0.005503 -0.004863 -0.004292 -0.003782 -0.003329 -0.002924
 -0.002563 -0.002241 -0.001954 -0.001698 -0.001470 -0.001267 -0.001086 -0.000924
 -0.000780 -0.000651 -0.000537 -0.000435 -0.000343 -0.000262 -0.000190 -0.000125
 -0.000068 -0.000016  0.000035  0.000089  0.000145  0.000204  0.000266  0.000331
  0.000400  0.000472  0.000548  0.000628  0.000712  0.000801  0.000895  0.000993
  0.001097  0.001206  0.001320  0.001440  0.001566  0.001698  0.001836  0.001982
  0.002135  0.002296  0.002466  0.002644  0.002832  0.003031  0.003242  0.003470
  0.003713  0.003973  0.004248  0.004537  0.004840  0.005150  0.005463  0.005777
  0.006092  0.006405  0.006716  0.007025  0.007334  0.007644  0.007954  0.008265
  0.008577  0.008887  0.009195  0.009500  0.009798  0.010089  0.010372  0.010648
  0.010915  0.011173  0.011424  0.011667  0.011903  0.012131  0.012352  0.012566
  0.012772  0.012970  0.013161  0.013345  0.013521  0.013690  0.013852  0.014006
  0.014160  0.014322  0.014494  0.014676  0.014869  0.015072  0.015287  0.015514
  0.015754  0.016008  0.016276  0.016560  0.016860  0.017176  0.017512
  1.000000  0.000000
 -0.001680 -0.001835 -0.001974 -0.002098 -0.002208 -0.002306 -0.002394 -0.002472
 -0.002542 -0.002604 -0.002660 -0.002709 -0.002753 -0.002792 -0.002828 -0.002859
 -0.002887 -0.002911 -0.002934 -0.002953 -0.002971 -0.002987 -0.003001 -0.003013
 -0.003024 -0.003034 -0.002794 -0.002700 -0.002641 -0.002606 -0.002591 -0.002589
 -0.002588 -0.002588 -0.002586 -0.002584 -0.002581 -0.002577 -0.002571 -0.002565
 -0.002556 -0.002546 -0.002534 -0.002520 -0.002503 -0.002483 -0.002460 -0.002434
 -0.002404 -0.002369 -0.002329 -0.002283 -0.002231 -0.002171 -0.002103 -0.002023
 -0.001932 -0.001826 -0.001706 -0.001570 -0.001417 -0.001250 -0.001070 -0.000877
 -0.000674 -0.000459 -0.000234  0.000000  0.000246  0.000503  0.000772  0.001052
  0.001344  0.001646  0.001958  0.002276  0.002598  0.002923  0.003248  0.003574
  0.003897  0.004218  0.004537  0.004854  0.005167  0.005477  0.005782  0.006083
  0.006378  0.006667  0.006950  0.007225  0.007493  0.007734  0.007823  0.007640
  0.007907  0.008189  0.008487  0.008802  0.009135  0.009487  0.009859  0.010252
  0.010668  0.011108  0.011572  0.012064  0.012583  0.013132  0.013712
  1.000000
  0.000000  0.000000  0.000000  0.000000  0.000000  0.000000  0.000000  0.000000
  0.000000  0.000000  0.000000  0.000000  0.000000  0.000000  0.000000  0.000000
  0.000000  0.000000  0.000000  0.000000  0.000000  0.000000  0.000000  0.000000
  0.000000  0.000000  0.000447  0.000600  0.000693  0.000748  0.000782  0.000804
  0.000824  0.000844  0.000866  0.000888  0.000911  0.000935  0.000960  0.000985
  0.001012  0.001039  0.001068  0.001097  0.001127  0.001157  0.001189  0.001221
  0.001253  0.001286  0.001321  0.001355  0.001389  0.001423  0.001459  0.001494
  0.001531  0.001565  0.001599  0.001632  0.001662  0.001689  0.001711  0.001729
  0.001743  0.001753  0.001758  0.001760  0.001757  0.001750  0.001739  0.001724
  0.001704  0.001680  0.001653  0.001621  0.001586  0.001548  0.001508  0.001466
  0.001422  0.001376  0.001329  0.001281  0.001232  0.001182  0.001131  0.001080
  0.001030  0.000979  0.000928  0.000878  0.000829  0.000761  0.000550  0.000000
  0.000000  0.000000  0.000000  0.000000  0.000000  0.000000  0.000000  0.000000
  0.000000  0.000000  0.000000  0.000000  0.000000  0.000000  0.000000
  1.000000  0.000000
  0.350000  0.350000  0.350000  0.350000  0.350000  0.350000  0.350000  0.350000
  0.350000  0.350000  0.350000  0.350000  0.350000  0.350000  0.350000  0.350000
  0.350000  0.350000  0.350000  0.350000  0.350000  0.350000  0.350000  0.350000
  0.350000  0.350000  0.350000  0.350000  0.350000  0.350000  0.350000  0.350000
  0.350000  0.350000  0.350000  0.350000  0.350000  0.350000  0.350000  0.350000
  0.350000  0.350000  0.350000  0.350000  0.350000  0.350000  0.350000  0.350000
  0.350000  0.350000  0.350000  0.350000  0.350000  0.350000  0.350000  0.350000
  0.350000  0.350000  0.350000  0.350000  0.350000  0.350000  0.350000  0.350000
  0.350000  0.350000  0.350000  0.350000  0.350000  0.350000  0.350000  0.350000
  0.350000  0.350000  0.350000  0.350000  0.350000  0.350000  0.350000  0.350000
  0.350000  0.350000  0.350000  0.350000  0.350000  0.350000  0.350000  0.350000
  0.350000  0.350000  0.350000  0.350000  0.350000  0.350000  0.350000  0.350000
  0.350000  0.350000  0.350000  0.350000  0.350000  0.350000  0.350000  0.350000
  0.350000  0.350000  0.350000  0.350000  0.350000  0.350000  0.350000
 ***************************************************************
  ROW NUMBER           1  SECTION NUMBER            3
           0           0           0  IF_DESIGN etc 
   1.00000   0.00000    0
 -0.007055 -0.006245 -0.005524 -0.004880 -0.004307 -0.003796 -0.003340 -0.002933
 -0.002571 -0.002248 -0.001960 -0.001703 -0.001474 -0.001270 -0.001088 -0.000926
 -0.000781 -0.000652 -0.000537 -0.000435 -0.000344 -0.000262 -0.000189 -0.000125
 -0.000067 -0.000015  0.000036  0.000090  0.000146  0.000205  0.000267  0.000332
  0.000401  0.000473  0.000549  0.000629  0.000714  0.000803  0.000897  0.000995
  0.001099  0.001208  0.001322  0.001442  0.001567  0.001699  0.001838  0.001984
  0.002137  0.002298  0.002467  0.002645  0.002833  0.003032  0.003243  0.003471
  0.003714  0.003974  0.004248  0.004538  0.004840  0.005149  0.005462  0.005776
  0.006090  0.006403  0.006714  0.007023  0.007331  0.007641  0.007951  0.008262
  0.008573  0.008883  0.009192  0.009496  0.009794  0.010085  0.010369  0.010644
  0.010911  0.011170  0.011421  0.011664  0.011900  0.012129  0.012350  0.012564
  0.012770  0.012969  0.013160  0.013345  0.013521  0.013690  0.013852  0.014007
  0.014161  0.014325  0.014497  0.014680  0.014873  0.015077  0.015292  0.015520
  0.015761  0.016016  0.016285  0.016570  0.016870  0.017188  0.017524
  1.000000  0.000000
 -0.001648 -0.001802 -0.001940 -0.002062 -0.002171 -0.002268 -0.002355 -0.002433
 -0.002502 -0.002563 -0.002618 -0.002667 -0.002711 -0.002750 -0.002784 -0.002815
 -0.002843 -0.002867 -0.002889 -0.002909 -0.002926 -0.002942 -0.002956 -0.002968
 -0.002979 -0.002989 -0.002749 -0.002656 -0.002597 -0.002564 -0.002549 -0.002547
 -0.002546 -0.002546 -0.002544 -0.002542 -0.002539 -0.002535 -0.002529 -0.002523
 -0.002515 -0.002505 -0.002493 -0.002478 -0.002462 -0.002442 -0.002420 -0.002394
 -0.002364 -0.002330 -0.002290 -0.002245 -0.002194 -0.002136 -0.002068 -0.001990
 -0.001900 -0.001796 -0.001678 -0.001544 -0.001394 -0.001229 -0.001052 -0.000863
 -0.000662 -0.000451 -0.000230  0.000000  0.000241  0.000495  0.000759  0.001035
  0.001322  0.001620  0.001927  0.002239  0.002556  0.002876  0.003196  0.003516
  0.003835  0.004151  0.004465  0.004776  0.005084  0.005389  0.005690  0.005985
  0.006276  0.006560  0.006838  0.007109  0.007373  0.007609  0.007694  0.007510
  0.007772  0.008050  0.008343  0.008653  0.008981  0.009328  0.009695  0.010082
  0.010492  0.010925  0.011382  0.011866  0.012378  0.012919  0.013491
  1.000000
  0.000000  0.000000  0.000000  0.000000  0.000000  0.000000  0.000000  0.000000
  0.000000  0.000000  0.000000  0.000000  0.000000  0.000000  0.000000  0.000000
  0.000000  0.000000  0.000000  0.000000  0.000000  0.000000  0.000000  0.000000
  0.000000  0.000000  0.000446  0.000599  0.000692  0.000747  0.000780  0.000802
  0.000821  0.000842  0.000863  0.000885  0.000908  0.000932  0.000957  0.000982
  0.001009  0.001036  0.001064  0.001094  0.001123  0.001154  0.001185  0.001217
  0.001249  0.001282  0.001317  0.001350  0.001385  0.001419  0.001454  0.001490
  0.001526  0.001561  0.001594  0.001627  0.001656  0.001683  0.001706  0.001724
  0.001738  0.001747  0.001753  0.001754  0.001751  0.001745  0.001734  0.001718
  0.001699  0.001675  0.001647  0.001615  0.001581  0.001544  0.001504  0.001461
  0.001417  0.001372  0.001325  0.001277  0.001228  0.001178  0.001128  0.001077
  0.001026  0.000975  0.000925  0.000875  0.000826  0.000758  0.000547  0.000000
  0.000000  0.000000  0.000000  0.000000  0.000000  0.000000  0.000000  0.000000
  0.000000  0.000000  0.000000  0.000000  0.000000  0.000000  0.000000
  1.000000  0.000000
  0.355602  0.355616  0.355630  0.355645  0.355659  0.355673  0.355687  0.355699
  0.355711  0.355722  0.355733  0.355742  0.355751  0.355759  0.355767  0.355774
  0.355780  0.355785  0.355790  0.355795  0.355799  0.355803  0.355806  0.355809
  0.355812  0.355814  0.355818  0.355822  0.355827  0.355832  0.355837  0.355842
  0.355848  0.355854  0.355860  0.355867  0.355874  0.355882  0.355890  0.355899
  0.355908  0.355918  0.355928  0.355939  0.355951  0.355963  0.355976  0.355990
  0.356005  0.356021  0.356037  0.356055  0.356074  0.356094  0.356116  0.356140
  0.356165  0.356192  0.356222  0.356253  0.356285  0.356319  0.356353  0.356388
  0.356422  0.356456  0.356490  0.356524  0.356557  0.356591  0.356624  0.356657
  0.356689  0.356721  0.356753  0.356783  0.356812  0.356840  0.356867  0.356893
  0.356917  0.356940  0.356961  0.356981  0.357001  0.357019  0.357036  0.357052
  0.357067  0.357080  0.357093  0.357105  0.357117  0.357127  0.357136  0.357145
  0.357151  0.357158  0.357165  0.357173  0.357181  0.357190  0.357199  0.357209
  0.357221  0.357233  0.357246  0.357261  0.357277  0.357294  0.357314
 ***************************************************************
 ************STARTING THE INPUT FOR EACH BLADE ROW**************
  BLADE ROW NUMBER =        2                                           
    NUMBER OF BLADES IN ROW 
       148
        JM        JLE       JTE 
       106        21        91
      KTIPSTART  KTIPEND 
         0         0
       BOUNDARY LAYER TRANSITION POINTS 
         0         0         0         0
  SET NEWGRID= 1 TO GENERATE A NEW GRID WITH DIFFERENT "J" POINTS AND SPACINGS.
         0
   RPMROW,    RPMHUB 
   12000.0   12000.0
       JROTHS    JROTHE    JROTTS    JROTTE 
         1         1         1         1
   PUPROW    PLEROW   PTEROW    PDROW 
  984963.5  984963.5  705941.9  705941.9
      NSECS_ROW   INSURF  
         3         0
  IF_CUSP_OUT   IFANGLES 
         1         0
         0         3         0
 ***************************************************************
  ROW NUMBER           2  SECTION NUMBER            1
           0           0           0  IF_DESIGN etc 
   1.00000   0.00000    0
  0.013605  0.014057  0.014464  0.014828  0.015154  0.015447  0.015709  0.015944
  0.016155  0.016344  0.016513  0.016665  0.016801  0.016924  0.017033  0.017131
  0.017219  0.017298  0.017369  0.017432  0.017489  0.017546  0.017605  0.017667
  0.017732  0.017801  0.017873  0.017949  0.018029  0.018113  0.018201  0.018294
  0.018392  0.018496  0.018605  0.018719  0.018839  0.018965  0.019097  0.019236
  0.019381  0.019534  0.019695  0.019864  0.020041  0.020227  0.020424  0.020631
  0.020849  0.021082  0.021332  0.021600  0.021885  0.022188  0.022506  0.022838
  0.023178  0.023522  0.023867  0.024213  0.024556  0.024898  0.025237  0.025576
  0.025916  0.026257  0.026599  0.026941  0.027281  0.027620  0.027955  0.028282
  0.028602  0.028914  0.029217  0.029511  0.029795  0.030071  0.030339  0.030599
  0.030851  0.031094  0.031330  0.031557  0.031777  0.031988  0.032191  0.032385
  0.032572  0.032751  0.032921  0.033092  0.033272  0.033463  0.033665  0.033878
  0.034104  0.034342  0.034594  0.034860  0.035142  0.035440  0.035754  0.036087
  0.036439  0.036811
  1.000000  0.000000
 -0.000207 -0.000091  0.000013  0.000107  0.000191  0.000266  0.000333  0.000394
  0.000448  0.000496  0.000540  0.000579  0.000614  0.000645  0.000674  0.000699
  0.000721  0.000742  0.000760  0.000776  0.000791  0.001050  0.001124  0.001169
  0.001204  0.001237  0.001271  0.001304  0.001338  0.001371  0.001403  0.001436
  0.001468  0.001499  0.001530  0.001560  0.001588  0.001615  0.001640  0.001662
  0.001683  0.001701  0.001715  0.001725  0.001730  0.001730  0.001724  0.001712
  0.001691  0.001661  0.001618  0.001563  0.001492  0.001403  0.001294  0.001165
  0.001015  0.000847  0.000661  0.000457  0.000236  0.000000 -0.000251 -0.000518
 -0.000803 -0.001105 -0.001424 -0.001759 -0.002110 -0.002476 -0.002852 -0.003236
 -0.003625 -0.004018 -0.004413 -0.004808 -0.005201 -0.005594 -0.005985 -0.006374
 -0.006759 -0.007140 -0.007516 -0.007886 -0.008250 -0.008606 -0.008954 -0.009293
 -0.009623 -0.009943 -0.010367 -0.010658 -0.010965 -0.011290 -0.011633 -0.011996
 -0.012380 -0.012786 -0.013215 -0.013668 -0.014147 -0.014654 -0.015189 -0.015756
 -0.016354 -0.016987
  1.000000
  0.000000  0.000000  0.000000  0.000000  0.000000  0.000000  0.000000  0.000000
  0.000000  0.000000  0.000000  0.000000  0.000000  0.000000  0.000000  0.000000
  0.000000  0.000000  0.000000  0.000000  0.000000  0.000545  0.000718  0.000832
  0.000916  0.000979  0.001025  0.001061  0.001096  0.001132  0.001166  0.001201
  0.001236  0.001271  0.001305  0.001340  0.001374  0.001409  0.001442  0.001476
  0.001509  0.001543  0.001575  0.001607  0.001638  0.001668  0.001698  0.001728
  0.001755  0.001781  0.001807  0.001831  0.001853  0.001871  0.001886  0.001899
  0.001906  0.001911  0.001910  0.001905  0.001896  0.001884  0.001868  0.001849
  0.001827  0.001801  0.001772  0.001740  0.001705  0.001668  0.001628  0.001587
  0.001544  0.001499  0.001454  0.001409  0.001363  0.001316  0.001270  0.001224
  0.001177  0.001131  0.001086  0.001041  0.000996  0.000953  0.000910  0.000868
  0.000810  0.000592  0.000000  0.000000  0.000000  0.000000  0.000000  0.000000
  0.000000  0.000000  0.000000  0.000000  0.000000  0.000000  0.000000  0.000000
  0.000000  0.000000
  1.000000  0.000000
  0.342878  0.342853  0.342836  0.342821  0.342807  0.342794  0.342782  0.342771
  0.342760  0.342751  0.342742  0.342734  0.342727  0.342721  0.342715  0.342709
  0.342704  0.342700  0.342696  0.342692  0.342689  0.342685  0.342680  0.342675
  0.342670  0.342664  0.342658  0.342652  0.342645  0.342637  0.342629  0.342620
  0.342611  0.342601  0.342590  0.342578  0.342566  0.342552  0.342538  0.342522
  0.342505  0.342487  0.342468  0.342447  0.342425  0.342401  0.342375  0.342347
  0.342317  0.342285  0.342249  0.342209  0.342167  0.342121  0.342072  0.342020
  0.341966  0.341911  0.341855  0.341799  0.341743  0.341688  0.341633  0.341578
  0.341524  0.341470  0.341417  0.341365  0.341313  0.341263  0.341215  0.341170
  0.341127  0.341086  0.341048  0.341012  0.340979  0.340949  0.340921  0.340895
  0.340871  0.340850  0.340830  0.340813  0.340797  0.340783  0.340771  0.340760
  0.340751  0.340743  0.340736  0.340736  0.340735  0.340735  0.340735  0.340735
  0.340735  0.340736  0.340736  0.340736  0.340737  0.340739  0.340742  0.340744
  0.340745  0.340744
 ***************************************************************
  ROW NUMBER           2  SECTION NUMBER            2
           0           0           0  IF_DESIGN etc 
   1.00000   0.00000    0
  0.013633  0.014083  0.014486  0.014847  0.015171  0.015462  0.015722  0.015956
  0.016165  0.016353  0.016522  0.016672  0.016808  0.016929  0.017038  0.017135
  0.017223  0.017301  0.017371  0.017434  0.017491  0.017547  0.017606  0.017668
  0.017733  0.017801  0.017873  0.017949  0.018028  0.018112  0.018200  0.018293
  0.018391  0.018494  0.018602  0.018716  0.018836  0.018962  0.019093  0.019232
  0.019377  0.019530  0.019690  0.019859  0.020036  0.020222  0.020419  0.020626
  0.020844  0.021077  0.021327  0.021596  0.021881  0.022184  0.022503  0.022835
  0.023177  0.023521  0.023867  0.024213  0.024558  0.024900  0.025240  0.025580
  0.025921  0.026263  0.026605  0.026948  0.027289  0.027629  0.027964  0.028292
  0.028612  0.028924  0.029227  0.029521  0.029806  0.030081  0.030349  0.030609
  0.030860  0.031103  0.031338  0.031565  0.031783  0.031994  0.032196  0.032390
  0.032576  0.032753  0.032923  0.033092  0.033271  0.033461  0.033661  0.033873
  0.034096  0.034333  0.034583  0.034847  0.035126  0.035422  0.035734  0.036064
  0.036413  0.036781
  1.000000  0.000000
  0.000406  0.000493  0.000571  0.000641  0.000703  0.000759  0.000810  0.000855
  0.000895  0.000932  0.000964  0.000993  0.001019  0.001043  0.001064  0.001083
  0.001100  0.001115  0.001128  0.001140  0.001151  0.001420  0.001499  0.001545
  0.001578  0.001608  0.001637  0.001666  0.001694  0.001722  0.001749  0.001776
  0.001802  0.001827  0.001851  0.001874  0.001895  0.001915  0.001933  0.001947
  0.001959  0.001968  0.001973  0.001973  0.001969  0.001959  0.001942  0.001918
  0.001885  0.001843  0.001788  0.001718  0.001632  0.001528  0.001404  0.001259
  0.001093  0.000908  0.000706  0.000486  0.000251  0.000000 -0.000265 -0.000546
 -0.000845 -0.001160 -0.001492 -0.001841 -0.002204 -0.002582 -0.002969 -0.003364
 -0.003764 -0.004167 -0.004572 -0.004975 -0.005377 -0.005778 -0.006177 -0.006572
 -0.006964 -0.007352 -0.007733 -0.008109 -0.008478 -0.008839 -0.009191 -0.009535
 -0.009869 -0.010192 -0.010621 -0.010914 -0.011225 -0.011552 -0.011899 -0.012266
 -0.012653 -0.013063 -0.013496 -0.013953 -0.014437 -0.014949 -0.015489 -0.016061
 -0.016665 -0.017304
  1.000000
  0.000000  0.000000  0.000000  0.000000  0.000000  0.000000  0.000000  0.000000
  0.000000  0.000000  0.000000  0.000000  0.000000  0.000000  0.000000  0.000000
  0.000000  0.000000  0.000000  0.000000  0.000000  0.000560  0.000743  0.000862
  0.000943  0.001000  0.001041  0.001077  0.001113  0.001149  0.001184  0.001220
  0.001255  0.001290  0.001325  0.001360  0.001395  0.001429  0.001464  0.001498
  0.001532  0.001565  0.001598  0.001631  0.001663  0.001694  0.001724  0.001752
  0.001781  0.001808  0.001834  0.001858  0.001879  0.001899  0.001914  0.001927
  0.001935  0.001938  0.001937  0.001932  0.001924  0.001911  0.001895  0.001876
  0.001853  0.001827  0.001798  0.001765  0.001730  0.001692  0.001652  0.001609
  0.001566  0.001521  0.001475  0.001429  0.001382  0.001335  0.001288  0.001241
  0.001194  0.001147  0.001101  0.001055  0.001010  0.000966  0.000923  0.000881
  0.000819  0.000597  0.000000  0.000000  0.000000  0.000000  0.000000  0.000000
  0.000000  0.000000  0.000000  0.000000  0.000000  0.000000  0.000000  0.000000
  0.000000  0.000000
  1.000000  0.000000
  0.350000  0.350000  0.350000  0.350000  0.350000  0.350000  0.350000  0.350000
  0.350000  0.350000  0.350000  0.350000  0.350000  0.350000  0.350000  0.350000
  0.350000  0.350000  0.350000  0.350000  0.350000  0.350000  0.350000  0.350000
  0.350000  0.350000  0.350000  0.350000  0.350000  0.350000  0.350000  0.350000
  0.350000  0.350000  0.350000  0.350000  0.350000  0.350000  0.350000  0.350000
  0.350000  0.350000  0.350000  0.350000  0.350000  0.350000  0.350000  0.350000
  0.350000  0.350000  0.350000  0.350000  0.350000  0.350000  0.350000  0.350000
  0.350000  0.350000  0.350000  0.350000  0.350000  0.350000  0.350000  0.350000
  0.350000  0.350000  0.350000  0.350000  0.350000  0.350000  0.350000  0.350000
  0.350000  0.350000  0.350000  0.350000  0.350000  0.350000  0.350000  0.350000
  0.350000  0.350000  0.350000  0.350000  0.350000  0.350000  0.350000  0.350000
  0.350000  0.350000  0.350000  0.350000  0.350000  0.350000  0.350000  0.350000
  0.350000  0.350000  0.350000  0.350000  0.350000  0.350000  0.350000  0.350000
  0.350000  0.350000
 ***************************************************************
  ROW NUMBER           2  SECTION NUMBER            3
           0           0           0  IF_DESIGN etc 
   1.00000   0.00000    0
  0.013609  0.014062  0.014468  0.014832  0.015158  0.015451  0.015713  0.015948
  0.016159  0.016348  0.016518  0.016670  0.016806  0.016928  0.017037  0.017135
  0.017223  0.017302  0.017373  0.017436  0.017493  0.017550  0.017609  0.017672
  0.017737  0.017805  0.017877  0.017953  0.018033  0.018117  0.018205  0.018299
  0.018397  0.018500  0.018609  0.018723  0.018843  0.018969  0.019101  0.019240
  0.019386  0.019539  0.019699  0.019868  0.020045  0.020232  0.020428  0.020635
  0.020854  0.021086  0.021336  0.021604  0.021890  0.022192  0.022510  0.022842
  0.023183  0.023527  0.023872  0.024217  0.024561  0.024902  0.025241  0.025580
  0.025920  0.026262  0.026603  0.026945  0.027286  0.027625  0.027959  0.028287
  0.028607  0.028919  0.029222  0.029515  0.029800  0.030076  0.030344  0.030603
  0.030855  0.031099  0.031334  0.031562  0.031781  0.031992  0.032195  0.032390
  0.032576  0.032755  0.032925  0.033096  0.033277  0.033467  0.033669  0.033882
  0.034108  0.034346  0.034598  0.034865  0.035146  0.035444  0.035759  0.036091
  0.036443  0.036815
  1.000000  0.000000
  0.001007  0.001066  0.001119  0.001167  0.001210  0.001248  0.001283  0.001314
  0.001342  0.001366  0.001389  0.001409  0.001426  0.001443  0.001457  0.001470
  0.001481  0.001492  0.001501  0.001509  0.001517  0.001798  0.001887  0.001937
  0.001969  0.001995  0.002021  0.002046  0.002070  0.002093  0.002115  0.002137
  0.002158  0.002178  0.002196  0.002213  0.002227  0.002240  0.002250  0.002257
  0.002261  0.002262  0.002258  0.002249  0.002234  0.002214  0.002186  0.002152
  0.002107  0.002051  0.001982  0.001898  0.001796  0.001676  0.001535  0.001371
  0.001186  0.000983  0.000761  0.000523  0.000269  0.000000 -0.000283 -0.000583
 -0.000899 -0.001233 -0.001584 -0.001950 -0.002332 -0.002728 -0.003133 -0.003546
 -0.003963 -0.004382 -0.004802 -0.005222 -0.005638 -0.006053 -0.006466 -0.006875
 -0.007280 -0.007680 -0.008074 -0.008461 -0.008841 -0.009213 -0.009575 -0.009928
 -0.010271 -0.010604 -0.011011 -0.011312 -0.011630 -0.011967 -0.012322 -0.012698
 -0.013096 -0.013516 -0.013960 -0.014429 -0.014925 -0.015450 -0.016004 -0.016590
 -0.017210 -0.017865
  1.000000
  0.000000  0.000000  0.000000  0.000000  0.000000  0.000000  0.000000  0.000000
  0.000000  0.000000  0.000000  0.000000  0.000000  0.000000  0.000000  0.000000
  0.000000  0.000000  0.000000  0.000000  0.000000  0.000582  0.000780  0.000905
  0.000984  0.001035  0.001074  0.001112  0.001148  0.001185  0.001221  0.001258
  0.001294  0.001330  0.001367  0.001403  0.001439  0.001474  0.001509  0.001544
  0.001579  0.001614  0.001648  0.001681  0.001714  0.001746  0.001777  0.001808
  0.001836  0.001864  0.001890  0.001915  0.001938  0.001958  0.001974  0.001986
  0.001994  0.001998  0.001997  0.001992  0.001984  0.001971  0.001954  0.001934
  0.001911  0.001883  0.001853  0.001820  0.001783  0.001744  0.001702  0.001659
  0.001614  0.001568  0.001521  0.001473  0.001425  0.001376  0.001328  0.001279
  0.001231  0.001183  0.001135  0.001088  0.001041  0.000996  0.000951  0.000907
  0.000842  0.000610  0.000000  0.000000  0.000000  0.000000  0.000000  0.000000
  0.000000  0.000000  0.000000  0.000000  0.000000  0.000000  0.000000  0.000000
  0.000000  0.000000
  1.000000  0.000000
  0.357122  0.357147  0.357164  0.357179  0.357193  0.357206  0.357218  0.357230
  0.357240  0.357249  0.357258  0.357266  0.357273  0.357280  0.357286  0.357291
  0.357296  0.357300  0.357304  0.357308  0.357311  0.357316  0.357320  0.357325
  0.357331  0.357336  0.357342  0.357349  0.357356  0.357363  0.357371  0.357380
  0.357389  0.357400  0.357410  0.357422  0.357435  0.357448  0.357463  0.357478
  0.357495  0.357513  0.357532  0.357553  0.357576  0.357600  0.357625  0.357653
  0.357683  0.357716  0.357752  0.357791  0.357834  0.357880  0.357929  0.357981
  0.358035  0.358090  0.358146  0.358201  0.358257  0.358313  0.358368  0.358422
  0.358477  0.358531  0.358584  0.358636  0.358687  0.358737  0.358785  0.358831
  0.358874  0.358915  0.358953  0.358988  0.359021  0.359051  0.359079  0.359105
  0.359129  0.359150  0.359170  0.359187  0.359203  0.359217  0.359229  0.359240
  0.359249  0.359257  0.359264  0.359264  0.359265  0.359265  0.359265  0.359265
  0.359265  0.359264  0.359264  0.359264  0.359263  0.359261  0.359258  0.359256
  0.359255  0.359256
 ***************************************************************
 ************STARTING THE INPUT FOR EACH BLADE ROW**************
  BLADE ROW NUMBER =        3                                           
    NUMBER OF BLADES IN ROW 
       147
        JM        JLE       JTE 
       106        21        91
      KTIPSTART  KTIPEND 
         0         0
       BOUNDARY LAYER TRANSITION POINTS 
         0         0         0         0
  SET NEWGRID= 1 TO GENERATE A NEW GRID WITH DIFFERENT "J" POINTS AND SPACINGS.
         0
   RPMROW,    RPMHUB 
       0.0       0.0
       JROTHS    JROTHE    JROTTS    JROTTE 
         1         1         1         1
   PUPROW    PLEROW   PTEROW    PDROW 
  705941.9  705941.9  491026.9  491026.9
      NSECS_ROW   INSURF  
         3         0
  IF_CUSP_OUT   IFANGLES 
         1         0
         0         3         0
 ***************************************************************
  ROW NUMBER           3  SECTION NUMBER            1
           0           0           0  IF_DESIGN etc 
   1.00000   0.00000    0
  0.035949  0.036407  0.036818  0.037186  0.037516  0.037811  0.038076  0.038313
  0.038526  0.038717  0.038888  0.039041  0.039179  0.039302  0.039412  0.039511
  0.039600  0.039679  0.039751  0.039815  0.039872  0.039929  0.039989  0.040051
  0.040117  0.040186  0.040258  0.040334  0.040415  0.040499  0.040588  0.040682
  0.040780  0.040884  0.040994  0.041108  0.041229  0.041355  0.041488  0.041627
  0.041773  0.041927  0.042088  0.042257  0.042434  0.042621  0.042818  0.043025
  0.043244  0.043477  0.043728  0.043996  0.044281  0.044584  0.044902  0.045234
  0.045574  0.045918  0.046263  0.046607  0.046951  0.047292  0.047631  0.047969
  0.048309  0.048650  0.048991  0.049333  0.049673  0.050012  0.050346  0.050674
  0.050994  0.051305  0.051609  0.051903  0.052187  0.052464  0.052732  0.052992
  0.053245  0.053489  0.053725  0.053953  0.054173  0.054385  0.054589  0.054785
  0.054972  0.055152  0.055323  0.055495  0.055677  0.055869  0.056072  0.056287
  0.056514  0.056754  0.057008  0.057276  0.057559  0.057858  0.058175  0.058509
  0.058862  0.059235
  1.000000  0.000000
 -0.002745 -0.002836 -0.002917 -0.002990 -0.003055 -0.003114 -0.003167 -0.003214
 -0.003256 -0.003294 -0.003328 -0.003358 -0.003385 -0.003410 -0.003431 -0.003451
 -0.003469 -0.003484 -0.003499 -0.003511 -0.003523 -0.003250 -0.003143 -0.003075
 -0.003034 -0.003016 -0.003013 -0.003013 -0.003012 -0.003010 -0.003008 -0.003004
 -0.002999 -0.002993 -0.002985 -0.002976 -0.002964 -0.002950 -0.002933 -0.002913
 -0.002891 -0.002864 -0.002833 -0.002798 -0.002757 -0.002711 -0.002658 -0.002597
 -0.002528 -0.002447 -0.002355 -0.002248 -0.002126 -0.001986 -0.001827 -0.001650
 -0.001455 -0.001245 -0.001021 -0.000784 -0.000534 -0.000272  0.000000  0.000285
  0.000584  0.000896  0.001223  0.001562  0.001913  0.002275  0.002645  0.003019
  0.003396  0.003774  0.004152  0.004528  0.004901  0.005271  0.005639  0.006003
  0.006363  0.006717  0.007066  0.007409  0.007745  0.008073  0.008393  0.008704
  0.008985  0.009093  0.008890  0.009199  0.009527  0.009872  0.010238  0.010624
  0.011032  0.011464  0.011920  0.012403  0.012912  0.013451  0.014020  0.014622
  0.015258  0.015930
  1.000000
  0.000000  0.000000  0.000000  0.000000  0.000000  0.000000  0.000000  0.000000
  0.000000  0.000000  0.000000  0.000000  0.000000  0.000000  0.000000  0.000000
  0.000000  0.000000  0.000000  0.000000  0.000000  0.000505  0.000678  0.000784
  0.000849  0.000888  0.000914  0.000936  0.000959  0.000983  0.001009  0.001035
  0.001062  0.001091  0.001120  0.001150  0.001181  0.001213  0.001247  0.001281
  0.001315  0.001351  0.001387  0.001424  0.001462  0.001501  0.001539  0.001578
  0.001617  0.001658  0.001699  0.001739  0.001779  0.001817  0.001854  0.001889
  0.001919  0.001944  0.001965  0.001981  0.001992  0.001999  0.002000  0.001997
  0.001989  0.001976  0.001959  0.001936  0.001910  0.001878  0.001842  0.001803
  0.001760  0.001714  0.001666  0.001616  0.001564  0.001511  0.001456  0.001400
  0.001343  0.001286  0.001228  0.001170  0.001112  0.001055  0.000998  0.000942
  0.000865  0.000627  0.000000  0.000000  0.000000  0.000000  0.000000  0.000000
  0.000000  0.000000  0.000000  0.000000  0.000000  0.000000  0.000000  0.000000
  0.000000  0.000000
  1.000000  0.000000
  0.340743  0.340745  0.340744  0.340740  0.340734  0.340724  0.340711  0.340699
  0.340686  0.340674  0.340663  0.340652  0.340641  0.340632  0.340623  0.340614
  0.340607  0.340600  0.340593  0.340587  0.340582  0.340576  0.340570  0.340563
  0.340556  0.340548  0.340540  0.340531  0.340521  0.340511  0.340500  0.340488
  0.340475  0.340462  0.340447  0.340431  0.340414  0.340396  0.340377  0.340356
  0.340333  0.340309  0.340284  0.340256  0.340226  0.340194  0.340160  0.340122
  0.340082  0.340039  0.339991  0.339939  0.339882  0.339821  0.339755  0.339686
  0.339613  0.339539  0.339464  0.339388  0.339312  0.339236  0.339160  0.339085
  0.339009  0.338933  0.338858  0.338783  0.338710  0.338637  0.338567  0.338499
  0.338433  0.338371  0.338312  0.338256  0.338203  0.338153  0.338106  0.338061
  0.338019  0.337980  0.337944  0.337910  0.337878  0.337849  0.337822  0.337797
  0.337774  0.337753  0.337734  0.337722  0.337708  0.337694  0.337679  0.337662
  0.337644  0.337625  0.337604  0.337581  0.337555  0.337527  0.337496  0.337462
  0.337425  0.337380
 ***************************************************************
  ROW NUMBER           3  SECTION NUMBER            2
           0           0           0  IF_DESIGN etc 
   1.00000   0.00000    0
  0.036010  0.036460  0.036864  0.037226  0.037550  0.037841  0.038102  0.038336
  0.038545  0.038733  0.038902  0.039053  0.039188  0.039310  0.039419  0.039516
  0.039604  0.039682  0.039753  0.039816  0.039872  0.039929  0.039988  0.040050
  0.040115  0.040183  0.040255  0.040331  0.040410  0.040494  0.040582  0.040676
  0.040773  0.040877  0.040985  0.041099  0.041219  0.041345  0.041477  0.041616
  0.041761  0.041914  0.042075  0.042243  0.042421  0.042607  0.042804  0.043011
  0.043230  0.043463  0.043714  0.043982  0.044268  0.044571  0.044890  0.045223
  0.045565  0.045910  0.046257  0.046603  0.046948  0.047291  0.047631  0.047972
  0.048313  0.048655  0.048998  0.049341  0.049683  0.050023  0.050358  0.050687
  0.051008  0.051320  0.051623  0.051918  0.052202  0.052479  0.052747  0.053006
  0.053258  0.053501  0.053737  0.053964  0.054183  0.054393  0.054596  0.054790
  0.054976  0.055154  0.055323  0.055493  0.055672  0.055862  0.056062  0.056274
  0.056498  0.056735  0.056985  0.057250  0.057530  0.057825  0.058138  0.058468
  0.058817  0.059187
  1.000000  0.000000
 -0.002597 -0.002684 -0.002762 -0.002832 -0.002895 -0.002951 -0.003001 -0.003046
 -0.003087 -0.003123 -0.003156 -0.003185 -0.003211 -0.003235 -0.003256 -0.003275
 -0.003291 -0.003307 -0.003320 -0.003332 -0.003343 -0.003078 -0.002975 -0.002910
 -0.002872 -0.002855 -0.002852 -0.002852 -0.002852 -0.002850 -0.002848 -0.002844
 -0.002839 -0.002833 -0.002826 -0.002817 -0.002806 -0.002792 -0.002776 -0.002758
 -0.002736 -0.002711 -0.002682 -0.002649 -0.002610 -0.002566 -0.002516 -0.002458
 -0.002393 -0.002317 -0.002229 -0.002128 -0.002012 -0.001880 -0.001730 -0.001562
 -0.001378 -0.001179 -0.000967 -0.000742 -0.000506 -0.000258  0.000000  0.000271
  0.000554  0.000850  0.001160  0.001481  0.001814  0.002158  0.002508  0.002863
  0.003220  0.003579  0.003938  0.004294  0.004648  0.005000  0.005349  0.005694
  0.006035  0.006372  0.006703  0.007028  0.007346  0.007658  0.007961  0.008257
  0.008522  0.008620  0.008419  0.008713  0.009023  0.009352  0.009699  0.010066
  0.010454  0.010864  0.011297  0.011755  0.012240  0.012752  0.013293  0.013865
  0.014470  0.015110
  1.000000
  0.000000  0.000000  0.000000  0.000000  0.000000  0.000000  0.000000  0.000000
  0.000000  0.000000  0.000000  0.000000  0.000000  0.000000  0.000000  0.000000
  0.000000  0.000000  0.000000  0.000000  0.000000  0.000492  0.000661  0.000763
  0.000825  0.000862  0.000886  0.000908  0.000930  0.000954  0.000978  0.001004
  0.001030  0.001058  0.001086  0.001115  0.001145  0.001176  0.001209  0.001242
  0.001275  0.001310  0.001345  0.001381  0.001418  0.001455  0.001493  0.001530
  0.001568  0.001607  0.001647  0.001687  0.001725  0.001762  0.001798  0.001831
  0.001861  0.001886  0.001906  0.001921  0.001931  0.001937  0.001939  0.001936
  0.001929  0.001916  0.001899  0.001878  0.001852  0.001821  0.001786  0.001748
  0.001706  0.001662  0.001616  0.001567  0.001517  0.001465  0.001412  0.001357
  0.001302  0.001247  0.001190  0.001134  0.001078  0.001023  0.000968  0.000913
  0.000838  0.000606  0.000000  0.000000  0.000000  0.000000  0.000000  0.000000
  0.000000  0.000000  0.000000  0.000000  0.000000  0.000000  0.000000  0.000000
  0.000000  0.000000
  1.000000  0.000000
  0.350000  0.350000  0.350000  0.350000  0.350000  0.350000  0.350000  0.350000
  0.350000  0.350000  0.350000  0.350000  0.350000  0.350000  0.350000  0.350000
  0.350000  0.350000  0.350000  0.350000  0.350000  0.350000  0.350000  0.350000
  0.350000  0.350000  0.350000  0.350000  0.350000  0.350000  0.350000  0.350000
  0.350000  0.350000  0.350000  0.350000  0.350000  0.350000  0.350000  0.350000
  0.350000  0.350000  0.350000  0.350000  0.350000  0.350000  0.350000  0.350000
  0.350000  0.350000  0.350000  0.350000  0.350000  0.350000  0.350000  0.350000
  0.350000  0.350000  0.350000  0.350000  0.350000  0.350000  0.350000  0.350000
  0.350000  0.350000  0.350000  0.350000  0.350000  0.350000  0.350000  0.350000
  0.350000  0.350000  0.350000  0.350000  0.350000  0.350000  0.350000  0.350000
  0.350000  0.350000  0.350000  0.350000  0.350000  0.350000  0.350000  0.350000
  0.350000  0.350000  0.350000  0.350000  0.350000  0.350000  0.350000  0.350000
  0.350000  0.350000  0.350000  0.350000  0.350000  0.350000  0.350000  0.350000
  0.350000  0.350000
 ***************************************************************
  ROW NUMBER           3  SECTION NUMBER            3
           0           0           0  IF_DESIGN etc 
   1.00000   0.00000    0
  0.035951  0.036408  0.036819  0.037187  0.037517  0.037812  0.038077  0.038315
  0.038527  0.038718  0.038889  0.039042  0.039180  0.039303  0.039413  0.039512
  0.039601  0.039681  0.039752  0.039816  0.039873  0.039930  0.039990  0.040052
  0.040118  0.040187  0.040259  0.040336  0.040416  0.040500  0.040589  0.040683
  0.040782  0.040885  0.040995  0.041110  0.041230  0.041356  0.041489  0.041628
  0.041774  0.041928  0.042089  0.042258  0.042436  0.042622  0.042819  0.043027
  0.043245  0.043478  0.043729  0.043997  0.044283  0.044585  0.044903  0.045235
  0.045575  0.045919  0.046264  0.046609  0.046952  0.047293  0.047632  0.047971
  0.048310  0.048651  0.048992  0.049334  0.049674  0.050013  0.050347  0.050675
  0.050995  0.051307  0.051610  0.051904  0.052188  0.052465  0.052733  0.052994
  0.053246  0.053490  0.053726  0.053954  0.054174  0.054386  0.054590  0.054786
  0.054973  0.055153  0.055324  0.055496  0.055678  0.055870  0.056074  0.056288
  0.056515  0.056755  0.057009  0.057277  0.057560  0.057860  0.058176  0.058510
  0.058863  0.059236
  1.000000  0.000000
 -0.002546 -0.002632 -0.002710 -0.002779 -0.002841 -0.002897 -0.002947 -0.002992
 -0.003032 -0.003068 -0.003100 -0.003129 -0.003155 -0.003179 -0.003200 -0.003218
 -0.003235 -0.003250 -0.003264 -0.003276 -0.003287 -0.003020 -0.002917 -0.002853
 -0.002816 -0.002800 -0.002797 -0.002797 -0.002796 -0.002795 -0.002792 -0.002789
 -0.002784 -0.002778 -0.002771 -0.002762 -0.002751 -0.002738 -0.002722 -0.002704
 -0.002683 -0.002658 -0.002630 -0.002597 -0.002559 -0.002516 -0.002466 -0.002410
 -0.002346 -0.002272 -0.002186 -0.002087 -0.001973 -0.001843 -0.001697 -0.001532
 -0.001351 -0.001156 -0.000948 -0.000728 -0.000496 -0.000253  0.000000  0.000265
  0.000543  0.000834  0.001138  0.001454  0.001781  0.002117  0.002461  0.002810
  0.003161  0.003514  0.003866  0.004216  0.004564  0.004909  0.005251  0.005590
  0.005926  0.006256  0.006581  0.006901  0.007213  0.007519  0.007817  0.008107
  0.008367  0.008458  0.008252  0.008541  0.008846  0.009169  0.009510  0.009871
  0.010252  0.010656  0.011082  0.011533  0.012009  0.012513  0.013046  0.013609
  0.014204  0.014834
  1.000000
  0.000000  0.000000  0.000000  0.000000  0.000000  0.000000  0.000000  0.000000
  0.000000  0.000000  0.000000  0.000000  0.000000  0.000000  0.000000  0.000000
  0.000000  0.000000  0.000000  0.000000  0.000000  0.000496  0.000666  0.000768
  0.000829  0.000866  0.000890  0.000911  0.000934  0.000958  0.000982  0.001008
  0.001034  0.001062  0.001090  0.001119  0.001150  0.001181  0.001214  0.001247
  0.001280  0.001315  0.001350  0.001386  0.001422  0.001460  0.001498  0.001536
  0.001574  0.001613  0.001653  0.001693  0.001732  0.001769  0.001804  0.001838
  0.001867  0.001893  0.001913  0.001928  0.001939  0.001945  0.001946  0.001943
  0.001935  0.001923  0.001906  0.001885  0.001858  0.001827  0.001792  0.001754
  0.001713  0.001668  0.001621  0.001573  0.001522  0.001470  0.001417  0.001362
  0.001307  0.001251  0.001195  0.001139  0.001082  0.001026  0.000971  0.000916
  0.000841  0.000607  0.000000  0.000000  0.000000  0.000000  0.000000  0.000000
  0.000000  0.000000  0.000000  0.000000  0.000000  0.000000  0.000000  0.000000
  0.000000  0.000000
  1.000000  0.000000
  0.359257  0.359255  0.359256  0.359260  0.359266  0.359277  0.359289  0.359301
  0.359314  0.359326  0.359337  0.359348  0.359359  0.359369  0.359378  0.359386
  0.359393  0.359401  0.359407  0.359413  0.359418  0.359424  0.359430  0.359437
  0.359445  0.359452  0.359461  0.359469  0.359479  0.359489  0.359500  0.359512
  0.359525  0.359539  0.359553  0.359569  0.359586  0.359604  0.359624  0.359644
  0.359667  0.359691  0.359717  0.359744  0.359774  0.359806  0.359841  0.359878
  0.359918  0.359961  0.360009  0.360061  0.360118  0.360179  0.360245  0.360315
  0.360387  0.360461  0.360537  0.360613  0.360689  0.360765  0.360840  0.360916
  0.360991  0.361067  0.361142  0.361217  0.361291  0.361363  0.361434  0.361502
  0.361567  0.361629  0.361688  0.361745  0.361797  0.361847  0.361895  0.361939
  0.361981  0.362020  0.362056  0.362090  0.362122  0.362151  0.362178  0.362203
  0.362226  0.362247  0.362266  0.362279  0.362292  0.362306  0.362322  0.362338
  0.362356  0.362375  0.362396  0.362420  0.362445  0.362473  0.362504  0.362538
  0.362576  0.362620
 ***************************************************************
 ************STARTING THE INPUT FOR EACH BLADE ROW**************
  BLADE ROW NUMBER =        4                                           
    NUMBER OF BLADES IN ROW 
       147
        JM        JLE       JTE 
       111        21        91
      KTIPSTART  KTIPEND 
         0         0
       BOUNDARY LAYER TRANSITION POINTS 
         0         0         0         0
  SET NEWGRID= 1 TO GENERATE A NEW GRID WITH DIFFERENT "J" POINTS AND SPACINGS.
         0
   RPMROW,    RPMHUB 
   12000.0   12000.0
       JROTHS    JROTHE    JROTTS    JROTTE 
         1         1         1         1
   PUPROW    PLEROW   PTEROW    PDROW 
  491026.9  491026.9  332017.9  332017.9
      NSECS_ROW   INSURF  
         3         0
  IF_CUSP_OUT   IFANGLES 
         1         0
         0         3         0
 ***************************************************************
  ROW NUMBER           4  SECTION NUMBER            1
           0           0           0  IF_DESIGN etc 
   1.00000   0.00000    0
  0.055117  0.055581  0.055999  0.056373  0.056708  0.057009  0.057278  0.057520
  0.057736  0.057930  0.058104  0.058260  0.058400  0.058525  0.058637  0.058738
  0.058828  0.058909  0.058982  0.059047  0.059105  0.059163  0.059224  0.059287
  0.059354  0.059424  0.059497  0.059575  0.059656  0.059742  0.059832  0.059927
  0.060027  0.060133  0.060243  0.060360  0.060482  0.060610  0.060744  0.060885
  0.061033  0.061189  0.061352  0.061523  0.061703  0.061892  0.062091  0.062301
  0.062522  0.062757  0.063010  0.063281  0.063569  0.063874  0.064195  0.064529
  0.064873  0.065219  0.065566  0.065913  0.066259  0.066602  0.066943  0.067283
  0.067625  0.067967  0.068310  0.068653  0.068995  0.069335  0.069670  0.069999
  0.070320  0.070633  0.070937  0.071232  0.071518  0.071795  0.072064  0.072325
  0.072578  0.072823  0.073060  0.073289  0.073510  0.073722  0.073927  0.074123
  0.074311  0.074491  0.074663  0.074838  0.075026  0.075230  0.075449  0.075687
  0.075943  0.076220  0.076519  0.076842  0.077191  0.077568  0.077974  0.078414
  0.078889  0.079401  0.079955  0.080553  0.081199  0.081896  0.082650
  1.000000  0.000000
 -0.000689 -0.000547 -0.000420 -0.000306 -0.000204 -0.000113 -0.000031  0.000043
  0.000109  0.000168  0.000221  0.000269  0.000311  0.000349  0.000384  0.000414
  0.000442  0.000466  0.000489  0.000508  0.000526  0.000786  0.000859  0.000904
  0.000943  0.000981  0.001019  0.001056  0.001094  0.001132  0.001169  0.001207
  0.001244  0.001281  0.001317  0.001353  0.001387  0.001421  0.001452  0.001482
  0.001509  0.001534  0.001555  0.001573  0.001586  0.001594  0.001597  0.001592
  0.001580  0.001559  0.001526  0.001480  0.001418  0.001339  0.001240  0.001120
  0.000979  0.000819  0.000641  0.000444  0.000230  0.000000 -0.000246 -0.000508
 -0.000789 -0.001088 -0.001404 -0.001738 -0.002087 -0.002452 -0.002827 -0.003211
 -0.003601 -0.003996 -0.004392 -0.004789 -0.005185 -0.005580 -0.005974 -0.006366
 -0.006754 -0.007139 -0.007518 -0.007892 -0.008260 -0.008620 -0.008972 -0.009315
 -0.009649 -0.009973 -0.010402 -0.010696 -0.011014 -0.011358 -0.011728 -0.012128
 -0.012560 -0.013026 -0.013530 -0.014073 -0.014660 -0.015293 -0.015977 -0.016715
 -0.017511 -0.018372 -0.019300 -0.020303 -0.021385 -0.022554 -0.023816
  1.000000
  0.000000  0.000000  0.000000  0.000000  0.000000  0.000000  0.000000  0.000000
  0.000000  0.000000  0.000000  0.000000  0.000000  0.000000  0.000000  0.000000
  0.000000  0.000000  0.000000  0.000000  0.000000  0.000545  0.000716  0.000830
  0.000917  0.000986  0.001036  0.001074  0.001110  0.001145  0.001181  0.001216
  0.001251  0.001287  0.001322  0.001357  0.001391  0.001426  0.001461  0.001495
  0.001529  0.001562  0.001595  0.001628  0.001659  0.001690  0.001720  0.001749
  0.001778  0.001805  0.001830  0.001854  0.001876  0.001896  0.001911  0.001923
  0.001931  0.001935  0.001935  0.001930  0.001921  0.001909  0.001893  0.001873
  0.001851  0.001825  0.001795  0.001763  0.001728  0.001690  0.001649  0.001607
  0.001564  0.001519  0.001473  0.001427  0.001381  0.001334  0.001287  0.001240
  0.001193  0.001146  0.001100  0.001054  0.001009  0.000965  0.000922  0.000880
  0.000822  0.000603  0.000000  0.000000  0.000000  0.000000  0.000000  0.000000
  0.000000  0.000000  0.000000  0.000000  0.000000  0.000000  0.000000  0.000000
  0.000000  0.000000  0.000000  0.000000  0.000000  0.000000  0.000000
  1.000000  0.000000
  0.337757  0.337715  0.337684  0.337655  0.337628  0.337603  0.337580  0.337558
  0.337538  0.337520  0.337503  0.337487  0.337473  0.337460  0.337449  0.337438
  0.337428  0.337419  0.337412  0.337404  0.337398  0.337390  0.337382  0.337373
  0.337364  0.337354  0.337343  0.337332  0.337319  0.337306  0.337292  0.337277
  0.337261  0.337244  0.337225  0.337205  0.337184  0.337161  0.337137  0.337110
  0.337082  0.337052  0.337020  0.336986  0.336948  0.336909  0.336866  0.336820
  0.336770  0.336716  0.336657  0.336592  0.336522  0.336445  0.336364  0.336277
  0.336186  0.336094  0.335999  0.335904  0.335808  0.335711  0.335615  0.335519
  0.335421  0.335323  0.335225  0.335128  0.335030  0.334933  0.334839  0.334747
  0.334657  0.334571  0.334488  0.334408  0.334332  0.334259  0.334190  0.334123
  0.334060  0.333999  0.333942  0.333887  0.333835  0.333786  0.333740  0.333697
  0.333656  0.333618  0.333582  0.333561  0.333539  0.333516  0.333491  0.333465
  0.333438  0.333410  0.333380  0.333349  0.333317  0.333284  0.333250  0.333215
  0.333179  0.333144  0.333108  0.333073  0.333039  0.333005  0.332974
 ***************************************************************
  ROW NUMBER           4  SECTION NUMBER            2
           0           0           0  IF_DESIGN etc 
   1.00000   0.00000    0
  0.055224  0.055677  0.056084  0.056448  0.056775  0.057068  0.057331  0.057566
  0.057777  0.057967  0.058136  0.058288  0.058425  0.058547  0.058657  0.058755
  0.058843  0.058922  0.058993  0.059057  0.059114  0.059171  0.059230  0.059292
  0.059358  0.059427  0.059499  0.059575  0.059655  0.059740  0.059829  0.059922
  0.060021  0.060125  0.060234  0.060349  0.060470  0.060596  0.060729  0.060869
  0.061015  0.061169  0.061331  0.061501  0.061680  0.061867  0.062065  0.062274
  0.062494  0.062729  0.062981  0.063252  0.063540  0.063845  0.064166  0.064502
  0.064846  0.065193  0.065542  0.065891  0.066238  0.066584  0.066926  0.067269
  0.067613  0.067957  0.068303  0.068648  0.068992  0.069335  0.069672  0.070003
  0.070326  0.070640  0.070946  0.071242  0.071529  0.071807  0.072077  0.072338
  0.072592  0.072837  0.073074  0.073302  0.073523  0.073735  0.073939  0.074134
  0.074322  0.074501  0.074672  0.074842  0.075027  0.075226  0.075441  0.075673
  0.075923  0.076194  0.076486  0.076801  0.077141  0.077508  0.077905  0.078333
  0.078795  0.079294  0.079833  0.080414  0.081042  0.081719  0.082451
  1.000000  0.000000
  0.000409  0.000497  0.000575  0.000646  0.000709  0.000766  0.000816  0.000862
  0.000903  0.000939  0.000972  0.001001  0.001028  0.001051  0.001073  0.001092
  0.001109  0.001124  0.001137  0.001150  0.001161  0.001431  0.001512  0.001558
  0.001591  0.001621  0.001650  0.001679  0.001708  0.001736  0.001763  0.001791
  0.001817  0.001842  0.001867  0.001890  0.001911  0.001931  0.001948  0.001963
  0.001975  0.001984  0.001989  0.001989  0.001985  0.001975  0.001958  0.001934
  0.001901  0.001858  0.001803  0.001732  0.001646  0.001540  0.001415  0.001269
  0.001102  0.000916  0.000712  0.000490  0.000253  0.000000 -0.000267 -0.000551
 -0.000851 -0.001169 -0.001504 -0.001856 -0.002222 -0.002603 -0.002994 -0.003392
 -0.003795 -0.004201 -0.004609 -0.005016 -0.005421 -0.005825 -0.006227 -0.006626
 -0.007021 -0.007412 -0.007797 -0.008175 -0.008547 -0.008911 -0.009266 -0.009613
 -0.009949 -0.010275 -0.010707 -0.011003 -0.011323 -0.011668 -0.012040 -0.012442
 -0.012876 -0.013344 -0.013850 -0.014395 -0.014985 -0.015621 -0.016308 -0.017049
 -0.017849 -0.018713 -0.019646 -0.020653 -0.021740 -0.022914 -0.024181
  1.000000
  0.000000  0.000000  0.000000  0.000000  0.000000  0.000000  0.000000  0.000000
  0.000000  0.000000  0.000000  0.000000  0.000000  0.000000  0.000000  0.000000
  0.000000  0.000000  0.000000  0.000000  0.000000  0.000565  0.000749  0.000869
  0.000951  0.001008  0.001050  0.001086  0.001122  0.001158  0.001194  0.001230
  0.001265  0.001300  0.001336  0.001371  0.001406  0.001441  0.001476  0.001510
  0.001544  0.001578  0.001611  0.001644  0.001676  0.001708  0.001738  0.001767
  0.001795  0.001822  0.001849  0.001873  0.001894  0.001914  0.001930  0.001943
  0.001951  0.001954  0.001953  0.001948  0.001939  0.001927  0.001911  0.001891
  0.001868  0.001842  0.001812  0.001780  0.001744  0.001706  0.001665  0.001623
  0.001579  0.001533  0.001487  0.001441  0.001394  0.001346  0.001299  0.001251
  0.001204  0.001157  0.001110  0.001064  0.001019  0.000974  0.000930  0.000888
  0.000826  0.000601  0.000000  0.000000  0.000000  0.000000  0.000000  0.000000
  0.000000  0.000000  0.000000  0.000000  0.000000  0.000000  0.000000  0.000000
  0.000000  0.000000  0.000000  0.000000  0.000000  0.000000  0.000000
  1.000000  0.000000
  0.350000  0.350000  0.350000  0.350000  0.350000  0.350000  0.350000  0.350000
  0.350000  0.350000  0.350000  0.350000  0.350000  0.350000  0.350000  0.350000
  0.350000  0.350000  0.350000  0.350000  0.350000  0.350000  0.350000  0.350000
  0.350000  0.350000  0.350000  0.350000  0.350000  0.350000  0.350000  0.350000
  0.350000  0.350000  0.350000  0.350000  0.350000  0.350000  0.350000  0.350000
  0.350000  0.350000  0.350000  0.350000  0.350000  0.350000  0.350000  0.350000
  0.350000  0.350000  0.350000  0.350000  0.350000  0.350000  0.350000  0.350000
  0.350000  0.350000  0.350000  0.350000  0.350000  0.350000  0.350000  0.350000
  0.350000  0.350000  0.350000  0.350000  0.350000  0.350000  0.350000  0.350000
  0.350000  0.350000  0.350000  0.350000  0.350000  0.350000  0.350000  0.350000
  0.350000  0.350000  0.350000  0.350000  0.350000  0.350000  0.350000  0.350000
  0.350000  0.350000  0.350000  0.350000  0.350000  0.350000  0.350000  0.350000
  0.350000  0.350000  0.350000  0.350000  0.350000  0.350000  0.350000  0.350000
  0.350000  0.350000  0.350000  0.350000  0.350000  0.350000  0.350000
 ***************************************************************
  ROW NUMBER           4  SECTION NUMBER            3
           0           0           0  IF_DESIGN etc 
   1.00000   0.00000    0
  0.055124  0.055589  0.056006  0.056380  0.056716  0.057016  0.057286  0.057527
  0.057744  0.057938  0.058112  0.058267  0.058407  0.058532  0.058645  0.058745
  0.058836  0.058916  0.058989  0.059054  0.059112  0.059170  0.059231  0.059294
  0.059361  0.059431  0.059505  0.059582  0.059663  0.059749  0.059839  0.059934
  0.060035  0.060140  0.060251  0.060367  0.060489  0.060617  0.060752  0.060893
  0.061041  0.061196  0.061359  0.061530  0.061710  0.061899  0.062098  0.062308
  0.062529  0.062764  0.063017  0.063288  0.063576  0.063881  0.064202  0.064537
  0.064880  0.065226  0.065573  0.065920  0.066266  0.066609  0.066950  0.067290
  0.067632  0.067974  0.068317  0.068660  0.069002  0.069342  0.069678  0.070006
  0.070327  0.070640  0.070945  0.071240  0.071525  0.071802  0.072072  0.072333
  0.072586  0.072831  0.073068  0.073296  0.073517  0.073730  0.073934  0.074130
  0.074318  0.074498  0.074670  0.074845  0.075033  0.075237  0.075457  0.075694
  0.075950  0.076227  0.076526  0.076849  0.077198  0.077575  0.077982  0.078421
  0.078896  0.079409  0.079962  0.080560  0.081206  0.081904  0.082657
  1.000000  0.000000
  0.001472  0.001513  0.001549  0.001582  0.001611  0.001638  0.001662  0.001683
  0.001702  0.001719  0.001734  0.001748  0.001760  0.001771  0.001781  0.001790
  0.001798  0.001805  0.001811  0.001817  0.001822  0.002118  0.002216  0.002273
  0.002307  0.002332  0.002355  0.002377  0.002399  0.002420  0.002439  0.002458
  0.002476  0.002492  0.002506  0.002518  0.002528  0.002536  0.002541  0.002543
  0.002541  0.002535  0.002525  0.002509  0.002487  0.002459  0.002423  0.002378
  0.002324  0.002257  0.002176  0.002079  0.001964  0.001828  0.001670  0.001488
  0.001285  0.001063  0.000822  0.000564  0.000290  0.000000 -0.000304 -0.000625
 -0.000963 -0.001319 -0.001692 -0.002082 -0.002487 -0.002906 -0.003335 -0.003771
 -0.004211 -0.004654 -0.005097 -0.005539 -0.005978 -0.006414 -0.006848 -0.007278
 -0.007704 -0.008123 -0.008537 -0.008943 -0.009342 -0.009731 -0.010112 -0.010482
 -0.010841 -0.011189 -0.011616 -0.011931 -0.012271 -0.012638 -0.013034 -0.013462
 -0.013924 -0.014422 -0.014961 -0.015542 -0.016169 -0.016847 -0.017578 -0.018367
 -0.019219 -0.020139 -0.021132 -0.022204 -0.023360 -0.024609 -0.025957
  1.000000
  0.000000  0.000000  0.000000  0.000000  0.000000  0.000000  0.000000  0.000000
  0.000000  0.000000  0.000000  0.000000  0.000000  0.000000  0.000000  0.000000
  0.000000  0.000000  0.000000  0.000000  0.000000  0.000610  0.000825  0.000957
  0.001037  0.001085  0.001125  0.001164  0.001203  0.001241  0.001279  0.001318
  0.001355  0.001393  0.001431  0.001469  0.001506  0.001544  0.001581  0.001618
  0.001655  0.001690  0.001726  0.001761  0.001795  0.001829  0.001862  0.001893
  0.001923  0.001952  0.001980  0.002006  0.002030  0.002050  0.002067  0.002080
  0.002088  0.002093  0.002092  0.002087  0.002077  0.002064  0.002047  0.002026
  0.002001  0.001973  0.001941  0.001906  0.001867  0.001826  0.001783  0.001737
  0.001690  0.001642  0.001592  0.001542  0.001492  0.001441  0.001390  0.001339
  0.001289  0.001238  0.001188  0.001139  0.001090  0.001042  0.000996  0.000950
  0.000880  0.000636  0.000000  0.000000  0.000000  0.000000  0.000000  0.000000
  0.000000  0.000000  0.000000  0.000000  0.000000  0.000000  0.000000  0.000000
  0.000000  0.000000  0.000000  0.000000  0.000000  0.000000  0.000000
  1.000000  0.000000
  0.362244  0.362285  0.362316  0.362345  0.362372  0.362397  0.362420  0.362442
  0.362462  0.362481  0.362498  0.362513  0.362528  0.362541  0.362552  0.362563
  0.362573  0.362581  0.362589  0.362596  0.362603  0.362611  0.362619  0.362628
  0.362637  0.362647  0.362658  0.362669  0.362682  0.362695  0.362709  0.362724
  0.362740  0.362757  0.362776  0.362796  0.362817  0.362840  0.362865  0.362891
  0.362919  0.362949  0.362981  0.363016  0.363053  0.363093  0.363136  0.363182
  0.363232  0.363286  0.363345  0.363410  0.363480  0.363557  0.363638  0.363725
  0.363816  0.363908  0.364003  0.364098  0.364194  0.364291  0.364387  0.364483
  0.364581  0.364679  0.364777  0.364875  0.364972  0.365069  0.365163  0.365255
  0.365345  0.365431  0.365514  0.365594  0.365670  0.365742  0.365812  0.365879
  0.365942  0.366003  0.366060  0.366115  0.366166  0.366215  0.366261  0.366305
  0.366345  0.366384  0.366419  0.366440  0.366462  0.366485  0.366510  0.366535
  0.366563  0.366591  0.366621  0.366652  0.366684  0.366717  0.366751  0.366786
  0.366821  0.366857  0.366892  0.366927  0.366962  0.366995  0.367026
  STARTING INLET BOUNDARY CONDITION DATA .
  NUMBER OF POINTS FOR INLET BOUNDARY CONDITIONS 
        37
  SPACING OF INLET BOUNDARY CONDITION POINTS 
  1.000000  1.250000  1.562500  1.953125  2.441406  3.051758  3.814697  4.768372
  5.960464  7.450581  9.313226 11.641532 14.551915 18.189894 20.000000 20.000000
 20.000000 20.000000 20.000000 20.000000 20.000000 20.000000 18.189894 14.551915
 11.641532  9.313226  7.450581  5.960464  4.768372  3.814697  3.051758  2.441406
  1.953125  1.562500  1.250000  1.000000
   INLET STAGNATION PRESSURES 
 1500000.0 1500000.0 1500000.0 1500000.1 1500000.0 1500000.0 1500000.0 1500000.0
 1500000.0 1500000.0 1500000.1 1500000.0 1500000.0 1500000.1 1500000.0 1500000.0
 1500000.0 1500000.0 1500000.0 1500000.0 1500000.0 1500000.0 1500000.0 1500000.0
 1500000.0 1500000.0 1500000.0 1500000.0 1500000.0 1500000.0 1500000.0 1500000.0
 1500000.0 1500000.0 1500000.0 1500000.0 1500000.0
   INLET STAGNATION TEMPERATURES 
 1600.0000 1600.0000 1600.0001 1600.0001 1600.0000 1600.0000 1600.0000 1600.0001
 1600.0000 1600.0000 1600.0000 1600.0000 1600.0000 1600.0001 1600.0000 1600.0000
 1600.0000 1600.0000 1600.0000 1600.0000 1600.0000 1600.0000 1600.0000 1600.0000
 1600.0000 1600.0000 1600.0000 1600.0000 1600.0000 1600.0000 1600.0000 1600.0000
 1600.0000 1600.0000 1600.0000 1600.0000 1600.0000
   INLET ABSOLUTE TANGENTIAL VELOCITY 
    0.0000    0.0000    0.0000    0.0000    0.0000    0.0000    0.0000    0.0000
    0.0000    0.0000    0.0000    0.0000    0.0000    0.0000    0.0000    0.0000
    0.0000    0.0000    0.0000    0.0000    0.0000    0.0000    0.0000    0.0000
    0.0000    0.0000    0.0000    0.0000    0.0000    0.0000    0.0000    0.0000
    0.0000    0.0000    0.0000    0.0000    0.0000
   INLET MERIDIONAL VELOCITY 
  308.6235  308.6235  308.6235  308.6235  308.6235  308.6235  308.6235  308.6235
  308.6235  308.6235  308.6235  308.6235  308.6235  308.6235  308.6235  308.6235
  308.6235  308.6235  308.6235  308.6235  308.6235  308.6235  308.6235  308.6235
  308.6235  308.6235  308.6235  308.6235  308.6235  308.6235  308.6235  308.6235
  308.6235  308.6235  308.6235  308.6235  308.6235
   INLET MERIDIONAL YAW ANGLE  
   -9.9344   -9.9344   -9.9344   -9.9344   -9.9344   -9.9344   -9.9344   -9.9344
   -9.9344   -9.9344   -9.9344   -9.9344   -9.9344   -9.9344   -9.9344   -9.9344
   -9.9344   -9.9344   -9.9344   -9.9344   -9.9344   -9.9344   -9.9344   -9.9344
   -9.9344   -9.9344   -9.9344   -9.9344   -9.9344   -9.9344   -9.9344   -9.9344
   -9.9344   -9.9344   -9.9344   -9.9344   -9.9344
   INLET PITCH ANGLE 
   -0.3635   -0.3613   -0.3586   -0.3552   -0.3509   -0.3456   -0.3390   -0.3307
   -0.3203   -0.3073   -0.2911   -0.2708   -0.2455   -0.2138   -0.1742   -0.1306
   -0.0871   -0.0435    0.0000    0.0435    0.0871    0.1306    0.1742    0.2138
    0.2455    0.2708    0.2911    0.3073    0.3203    0.3307    0.3390    0.3456
    0.3509    0.3552    0.3586    0.3613    0.3635
   PDOWN_HUB   PDOWN_TIP 
  332017.9  332017.9
 MIXING LENGTH LIMITS ON ALL BLADE ROWS
  0.050000  0.050000  0.050000  0.050000  0.050000  0.030000
  0.050000  0.050000  0.050000  0.050000  0.050000  0.030000
  0.050000  0.050000  0.050000  0.050000  0.050000  0.030000
  0.050000  0.050000  0.050000  0.050000  0.050000  0.030000
  FACTOR TO INCREASE THE TURBULENT VISCOSITY OVER THE FIRST NMIXUP STEPS 
   2.00000 1000
