 DATA SET FOR "multall" . GENERATED BY "stagen" .                       
    CP   and   GAMMA 
 1005.0250    1.4000
       ITIMST 
         3
     CFL,    DAMP,    MACHLIM,    F_PDOWN 
  0.400000 10.000000  2.000000  0.000000
  IF_RESTART 
         0
  NSTEPS_MAX, CONLIM 
      9000  0.001000
   SFX,      SFT,      FAC_4TH,     NCHANGE 
  0.005000  0.005000  0.800000      1000
       NUMBER OF BLADE ROWS 
         6
        IM        KM 
        37        37
  FP(I),I=1,IMM1 
  1.000000  1.250000  1.562500  1.953125  2.441406  3.051758  3.814697  4.768372
  5.960464  7.450581  9.313226 11.641532 14.551915 18.189894 20.000000 20.000000
 20.000000 20.000000 20.000000 20.000000 20.000000 20.000000 18.189894 14.551915
 11.641532  9.313226  7.450581  5.960464  4.768372  3.814697  3.051758  2.441406
  1.953125  1.562500  1.250000  1.000000
  FR(K),K=1,KMM1 
  1.000000  1.250000  1.562500  1.953125  2.441406  3.051758  3.814697  4.768372
  5.960464  7.450581  9.313226 11.641532 14.551915 18.189894 20.000000 20.000000
 20.000000 20.000000 20.000000 20.000000 20.000000 20.000000 18.189894 14.551915
 11.641532  9.313226  7.450581  5.960464  4.768372  3.814697  3.051758  2.441406
  1.953125  1.562500  1.250000  1.000000
        IR        JR        KR        IRBB      JRBB      KRBB 
         3         3         3         9         9         9
   FBLK1,     FBLK2,     FBLK3  
  0.400000  0.200000  0.100000
       IFMIX 
         1
   RFMIX,    FEXTRAP,   FSMTHB,    FANGLE 
  0.025000  0.800000  1.000000  0.800000
      IFCOOL    IFBLEED    IF_ROUGH 
         0         0         0
       NSECS_IN 
         3
       IN_PRESS  IN_VTAN   IN_VR    IN_FLOW  IF_REPEAT  RFIN 
         0         0         1         0         0   0.50000
  IPOUT  SFEXIT  NSFEXIT 
    1  0.000000    0
  PLATE_LOSS  THROTTLE_EXIT 
  0.000000  0.000000
        ILOS      NLOS      IBOUND 
        10         5         0
   REYNO,     RF_VIS,   FTRANS, TURBVIS_LIM, PRANDTL, YPLUSWALL
  800000.0     0.500     0.000  3000.000       1.0     0.000
   YPLAM      YPTURB 
  5.000000 25.000000
      ISHIFT    NEXTRAP_LE  NEXTRAP_TE 
         2        10        10
  (NSTG(N),N=1,NROWS) 
         1         1         2         2         3         3
  5  TIME STEPS FOR PRINTOUT 
      9000      9000      9000      9000      9000
  MARKER FOR VARIABLES TO BE SENT TO THE OUTPUT FILE.
 0 0 0 0 0 0 0 0 0 0 0 0 0 0 0 0 0 0 0 0
  STREAM SURFACES ON WHICH RESULTS ARE TO BE SENT TO   THE OUTPUT FILE 
 0 0 0 0 0 0 0 0 0 0 0 0 0 0 0 0 0 0 0 0 0 0 0 0 0 0 0 0 0 0 0 0 0 0 0 0 0
 ***************************************************************
 ************STARTING THE INPUT FOR EACH BLADE ROW**************
  BLADE ROW NUMBER =        1                                           
    NUMBER OF BLADES IN ROW 
       158
        JM        JLE       JTE 
        82        19        71
      KTIPSTART  KTIPEND 
         0         0
       BOUNDARY LAYER TRANSITION POINTS 
         0         0         0         0
  SET NEWGRID= 1 TO GENERATE A NEW GRID WITH DIFFERENT "J" POINTS AND SPACINGS.
         0
   RPMROW,    RPMHUB 
       0.0       0.0
       JROTHS    JROTHE    JROTTS    JROTTE 
         1         1         1         1
   PUPROW    PLEROW   PTEROW    PDROW 
 1220928.1 1220928.1 1135556.5 1135556.5
      NSECS_ROW   INSURF  
         3         0
  IF_CUSP_OUT   IFANGLES 
         1         0
         0         3         0
 ***************************************************************
  ROW NUMBER           1  SECTION NUMBER            1
           0           0           0  IF_DESIGN etc 
   1.00000   0.00000    0
 -0.004035 -0.003394 -0.002849 -0.002387 -0.001994 -0.001661 -0.001378 -0.001138
 -0.000934 -0.000761 -0.000614 -0.000489 -0.000383 -0.000293 -0.000217 -0.000152
 -0.000097 -0.000050 -0.000010  0.000030  0.000072  0.000117  0.000165  0.000216
  0.000271  0.000330  0.000393  0.000461  0.000534  0.000612  0.000696  0.000785
  0.000880  0.000982  0.001090  0.001206  0.001330  0.001463  0.001606  0.001760
  0.001928  0.002113  0.002314  0.002531  0.002763  0.003002  0.003244  0.003486
  0.003727  0.003966  0.004204  0.004443  0.004682  0.004922  0.005161  0.005397
  0.005626  0.005849  0.006063  0.006268  0.006464  0.006653  0.006834  0.007007
  0.007173  0.007331  0.007481  0.007623  0.007758  0.007885  0.008004  0.008123
  0.008252  0.008392  0.008543  0.008707  0.008884  0.009076  0.009284  0.009509
  0.009752  0.010016
  1.000000  0.000000
 -0.002218 -0.002179 -0.002145 -0.002117 -0.002093 -0.002073 -0.002056 -0.002041
 -0.002028 -0.002018 -0.002009 -0.002001 -0.001995 -0.001989 -0.001984 -0.001980
 -0.001977 -0.001974 -0.001972 -0.001828 -0.001791 -0.001775 -0.001764 -0.001752
 -0.001740 -0.001726 -0.001710 -0.001693 -0.001674 -0.001654 -0.001631 -0.001606
 -0.001578 -0.001547 -0.001513 -0.001475 -0.001433 -0.001386 -0.001333 -0.001274
 -0.001207 -0.001129 -0.001041 -0.000940 -0.000828 -0.000706 -0.000576 -0.000440
 -0.000298 -0.000152  0.000000  0.000159  0.000324  0.000495  0.000671  0.000851
  0.001033  0.001213  0.001392  0.001568  0.001740  0.001910  0.002076  0.002238
  0.002396  0.002549  0.002697  0.002840  0.002977  0.003038  0.002906  0.003048
  0.003201  0.003366  0.003546  0.003740  0.003950  0.004177  0.004424  0.004690
  0.004979  0.005291
  1.000000
  0.000000  0.000000  0.000000  0.000000  0.000000  0.000000  0.000000  0.000000
  0.000000  0.000000  0.000000  0.000000  0.000000  0.000000  0.000000  0.000000
  0.000000  0.000000  0.000000  0.000293  0.000375  0.000410  0.000426  0.000440
  0.000455  0.000470  0.000487  0.000504  0.000522  0.000541  0.000561  0.000581
  0.000602  0.000624  0.000647  0.000671  0.000694  0.000719  0.000744  0.000769
  0.000795  0.000821  0.000846  0.000870  0.000892  0.000910  0.000925  0.000936
  0.000942  0.000945  0.000943  0.000937  0.000927  0.000912  0.000894  0.000872
  0.000847  0.000819  0.000789  0.000757  0.000724  0.000689  0.000653  0.000617
  0.000580  0.000543  0.000507  0.000471  0.000435  0.000331  0.000000  0.000000
  0.000000  0.000000  0.000000  0.000000  0.000000  0.000000  0.000000  0.000000
  0.000000  0.000000
  1.000000  0.000000
  0.184824  0.184805  0.184787  0.184770  0.184754  0.184740  0.184727  0.184716
  0.184706  0.184697  0.184689  0.184683  0.184677  0.184672  0.184668  0.184664
  0.184661  0.184658  0.184656  0.184652  0.184649  0.184645  0.184640  0.184635
  0.184630  0.184625  0.184619  0.184612  0.184605  0.184597  0.184589  0.184580
  0.184570  0.184560  0.184549  0.184536  0.184523  0.184509  0.184493  0.184476
  0.184457  0.184436  0.184413  0.184388  0.184361  0.184333  0.184304  0.184276
  0.184247  0.184219  0.184191  0.184163  0.184136  0.184109  0.184082  0.184056
  0.184032  0.184009  0.183987  0.183967  0.183948  0.183930  0.183914  0.183899
  0.183885  0.183872  0.183861  0.183850  0.183841  0.183832  0.183824  0.183818
  0.183811  0.183804  0.183796  0.183787  0.183778  0.183768  0.183757  0.183746
  0.183733  0.183718
 ***************************************************************
  ROW NUMBER           1  SECTION NUMBER            2
           0           0           0  IF_DESIGN etc 
   1.00000   0.00000    0
 -0.004018 -0.003380 -0.002838 -0.002378 -0.001987 -0.001655 -0.001374 -0.001134
 -0.000931 -0.000759 -0.000612 -0.000488 -0.000382 -0.000293 -0.000217 -0.000152
 -0.000097 -0.000050 -0.000011  0.000029  0.000071  0.000116  0.000164  0.000215
  0.000270  0.000329  0.000392  0.000460  0.000533  0.000611  0.000695  0.000784
  0.000879  0.000980  0.001089  0.001205  0.001329  0.001462  0.001605  0.001759
  0.001927  0.002112  0.002314  0.002531  0.002762  0.003002  0.003244  0.003487
  0.003728  0.003967  0.004205  0.004444  0.004684  0.004924  0.005163  0.005399
  0.005629  0.005851  0.006065  0.006270  0.006466  0.006655  0.006836  0.007009
  0.007174  0.007332  0.007482  0.007624  0.007758  0.007884  0.008003  0.008122
  0.008251  0.008390  0.008540  0.008703  0.008880  0.009071  0.009278  0.009502
  0.009744  0.010007
  1.000000  0.000000
 -0.002053 -0.002018 -0.001987 -0.001962 -0.001940 -0.001921 -0.001905 -0.001892
 -0.001881 -0.001871 -0.001863 -0.001856 -0.001850 -0.001845 -0.001841 -0.001837
 -0.001834 -0.001831 -0.001829 -0.001689 -0.001652 -0.001636 -0.001626 -0.001615
 -0.001603 -0.001590 -0.001575 -0.001559 -0.001542 -0.001522 -0.001501 -0.001477
 -0.001451 -0.001422 -0.001390 -0.001355 -0.001316 -0.001273 -0.001224 -0.001169
 -0.001107 -0.001036 -0.000954 -0.000861 -0.000758 -0.000646 -0.000527 -0.000402
 -0.000273 -0.000139  0.000000  0.000145  0.000295  0.000452  0.000612  0.000777
  0.000941  0.001106  0.001268  0.001428  0.001585  0.001739  0.001890  0.002038
  0.002181  0.002320  0.002455  0.002584  0.002708  0.002761  0.002623  0.002752
  0.002892  0.003043  0.003208  0.003385  0.003577  0.003785  0.004011  0.004254
  0.004518  0.004804
  1.000000
  0.000000  0.000000  0.000000  0.000000  0.000000  0.000000  0.000000  0.000000
  0.000000  0.000000  0.000000  0.000000  0.000000  0.000000  0.000000  0.000000
  0.000000  0.000000  0.000000  0.000286  0.000365  0.000399  0.000415  0.000428
  0.000442  0.000457  0.000473  0.000490  0.000508  0.000526  0.000545  0.000565
  0.000586  0.000608  0.000630  0.000652  0.000676  0.000700  0.000724  0.000748
  0.000773  0.000798  0.000823  0.000846  0.000868  0.000886  0.000900  0.000911
  0.000917  0.000919  0.000917  0.000912  0.000902  0.000888  0.000870  0.000849
  0.000824  0.000797  0.000768  0.000737  0.000704  0.000670  0.000636  0.000600
  0.000565  0.000529  0.000493  0.000458  0.000424  0.000324  0.000000  0.000000
  0.000000  0.000000  0.000000  0.000000  0.000000  0.000000  0.000000  0.000000
  0.000000  0.000000
  1.000000  0.000000
  0.200000  0.200000  0.200000  0.200000  0.200000  0.200000  0.200000  0.200000
  0.200000  0.200000  0.200000  0.200000  0.200000  0.200000  0.200000  0.200000
  0.200000  0.200000  0.200000  0.200000  0.200000  0.200000  0.200000  0.200000
  0.200000  0.200000  0.200000  0.200000  0.200000  0.200000  0.200000  0.200000
  0.200000  0.200000  0.200000  0.200000  0.200000  0.200000  0.200000  0.200000
  0.200000  0.200000  0.200000  0.200000  0.200000  0.200000  0.200000  0.200000
  0.200000  0.200000  0.200000  0.200000  0.200000  0.200000  0.200000  0.200000
  0.200000  0.200000  0.200000  0.200000  0.200000  0.200000  0.200000  0.200000
  0.200000  0.200000  0.200000  0.200000  0.200000  0.200000  0.200000  0.200000
  0.200000  0.200000  0.200000  0.200000  0.200000  0.200000  0.200000  0.200000
  0.200000  0.200000
 ***************************************************************
  ROW NUMBER           1  SECTION NUMBER            3
           0           0           0  IF_DESIGN etc 
   1.00000   0.00000    0
 -0.004036 -0.003394 -0.002850 -0.002388 -0.001995 -0.001662 -0.001379 -0.001139
 -0.000935 -0.000762 -0.000614 -0.000490 -0.000384 -0.000294 -0.000217 -0.000152
 -0.000097 -0.000050 -0.000011  0.000029  0.000071  0.000116  0.000164  0.000215
  0.000270  0.000329  0.000393  0.000461  0.000534  0.000612  0.000695  0.000784
  0.000879  0.000981  0.001090  0.001206  0.001330  0.001463  0.001605  0.001759
  0.001927  0.002112  0.002313  0.002531  0.002762  0.003001  0.003243  0.003485
  0.003726  0.003965  0.004203  0.004442  0.004682  0.004922  0.005160  0.005396
  0.005626  0.005848  0.006062  0.006267  0.006464  0.006652  0.006833  0.007007
  0.007172  0.007330  0.007480  0.007623  0.007757  0.007884  0.008003  0.008123
  0.008252  0.008391  0.008543  0.008706  0.008884  0.009075  0.009283  0.009508
  0.009751  0.010015
  1.000000  0.000000
 -0.001935 -0.001902 -0.001873 -0.001850 -0.001829 -0.001812 -0.001797 -0.001785
 -0.001774 -0.001766 -0.001758 -0.001751 -0.001746 -0.001741 -0.001737 -0.001734
 -0.001731 -0.001729 -0.001727 -0.001588 -0.001551 -0.001535 -0.001526 -0.001515
 -0.001503 -0.001491 -0.001477 -0.001462 -0.001445 -0.001426 -0.001405 -0.001383
 -0.001358 -0.001331 -0.001301 -0.001267 -0.001230 -0.001189 -0.001143 -0.001092
 -0.001033 -0.000966 -0.000890 -0.000803 -0.000706 -0.000602 -0.000491 -0.000374
 -0.000254 -0.000129  0.000000  0.000134  0.000274  0.000419  0.000568  0.000721
  0.000873  0.001025  0.001176  0.001324  0.001469  0.001611  0.001751  0.001887
  0.002020  0.002148  0.002272  0.002392  0.002506  0.002552  0.002406  0.002527
  0.002657  0.002798  0.002951  0.003116  0.003295  0.003488  0.003698  0.003925
  0.004171  0.004437
  1.000000
  0.000000  0.000000  0.000000  0.000000  0.000000  0.000000  0.000000  0.000000
  0.000000  0.000000  0.000000  0.000000  0.000000  0.000000  0.000000  0.000000
  0.000000  0.000000  0.000000  0.000282  0.000360  0.000394  0.000409  0.000423
  0.000437  0.000452  0.000467  0.000484  0.000501  0.000519  0.000538  0.000558
  0.000579  0.000600  0.000622  0.000644  0.000667  0.000691  0.000715  0.000739
  0.000763  0.000788  0.000813  0.000836  0.000857  0.000875  0.000889  0.000899
  0.000905  0.000907  0.000906  0.000900  0.000890  0.000877  0.000859  0.000838
  0.000814  0.000787  0.000758  0.000728  0.000696  0.000662  0.000628  0.000593
  0.000558  0.000523  0.000487  0.000453  0.000419  0.000322  0.000000  0.000000
  0.000000  0.000000  0.000000  0.000000  0.000000  0.000000  0.000000  0.000000
  0.000000  0.000000
  1.000000  0.000000
  0.215176  0.215195  0.215213  0.215230  0.215246  0.215260  0.215273  0.215284
  0.215294  0.215303  0.215311  0.215317  0.215323  0.215328  0.215332  0.215336
  0.215339  0.215342  0.215344  0.215347  0.215351  0.215355  0.215360  0.215365
  0.215370  0.215375  0.215381  0.215388  0.215395  0.215403  0.215411  0.215420
  0.215430  0.215440  0.215451  0.215464  0.215477  0.215491  0.215507  0.215524
  0.215543  0.215564  0.215587  0.215612  0.215639  0.215667  0.215696  0.215724
  0.215753  0.215781  0.215809  0.215836  0.215864  0.215891  0.215918  0.215943
  0.215968  0.215991  0.216013  0.216033  0.216052  0.216070  0.216086  0.216101
  0.216115  0.216127  0.216139  0.216150  0.216159  0.216168  0.216176  0.216182
  0.216189  0.216196  0.216204  0.216213  0.216222  0.216232  0.216243  0.216254
  0.216267  0.216281
 ***************************************************************
 ************STARTING THE INPUT FOR EACH BLADE ROW**************
  BLADE ROW NUMBER =        2                                           
    NUMBER OF BLADES IN ROW 
       144
        JM        JLE       JTE 
        79        16        68
      KTIPSTART  KTIPEND 
         0         0
       BOUNDARY LAYER TRANSITION POINTS 
         0         0         0         0
  SET NEWGRID= 1 TO GENERATE A NEW GRID WITH DIFFERENT "J" POINTS AND SPACINGS.
         0
   RPMROW,    RPMHUB 
   12000.0   12000.0
       JROTHS    JROTHE    JROTTS    JROTTE 
         1         1         1         1
   PUPROW    PLEROW   PTEROW    PDROW 
 1135556.5 1135556.5 1054849.0 1054849.0
      NSECS_ROW   INSURF  
         3         0
  IF_CUSP_OUT   IFANGLES 
         1         0
         0         3         0
 ***************************************************************
  ROW NUMBER           2  SECTION NUMBER            1
           0           0           0  IF_DESIGN etc 
   1.00000   0.00000    0
  0.007785  0.008123  0.008416  0.008668  0.008887  0.009076  0.009239  0.009379
  0.009501  0.009606  0.009697  0.009775  0.009843  0.009902  0.009952  0.009996
  0.010040  0.010086  0.010136  0.010188  0.010245  0.010306  0.010371  0.010441
  0.010516  0.010596  0.010682  0.010774  0.010872  0.010977  0.011089  0.011209
  0.011337  0.011473  0.011620  0.011777  0.011947  0.012132  0.012335  0.012558
  0.012797  0.013052  0.013316  0.013582  0.013849  0.014114  0.014377  0.014639
  0.014902  0.015166  0.015429  0.015692  0.015951  0.016204  0.016448  0.016683
  0.016908  0.017124  0.017331  0.017530  0.017720  0.017902  0.018075  0.018240
  0.018396  0.018543  0.018682  0.018813  0.018943  0.019084  0.019237  0.019403
  0.019582  0.019776  0.019986  0.020214  0.020462  0.020730  0.021020
  1.000000  0.000000
 -0.000031  0.000011  0.000047  0.000078  0.000105  0.000129  0.000149  0.000166
  0.000181  0.000194  0.000206  0.000215  0.000224  0.000231  0.000237  0.000243
  0.000398  0.000444  0.000468  0.000486  0.000503  0.000521  0.000538  0.000554
  0.000571  0.000587  0.000602  0.000616  0.000630  0.000642  0.000652  0.000660
  0.000666  0.000669  0.000669  0.000664  0.000654  0.000637  0.000613  0.000578
  0.000531  0.000472  0.000399  0.000316  0.000221  0.000115  0.000000 -0.000125
 -0.000261 -0.000407 -0.000564 -0.000731 -0.000905 -0.001084 -0.001266 -0.001450
 -0.001633 -0.001816 -0.001998 -0.002178 -0.002356 -0.002531 -0.002702 -0.002868
 -0.003030 -0.003186 -0.003335 -0.003536 -0.003667 -0.003809 -0.003962 -0.004128
 -0.004308 -0.004502 -0.004713 -0.004941 -0.005187 -0.005454 -0.005743
  1.000000
  0.000000  0.000000  0.000000  0.000000  0.000000  0.000000  0.000000  0.000000
  0.000000  0.000000  0.000000  0.000000  0.000000  0.000000  0.000000  0.000000
  0.000320  0.000422  0.000475  0.000505  0.000530  0.000554  0.000577  0.000601
  0.000624  0.000648  0.000671  0.000694  0.000717  0.000740  0.000763  0.000785
  0.000807  0.000828  0.000849  0.000868  0.000887  0.000905  0.000921  0.000936
  0.000947  0.000956  0.000961  0.000962  0.000959  0.000953  0.000943  0.000930
  0.000914  0.000896  0.000874  0.000850  0.000823  0.000795  0.000765  0.000735
  0.000704  0.000673  0.000641  0.000610  0.000579  0.000548  0.000517  0.000487
  0.000458  0.000430  0.000342  0.000000  0.000000  0.000000  0.000000  0.000000
  0.000000  0.000000  0.000000  0.000000  0.000000  0.000000  0.000000
  1.000000  0.000000
  0.183839  0.183818  0.183802  0.183789  0.183778  0.183768  0.183760  0.183752
  0.183746  0.183740  0.183736  0.183732  0.183728  0.183725  0.183722  0.183720
  0.183717  0.183713  0.183709  0.183704  0.183700  0.183694  0.183688  0.183682
  0.183675  0.183667  0.183658  0.183648  0.183638  0.183626  0.183613  0.183599
  0.183583  0.183566  0.183547  0.183526  0.183503  0.183478  0.183449  0.183417
  0.183382  0.183344  0.183304  0.183265  0.183225  0.183186  0.183149  0.183112
  0.183077  0.183043  0.183011  0.182980  0.182953  0.182928  0.182907  0.182889
  0.182873  0.182861  0.182852  0.182845  0.182840  0.182838  0.182838  0.182839
  0.182842  0.182847  0.182852  0.182859  0.182876  0.182894  0.182913  0.182932
  0.182952  0.182971  0.182990  0.183007  0.183019  0.183029  0.183034
 ***************************************************************
  ROW NUMBER           2  SECTION NUMBER            2
           0           0           0  IF_DESIGN etc 
   1.00000   0.00000    0
  0.007794  0.008132  0.008423  0.008675  0.008893  0.009081  0.009244  0.009384
  0.009505  0.009610  0.009700  0.009779  0.009846  0.009904  0.009955  0.009998
  0.010042  0.010088  0.010138  0.010190  0.010247  0.010307  0.010372  0.010442
  0.010517  0.010597  0.010683  0.010775  0.010873  0.010977  0.011089  0.011208
  0.011336  0.011473  0.011619  0.011776  0.011945  0.012130  0.012334  0.012556
  0.012795  0.013050  0.013313  0.013580  0.013847  0.014112  0.014375  0.014637
  0.014900  0.015164  0.015428  0.015691  0.015950  0.016203  0.016448  0.016683
  0.016909  0.017125  0.017332  0.017531  0.017722  0.017903  0.018077  0.018242
  0.018398  0.018546  0.018685  0.018815  0.018946  0.019088  0.019241  0.019406
  0.019586  0.019780  0.019990  0.020218  0.020464  0.020731  0.021020
  1.000000  0.000000
  0.000983  0.000964  0.000947  0.000933  0.000921  0.000911  0.000902  0.000894
  0.000887  0.000881  0.000876  0.000872  0.000868  0.000865  0.000862  0.000859
  0.001031  0.001088  0.001117  0.001130  0.001138  0.001145  0.001151  0.001156
  0.001160  0.001163  0.001164  0.001163  0.001160  0.001155  0.001147  0.001135
  0.001121  0.001101  0.001077  0.001048  0.001011  0.000966  0.000909  0.000841
  0.000758  0.000660  0.000549  0.000427  0.000294  0.000151  0.000000 -0.000160
 -0.000331 -0.000512 -0.000703 -0.000902 -0.001109 -0.001318 -0.001530 -0.001741
 -0.001950 -0.002157 -0.002362 -0.002564 -0.002762 -0.002955 -0.003144 -0.003327
 -0.003504 -0.003675 -0.003838 -0.004037 -0.004179 -0.004333 -0.004500 -0.004681
 -0.004876 -0.005087 -0.005316 -0.005564 -0.005832 -0.006123 -0.006437
  1.000000
  0.000000  0.000000  0.000000  0.000000  0.000000  0.000000  0.000000  0.000000
  0.000000  0.000000  0.000000  0.000000  0.000000  0.000000  0.000000  0.000000
  0.000339  0.000448  0.000502  0.000532  0.000557  0.000582  0.000607  0.000632
  0.000656  0.000681  0.000706  0.000730  0.000754  0.000778  0.000802  0.000825
  0.000848  0.000870  0.000892  0.000913  0.000933  0.000951  0.000968  0.000984
  0.000996  0.001005  0.001010  0.001011  0.001008  0.001001  0.000991  0.000978
  0.000961  0.000941  0.000919  0.000893  0.000865  0.000835  0.000804  0.000772
  0.000740  0.000707  0.000674  0.000640  0.000608  0.000575  0.000543  0.000512
  0.000481  0.000452  0.000351  0.000000  0.000000  0.000000  0.000000  0.000000
  0.000000  0.000000  0.000000  0.000000  0.000000  0.000000  0.000000
  1.000000  0.000000
  0.200000  0.200000  0.200000  0.200000  0.200000  0.200000  0.200000  0.200000
  0.200000  0.200000  0.200000  0.200000  0.200000  0.200000  0.200000  0.200000
  0.200000  0.200000  0.200000  0.200000  0.200000  0.200000  0.200000  0.200000
  0.200000  0.200000  0.200000  0.200000  0.200000  0.200000  0.200000  0.200000
  0.200000  0.200000  0.200000  0.200000  0.200000  0.200000  0.200000  0.200000
  0.200000  0.200000  0.200000  0.200000  0.200000  0.200000  0.200000  0.200000
  0.200000  0.200000  0.200000  0.200000  0.200000  0.200000  0.200000  0.200000
  0.200000  0.200000  0.200000  0.200000  0.200000  0.200000  0.200000  0.200000
  0.200000  0.200000  0.200000  0.200000  0.200000  0.200000  0.200000  0.200000
  0.200000  0.200000  0.200000  0.200000  0.200000  0.200000  0.200000
 ***************************************************************
  ROW NUMBER           2  SECTION NUMBER            3
           0           0           0  IF_DESIGN etc 
   1.00000   0.00000    0
  0.007786  0.008124  0.008417  0.008670  0.008888  0.009077  0.009240  0.009381
  0.009503  0.009608  0.009698  0.009777  0.009845  0.009903  0.009954  0.009997
  0.010041  0.010088  0.010137  0.010190  0.010247  0.010307  0.010372  0.010442
  0.010517  0.010598  0.010684  0.010776  0.010874  0.010979  0.011091  0.011210
  0.011338  0.011475  0.011621  0.011779  0.011948  0.012133  0.012337  0.012559
  0.012798  0.013053  0.013317  0.013583  0.013850  0.014116  0.014378  0.014640
  0.014903  0.015167  0.015431  0.015693  0.015953  0.016205  0.016449  0.016684
  0.016910  0.017126  0.017333  0.017532  0.017722  0.017904  0.018077  0.018241
  0.018397  0.018545  0.018684  0.018814  0.018945  0.019086  0.019239  0.019404
  0.019583  0.019777  0.019988  0.020216  0.020463  0.020731  0.021021
  1.000000  0.000000
  0.001926  0.001851  0.001786  0.001730  0.001682  0.001640  0.001604  0.001573
  0.001546  0.001522  0.001502  0.001485  0.001470  0.001457  0.001445  0.001436
  0.001621  0.001681  0.001718  0.001735  0.001737  0.001735  0.001731  0.001726
  0.001719  0.001709  0.001697  0.001682  0.001665  0.001644  0.001619  0.001589
  0.001555  0.001516  0.001470  0.001417  0.001355  0.001282  0.001196  0.001095
  0.000978  0.000844  0.000696  0.000536  0.000366  0.000187  0.000000 -0.000195
 -0.000401 -0.000617 -0.000842 -0.001075 -0.001315 -0.001556 -0.001798 -0.002037
 -0.002274 -0.002507 -0.002736 -0.002961 -0.003181 -0.003395 -0.003604 -0.003805
 -0.003999 -0.004186 -0.004364 -0.004580 -0.004735 -0.004903 -0.005084 -0.005281
 -0.005494 -0.005724 -0.005973 -0.006244 -0.006536 -0.006853 -0.007196
  1.000000
  0.000000  0.000000  0.000000  0.000000  0.000000  0.000000  0.000000  0.000000
  0.000000  0.000000  0.000000  0.000000  0.000000  0.000000  0.000000  0.000000
  0.000353  0.000455  0.000519  0.000563  0.000593  0.000619  0.000646  0.000672
  0.000698  0.000725  0.000751  0.000777  0.000803  0.000829  0.000854  0.000879
  0.000903  0.000927  0.000950  0.000972  0.000993  0.001013  0.001032  0.001048
  0.001061  0.001070  0.001076  0.001077  0.001074  0.001066  0.001056  0.001041
  0.001023  0.001002  0.000978  0.000951  0.000921  0.000889  0.000856  0.000822
  0.000787  0.000752  0.000717  0.000682  0.000646  0.000612  0.000578  0.000544
  0.000512  0.000480  0.000365  0.000000  0.000000  0.000000  0.000000  0.000000
  0.000000  0.000000  0.000000  0.000000  0.000000  0.000000  0.000000
  1.000000  0.000000
  0.216161  0.216182  0.216198  0.216211  0.216222  0.216232  0.216240  0.216248
  0.216254  0.216260  0.216264  0.216268  0.216272  0.216275  0.216278  0.216280
  0.216284  0.216287  0.216291  0.216296  0.216301  0.216306  0.216312  0.216318
  0.216326  0.216333  0.216342  0.216352  0.216363  0.216374  0.216387  0.216401
  0.216417  0.216434  0.216453  0.216474  0.216497  0.216522  0.216551  0.216583
  0.216619  0.216656  0.216696  0.216736  0.216775  0.216814  0.216851  0.216888
  0.216923  0.216957  0.216990  0.217020  0.217047  0.217072  0.217093  0.217112
  0.217127  0.217139  0.217148  0.217155  0.217160  0.217162  0.217162  0.217161
  0.217158  0.217153  0.217147  0.217141  0.217124  0.217106  0.217087  0.217068
  0.217048  0.217029  0.217010  0.216993  0.216981  0.216971  0.216966
 ***************************************************************
 ************STARTING THE INPUT FOR EACH BLADE ROW**************
  BLADE ROW NUMBER =        3                                           
    NUMBER OF BLADES IN ROW 
       143
        JM        JLE       JTE 
        79        16        68
      KTIPSTART  KTIPEND 
         0         0
       BOUNDARY LAYER TRANSITION POINTS 
         0         0         0         0
  SET NEWGRID= 1 TO GENERATE A NEW GRID WITH DIFFERENT "J" POINTS AND SPACINGS.
         0
   RPMROW,    RPMHUB 
       0.0       0.0
       JROTHS    JROTHE    JROTTS    JROTTE 
         1         1         1         1
   PUPROW    PLEROW   PTEROW    PDROW 
 1054849.0 1054849.0  978340.1  978340.1
      NSECS_ROW   INSURF  
         3         0
  IF_CUSP_OUT   IFANGLES 
         1         0
         0         3         0
 ***************************************************************
  ROW NUMBER           3  SECTION NUMBER            1
           0           0           0  IF_DESIGN etc 
   1.00000   0.00000    0
  0.020577  0.020917  0.021210  0.021464  0.021683  0.021872  0.022035  0.022176
  0.022298  0.022404  0.022495  0.022573  0.022641  0.022700  0.022750  0.022794
  0.022838  0.022884  0.022934  0.022986  0.023043  0.023104  0.023169  0.023239
  0.023314  0.023394  0.023480  0.023572  0.023670  0.023775  0.023887  0.024006
  0.024134  0.024271  0.024417  0.024574  0.024743  0.024928  0.025131  0.025353
  0.025591  0.025846  0.026109  0.026375  0.026641  0.026906  0.027168  0.027429
  0.027691  0.027955  0.028218  0.028480  0.028739  0.028992  0.029236  0.029471
  0.029696  0.029912  0.030120  0.030319  0.030509  0.030691  0.030865  0.031030
  0.031186  0.031334  0.031474  0.031605  0.031736  0.031878  0.032032  0.032199
  0.032379  0.032574  0.032785  0.033014  0.033262  0.033530  0.033820
  1.000000  0.000000
 -0.002327 -0.002306 -0.002288 -0.002272 -0.002259 -0.002247 -0.002237 -0.002229
 -0.002221 -0.002214 -0.002209 -0.002204 -0.002200 -0.002196 -0.002193 -0.002190
 -0.002032 -0.001991 -0.001973 -0.001961 -0.001948 -0.001934 -0.001918 -0.001901
 -0.001883 -0.001862 -0.001839 -0.001813 -0.001785 -0.001754 -0.001720 -0.001682
 -0.001640 -0.001593 -0.001541 -0.001483 -0.001417 -0.001343 -0.001256 -0.001158
 -0.001046 -0.000921 -0.000785 -0.000641 -0.000489 -0.000332 -0.000169  0.000000
  0.000176  0.000360  0.000551  0.000747  0.000948  0.001149  0.001350  0.001549
  0.001745  0.001937  0.002126  0.002310  0.002491  0.002667  0.002837  0.003002
  0.003161  0.003313  0.003382  0.003238  0.003395  0.003566  0.003750  0.003949
  0.004165  0.004399  0.004652  0.004926  0.005222  0.005543  0.005891
  1.000000
  0.000000  0.000000  0.000000  0.000000  0.000000  0.000000  0.000000  0.000000
  0.000000  0.000000  0.000000  0.000000  0.000000  0.000000  0.000000  0.000000
  0.000324  0.000414  0.000453  0.000471  0.000486  0.000502  0.000519  0.000537
  0.000556  0.000576  0.000597  0.000619  0.000642  0.000665  0.000690  0.000715
  0.000741  0.000767  0.000794  0.000822  0.000850  0.000878  0.000906  0.000934
  0.000961  0.000985  0.001006  0.001022  0.001034  0.001041  0.001043  0.001041
  0.001034  0.001023  0.001008  0.000988  0.000963  0.000936  0.000905  0.000872
  0.000836  0.000799  0.000761  0.000721  0.000681  0.000641  0.000600  0.000560
  0.000520  0.000481  0.000366  0.000000  0.000000  0.000000  0.000000  0.000000
  0.000000  0.000000  0.000000  0.000000  0.000000  0.000000  0.000000
  1.000000  0.000000
  0.183024  0.183033  0.183035  0.183033  0.183029  0.183023  0.183016  0.183010
  0.183003  0.182997  0.182991  0.182986  0.182981  0.182977  0.182973  0.182970
  0.182967  0.182964  0.182960  0.182956  0.182951  0.182947  0.182941  0.182936
  0.182929  0.182922  0.182915  0.182906  0.182897  0.182887  0.182876  0.182864
  0.182850  0.182835  0.182819  0.182801  0.182782  0.182759  0.182734  0.182706
  0.182675  0.182642  0.182606  0.182570  0.182533  0.182496  0.182459  0.182422
  0.182385  0.182348  0.182311  0.182275  0.182240  0.182207  0.182176  0.182146
  0.182118  0.182093  0.182069  0.182047  0.182026  0.182008  0.181991  0.181975
  0.181961  0.181949  0.181937  0.181927  0.181919  0.181911  0.181902  0.181893
  0.181882  0.181871  0.181859  0.181846  0.181832  0.181816  0.181798
 ***************************************************************
  ROW NUMBER           3  SECTION NUMBER            2
           0           0           0  IF_DESIGN etc 
   1.00000   0.00000    0
  0.020591  0.020928  0.021220  0.021471  0.021689  0.021877  0.022039  0.022179
  0.022301  0.022405  0.022496  0.022574  0.022641  0.022700  0.022750  0.022794
  0.022837  0.022883  0.022933  0.022985  0.023042  0.023102  0.023167  0.023237
  0.023312  0.023392  0.023478  0.023569  0.023667  0.023772  0.023883  0.024003
  0.024130  0.024267  0.024413  0.024570  0.024739  0.024924  0.025127  0.025349
  0.025588  0.025843  0.026106  0.026373  0.026639  0.026904  0.027167  0.027429
  0.027692  0.027956  0.028219  0.028482  0.028742  0.028994  0.029238  0.029473
  0.029699  0.029915  0.030122  0.030321  0.030511  0.030693  0.030866  0.031031
  0.031187  0.031335  0.031474  0.031605  0.031735  0.031876  0.032030  0.032195
  0.032374  0.032569  0.032779  0.033006  0.033252  0.033519  0.033808
  1.000000  0.000000
 -0.002134 -0.002116 -0.002099 -0.002085 -0.002073 -0.002062 -0.002053 -0.002046
 -0.002039 -0.002033 -0.002028 -0.002023 -0.002020 -0.002016 -0.002014 -0.002011
 -0.001857 -0.001817 -0.001799 -0.001788 -0.001776 -0.001763 -0.001748 -0.001732
 -0.001715 -0.001695 -0.001674 -0.001650 -0.001624 -0.001595 -0.001564 -0.001529
 -0.001490 -0.001447 -0.001399 -0.001346 -0.001286 -0.001217 -0.001139 -0.001049
 -0.000947 -0.000834 -0.000710 -0.000579 -0.000442 -0.000300 -0.000152  0.000000
  0.000159  0.000325  0.000496  0.000673  0.000854  0.001035  0.001216  0.001394
  0.001570  0.001743  0.001912  0.002078  0.002240  0.002398  0.002551  0.002699
  0.002841  0.002977  0.003035  0.002884  0.003026  0.003180  0.003346  0.003526
  0.003722  0.003933  0.004162  0.004409  0.004678  0.004968  0.005282
  1.000000
  0.000000  0.000000  0.000000  0.000000  0.000000  0.000000  0.000000  0.000000
  0.000000  0.000000  0.000000  0.000000  0.000000  0.000000  0.000000  0.000000
  0.000314  0.000401  0.000439  0.000456  0.000471  0.000486  0.000503  0.000520
  0.000539  0.000558  0.000579  0.000600  0.000622  0.000644  0.000668  0.000692
  0.000717  0.000743  0.000769  0.000796  0.000822  0.000850  0.000878  0.000905
  0.000931  0.000954  0.000974  0.000990  0.001001  0.001008  0.001011  0.001009
  0.001002  0.000991  0.000976  0.000957  0.000933  0.000906  0.000877  0.000844
  0.000810  0.000774  0.000737  0.000699  0.000660  0.000621  0.000582  0.000542
  0.000504  0.000466  0.000356  0.000000  0.000000  0.000000  0.000000  0.000000
  0.000000  0.000000  0.000000  0.000000  0.000000  0.000000  0.000000
  1.000000  0.000000
  0.200000  0.200000  0.200000  0.200000  0.200000  0.200000  0.200000  0.200000
  0.200000  0.200000  0.200000  0.200000  0.200000  0.200000  0.200000  0.200000
  0.200000  0.200000  0.200000  0.200000  0.200000  0.200000  0.200000  0.200000
  0.200000  0.200000  0.200000  0.200000  0.200000  0.200000  0.200000  0.200000
  0.200000  0.200000  0.200000  0.200000  0.200000  0.200000  0.200000  0.200000
  0.200000  0.200000  0.200000  0.200000  0.200000  0.200000  0.200000  0.200000
  0.200000  0.200000  0.200000  0.200000  0.200000  0.200000  0.200000  0.200000
  0.200000  0.200000  0.200000  0.200000  0.200000  0.200000  0.200000  0.200000
  0.200000  0.200000  0.200000  0.200000  0.200000  0.200000  0.200000  0.200000
  0.200000  0.200000  0.200000  0.200000  0.200000  0.200000  0.200000
 ***************************************************************
  ROW NUMBER           3  SECTION NUMBER            3
           0           0           0  IF_DESIGN etc 
   1.00000   0.00000    0
  0.020576  0.020916  0.021210  0.021463  0.021682  0.021871  0.022034  0.022176
  0.022297  0.022403  0.022494  0.022572  0.022640  0.022699  0.022749  0.022793
  0.022837  0.022883  0.022933  0.022986  0.023042  0.023103  0.023168  0.023238
  0.023313  0.023393  0.023479  0.023571  0.023669  0.023774  0.023886  0.024005
  0.024133  0.024270  0.024416  0.024573  0.024742  0.024927  0.025130  0.025352
  0.025591  0.025845  0.026108  0.026374  0.026640  0.026905  0.027167  0.027428
  0.027691  0.027954  0.028217  0.028480  0.028739  0.028991  0.029235  0.029470
  0.029695  0.029911  0.030119  0.030318  0.030508  0.030690  0.030864  0.031029
  0.031185  0.031334  0.031473  0.031604  0.031735  0.031877  0.032031  0.032198
  0.032378  0.032573  0.032784  0.033013  0.033261  0.033529  0.033819
  1.000000  0.000000
 -0.002002 -0.001985 -0.001969 -0.001956 -0.001945 -0.001935 -0.001927 -0.001920
 -0.001914 -0.001908 -0.001904 -0.001900 -0.001896 -0.001893 -0.001890 -0.001888
 -0.001736 -0.001695 -0.001678 -0.001667 -0.001655 -0.001643 -0.001629 -0.001614
 -0.001597 -0.001578 -0.001558 -0.001535 -0.001511 -0.001484 -0.001454 -0.001421
 -0.001384 -0.001344 -0.001299 -0.001248 -0.001192 -0.001128 -0.001055 -0.000971
 -0.000877 -0.000771 -0.000657 -0.000536 -0.000409 -0.000277 -0.000141  0.000000
  0.000147  0.000299  0.000458  0.000620  0.000786  0.000953  0.001119  0.001283
  0.001445  0.001603  0.001758  0.001911  0.002059  0.002204  0.002344  0.002479
  0.002609  0.002734  0.002785  0.002623  0.002754  0.002897  0.003051  0.003217
  0.003398  0.003593  0.003804  0.004033  0.004281  0.004549  0.004840
  1.000000
  0.000000  0.000000  0.000000  0.000000  0.000000  0.000000  0.000000  0.000000
  0.000000  0.000000  0.000000  0.000000  0.000000  0.000000  0.000000  0.000000
  0.000310  0.000396  0.000433  0.000450  0.000465  0.000480  0.000496  0.000514
  0.000532  0.000551  0.000571  0.000592  0.000614  0.000636  0.000659  0.000683
  0.000708  0.000733  0.000759  0.000785  0.000812  0.000839  0.000866  0.000893
  0.000919  0.000942  0.000962  0.000977  0.000988  0.000995  0.000997  0.000995
  0.000989  0.000979  0.000964  0.000945  0.000922  0.000895  0.000866  0.000834
  0.000800  0.000765  0.000728  0.000690  0.000652  0.000613  0.000574  0.000536
  0.000498  0.000460  0.000355  0.000000  0.000000  0.000000  0.000000  0.000000
  0.000000  0.000000  0.000000  0.000000  0.000000  0.000000  0.000000
  1.000000  0.000000
  0.216976  0.216967  0.216965  0.216967  0.216971  0.216977  0.216984  0.216990
  0.216997  0.217003  0.217009  0.217014  0.217019  0.217023  0.217027  0.217030
  0.217033  0.217036  0.217040  0.217044  0.217048  0.217053  0.217058  0.217064
  0.217071  0.217078  0.217085  0.217094  0.217103  0.217113  0.217124  0.217136
  0.217150  0.217164  0.217181  0.217199  0.217218  0.217240  0.217266  0.217294
  0.217325  0.217358  0.217394  0.217430  0.217467  0.217504  0.217541  0.217578
  0.217615  0.217652  0.217689  0.217724  0.217759  0.217793  0.217824  0.217854
  0.217882  0.217907  0.217931  0.217953  0.217973  0.217992  0.218009  0.218025
  0.218039  0.218051  0.218063  0.218073  0.218081  0.218089  0.218098  0.218107
  0.218118  0.218129  0.218141  0.218154  0.218168  0.218184  0.218202
 ***************************************************************
 ************STARTING THE INPUT FOR EACH BLADE ROW**************
  BLADE ROW NUMBER =        4                                           
    NUMBER OF BLADES IN ROW 
       144
        JM        JLE       JTE 
        79        16        68
      KTIPSTART  KTIPEND 
         0         0
       BOUNDARY LAYER TRANSITION POINTS 
         0         0         0         0
  SET NEWGRID= 1 TO GENERATE A NEW GRID WITH DIFFERENT "J" POINTS AND SPACINGS.
         0
   RPMROW,    RPMHUB 
   12000.0   12000.0
       JROTHS    JROTHE    JROTTS    JROTTE 
         1         1         1         1
   PUPROW    PLEROW   PTEROW    PDROW 
  978340.1  978340.1  906169.6  906169.6
      NSECS_ROW   INSURF  
         3         0
  IF_CUSP_OUT   IFANGLES 
         1         0
         0         3         0
 ***************************************************************
  ROW NUMBER           4  SECTION NUMBER            1
           0           0           0  IF_DESIGN etc 
   1.00000   0.00000    0
  0.031580  0.031919  0.032212  0.032465  0.032684  0.032873  0.033036  0.033177
  0.033299  0.033405  0.033495  0.033574  0.033642  0.033701  0.033751  0.033795
  0.033839  0.033885  0.033935  0.033988  0.034044  0.034105  0.034170  0.034240
  0.034315  0.034396  0.034482  0.034574  0.034672  0.034777  0.034889  0.035009
  0.035137  0.035274  0.035420  0.035578  0.035747  0.035933  0.036136  0.036358
  0.036598  0.036853  0.037117  0.037383  0.037650  0.037915  0.038178  0.038440
  0.038703  0.038967  0.039231  0.039494  0.039753  0.040005  0.040250  0.040485
  0.040711  0.040926  0.041134  0.041333  0.041523  0.041705  0.041878  0.042043
  0.042199  0.042347  0.042486  0.042617  0.042748  0.042889  0.043042  0.043208
  0.043387  0.043582  0.043792  0.044021  0.044268  0.044537  0.044827
  1.000000  0.000000
 -0.000160 -0.000110 -0.000067 -0.000030  0.000002  0.000030  0.000053  0.000074
  0.000092  0.000107  0.000121  0.000132  0.000142  0.000151  0.000158  0.000164
  0.000318  0.000363  0.000387  0.000406  0.000425  0.000444  0.000462  0.000480
  0.000498  0.000516  0.000533  0.000549  0.000565  0.000579  0.000592  0.000603
  0.000611  0.000617  0.000619  0.000617  0.000610  0.000597  0.000577  0.000546
  0.000504  0.000449  0.000381  0.000302  0.000212  0.000111  0.000000 -0.000121
 -0.000252 -0.000395 -0.000548 -0.000711 -0.000881 -0.001057 -0.001236 -0.001416
 -0.001597 -0.001777 -0.001956 -0.002134 -0.002310 -0.002482 -0.002651 -0.002816
 -0.002976 -0.003130 -0.003279 -0.003478 -0.003608 -0.003748 -0.003900 -0.004065
 -0.004243 -0.004435 -0.004644 -0.004870 -0.005114 -0.005379 -0.005665
  1.000000
  0.000000  0.000000  0.000000  0.000000  0.000000  0.000000  0.000000  0.000000
  0.000000  0.000000  0.000000  0.000000  0.000000  0.000000  0.000000  0.000000
  0.000318  0.000418  0.000472  0.000503  0.000528  0.000551  0.000575  0.000598
  0.000622  0.000645  0.000668  0.000691  0.000714  0.000737  0.000760  0.000782
  0.000804  0.000825  0.000845  0.000865  0.000883  0.000901  0.000918  0.000932
  0.000944  0.000952  0.000957  0.000958  0.000955  0.000949  0.000939  0.000927
  0.000911  0.000892  0.000870  0.000846  0.000820  0.000792  0.000762  0.000732
  0.000701  0.000670  0.000639  0.000607  0.000576  0.000545  0.000515  0.000485
  0.000457  0.000429  0.000341  0.000000  0.000000  0.000000  0.000000  0.000000
  0.000000  0.000000  0.000000  0.000000  0.000000  0.000000  0.000000
  1.000000  0.000000
  0.181929  0.181909  0.181892  0.181877  0.181865  0.181854  0.181845  0.181836
  0.181829  0.181823  0.181818  0.181813  0.181809  0.181806  0.181803  0.181800
  0.181796  0.181792  0.181787  0.181782  0.181777  0.181771  0.181764  0.181757
  0.181749  0.181740  0.181730  0.181719  0.181707  0.181694  0.181680  0.181664
  0.181647  0.181628  0.181607  0.181584  0.181558  0.181530  0.181498  0.181462
  0.181423  0.181381  0.181338  0.181294  0.181250  0.181207  0.181165  0.181124
  0.181085  0.181047  0.181010  0.180976  0.180944  0.180916  0.180891  0.180870
  0.180852  0.180837  0.180825  0.180815  0.180809  0.180804  0.180802  0.180802
  0.180804  0.180807  0.180811  0.180817  0.180834  0.180852  0.180871  0.180891
  0.180911  0.180932  0.180952  0.180971  0.180986  0.180998  0.181006
 ***************************************************************
  ROW NUMBER           4  SECTION NUMBER            2
           0           0           0  IF_DESIGN etc 
   1.00000   0.00000    0
  0.031592  0.031930  0.032222  0.032474  0.032692  0.032880  0.033042  0.033183
  0.033304  0.033409  0.033499  0.033578  0.033645  0.033704  0.033754  0.033798
  0.033841  0.033888  0.033937  0.033990  0.034046  0.034107  0.034172  0.034241
  0.034316  0.034396  0.034482  0.034574  0.034672  0.034777  0.034889  0.035008
  0.035136  0.035273  0.035419  0.035576  0.035746  0.035931  0.036134  0.036356
  0.036596  0.036851  0.037114  0.037381  0.037648  0.037914  0.038177  0.038439
  0.038702  0.038966  0.039230  0.039493  0.039753  0.040006  0.040250  0.040486
  0.040712  0.040928  0.041135  0.041335  0.041525  0.041707  0.041881  0.042045
  0.042202  0.042350  0.042489  0.042620  0.042750  0.042892  0.043045  0.043211
  0.043390  0.043585  0.043795  0.044023  0.044270  0.044536  0.044825
  1.000000  0.000000
  0.000983  0.000964  0.000948  0.000934  0.000922  0.000911  0.000902  0.000894
  0.000887  0.000882  0.000877  0.000872  0.000868  0.000865  0.000862  0.000860
  0.001032  0.001089  0.001118  0.001130  0.001138  0.001146  0.001152  0.001157
  0.001161  0.001163  0.001164  0.001164  0.001161  0.001155  0.001147  0.001136
  0.001121  0.001102  0.001078  0.001048  0.001012  0.000966  0.000910  0.000841
  0.000758  0.000661  0.000550  0.000427  0.000294  0.000151  0.000000 -0.000160
 -0.000331 -0.000512 -0.000703 -0.000903 -0.001109 -0.001319 -0.001530 -0.001742
 -0.001951 -0.002158 -0.002363 -0.002565 -0.002763 -0.002957 -0.003146 -0.003329
 -0.003506 -0.003677 -0.003840 -0.004039 -0.004182 -0.004336 -0.004503 -0.004683
 -0.004879 -0.005090 -0.005319 -0.005567 -0.005836 -0.006126 -0.006441
  1.000000
  0.000000  0.000000  0.000000  0.000000  0.000000  0.000000  0.000000  0.000000
  0.000000  0.000000  0.000000  0.000000  0.000000  0.000000  0.000000  0.000000
  0.000339  0.000448  0.000502  0.000532  0.000557  0.000582  0.000607  0.000632
  0.000657  0.000681  0.000706  0.000730  0.000755  0.000779  0.000802  0.000826
  0.000849  0.000871  0.000893  0.000913  0.000933  0.000952  0.000969  0.000984
  0.000996  0.001005  0.001010  0.001011  0.001008  0.001002  0.000992  0.000978
  0.000962  0.000942  0.000919  0.000894  0.000866  0.000836  0.000805  0.000773
  0.000740  0.000707  0.000674  0.000641  0.000608  0.000575  0.000543  0.000512
  0.000481  0.000452  0.000351  0.000000  0.000000  0.000000  0.000000  0.000000
  0.000000  0.000000  0.000000  0.000000  0.000000  0.000000  0.000000
  1.000000  0.000000
  0.200000  0.200000  0.200000  0.200000  0.200000  0.200000  0.200000  0.200000
  0.200000  0.200000  0.200000  0.200000  0.200000  0.200000  0.200000  0.200000
  0.200000  0.200000  0.200000  0.200000  0.200000  0.200000  0.200000  0.200000
  0.200000  0.200000  0.200000  0.200000  0.200000  0.200000  0.200000  0.200000
  0.200000  0.200000  0.200000  0.200000  0.200000  0.200000  0.200000  0.200000
  0.200000  0.200000  0.200000  0.200000  0.200000  0.200000  0.200000  0.200000
  0.200000  0.200000  0.200000  0.200000  0.200000  0.200000  0.200000  0.200000
  0.200000  0.200000  0.200000  0.200000  0.200000  0.200000  0.200000  0.200000
  0.200000  0.200000  0.200000  0.200000  0.200000  0.200000  0.200000  0.200000
  0.200000  0.200000  0.200000  0.200000  0.200000  0.200000  0.200000
 ***************************************************************
  ROW NUMBER           4  SECTION NUMBER            3
           0           0           0  IF_DESIGN etc 
   1.00000   0.00000    0
  0.031581  0.031921  0.032214  0.032467  0.032686  0.032875  0.033038  0.033179
  0.033301  0.033406  0.033497  0.033576  0.033644  0.033702  0.033753  0.033797
  0.033840  0.033887  0.033936  0.033989  0.034046  0.034107  0.034172  0.034242
  0.034317  0.034397  0.034484  0.034576  0.034674  0.034779  0.034891  0.035011
  0.035139  0.035275  0.035422  0.035580  0.035749  0.035934  0.036138  0.036360
  0.036600  0.036854  0.037118  0.037385  0.037652  0.037917  0.038180  0.038442
  0.038705  0.038969  0.039233  0.039495  0.039755  0.040007  0.040251  0.040487
  0.040712  0.040928  0.041136  0.041334  0.041525  0.041707  0.041880  0.042045
  0.042201  0.042349  0.042488  0.042619  0.042749  0.042891  0.043044  0.043209
  0.043389  0.043583  0.043794  0.044022  0.044270  0.044538  0.044829
  1.000000  0.000000
  0.002038  0.001956  0.001886  0.001825  0.001772  0.001726  0.001687  0.001653
  0.001624  0.001598  0.001577  0.001558  0.001541  0.001527  0.001515  0.001504
  0.001691  0.001751  0.001788  0.001806  0.001808  0.001805  0.001801  0.001794
  0.001785  0.001774  0.001761  0.001744  0.001725  0.001702  0.001675  0.001644
  0.001608  0.001566  0.001517  0.001461  0.001397  0.001321  0.001231  0.001126
  0.001005  0.000867  0.000714  0.000549  0.000375  0.000191  0.000000 -0.000200
 -0.000410 -0.000630 -0.000860 -0.001097 -0.001341 -0.001586 -0.001832 -0.002075
 -0.002315 -0.002552 -0.002784 -0.003012 -0.003235 -0.003452 -0.003663 -0.003867
 -0.004064 -0.004252 -0.004433 -0.004651 -0.004808 -0.004977 -0.005161 -0.005360
 -0.005575 -0.005808 -0.006060 -0.006334 -0.006629 -0.006950 -0.007297
  1.000000
  0.000000  0.000000  0.000000  0.000000  0.000000  0.000000  0.000000  0.000000
  0.000000  0.000000  0.000000  0.000000  0.000000  0.000000  0.000000  0.000000
  0.000354  0.000456  0.000521  0.000567  0.000598  0.000625  0.000652  0.000678
  0.000705  0.000731  0.000758  0.000784  0.000810  0.000836  0.000862  0.000887
  0.000912  0.000936  0.000959  0.000981  0.001002  0.001022  0.001041  0.001057
  0.001070  0.001080  0.001085  0.001086  0.001083  0.001076  0.001065  0.001051
  0.001033  0.001011  0.000987  0.000959  0.000929  0.000897  0.000864  0.000829
  0.000794  0.000759  0.000723  0.000688  0.000652  0.000617  0.000583  0.000549
  0.000516  0.000485  0.000367  0.000000  0.000000  0.000000  0.000000  0.000000
  0.000000  0.000000  0.000000  0.000000  0.000000  0.000000  0.000000
  1.000000  0.000000
  0.218071  0.218091  0.218108  0.218123  0.218135  0.218146  0.218155  0.218164
  0.218171  0.218177  0.218182  0.218187  0.218191  0.218194  0.218197  0.218200
  0.218204  0.218208  0.218213  0.218218  0.218223  0.218229  0.218236  0.218243
  0.218251  0.218260  0.218270  0.218281  0.218293  0.218306  0.218320  0.218336
  0.218354  0.218373  0.218394  0.218417  0.218442  0.218471  0.218503  0.218538
  0.218577  0.218619  0.218662  0.218706  0.218750  0.218793  0.218835  0.218876
  0.218916  0.218954  0.218990  0.219024  0.219056  0.219084  0.219109  0.219130
  0.219148  0.219163  0.219175  0.219185  0.219191  0.219196  0.219198  0.219198
  0.219196  0.219193  0.219188  0.219183  0.219166  0.219147  0.219128  0.219109
  0.219089  0.219068  0.219048  0.219029  0.219014  0.219002  0.218994
 ***************************************************************
 ************STARTING THE INPUT FOR EACH BLADE ROW**************
  BLADE ROW NUMBER =        5                                           
    NUMBER OF BLADES IN ROW 
       143
        JM        JLE       JTE 
        79        16        68
      KTIPSTART  KTIPEND 
         0         0
       BOUNDARY LAYER TRANSITION POINTS 
         0         0         0         0
  SET NEWGRID= 1 TO GENERATE A NEW GRID WITH DIFFERENT "J" POINTS AND SPACINGS.
         0
   RPMROW,    RPMHUB 
       0.0       0.0
       JROTHS    JROTHE    JROTTS    JROTTE 
         1         1         1         1
   PUPROW    PLEROW   PTEROW    PDROW 
  906169.6  906169.6  837899.1  837899.1
      NSECS_ROW   INSURF  
         3         0
  IF_CUSP_OUT   IFANGLES 
         1         0
         0         3         0
 ***************************************************************
  ROW NUMBER           5  SECTION NUMBER            1
           0           0           0  IF_DESIGN etc 
   1.00000   0.00000    0
  0.044768  0.045109  0.045404  0.045658  0.045877  0.046067  0.046231  0.046372
  0.046494  0.046600  0.046691  0.046770  0.046838  0.046896  0.046947  0.046991
  0.047035  0.047081  0.047131  0.047184  0.047241  0.047301  0.047367  0.047436
  0.047511  0.047592  0.047678  0.047770  0.047868  0.047973  0.048085  0.048205
  0.048333  0.048469  0.048616  0.048773  0.048942  0.049127  0.049330  0.049552
  0.049791  0.050045  0.050308  0.050574  0.050840  0.051105  0.051367  0.051628
  0.051891  0.052154  0.052418  0.052680  0.052939  0.053191  0.053435  0.053670
  0.053896  0.054112  0.054320  0.054519  0.054710  0.054892  0.055066  0.055231
  0.055388  0.055536  0.055676  0.055807  0.055939  0.056081  0.056235  0.056402
  0.056583  0.056778  0.056990  0.057219  0.057467  0.057736  0.058026
  1.000000  0.000000
 -0.002358 -0.002337 -0.002318 -0.002303 -0.002289 -0.002277 -0.002267 -0.002258
 -0.002250 -0.002244 -0.002238 -0.002233 -0.002229 -0.002225 -0.002222 -0.002219
 -0.002060 -0.002018 -0.002000 -0.001988 -0.001975 -0.001961 -0.001946 -0.001928
 -0.001909 -0.001888 -0.001865 -0.001839 -0.001811 -0.001780 -0.001745 -0.001707
 -0.001664 -0.001617 -0.001564 -0.001505 -0.001438 -0.001362 -0.001275 -0.001175
 -0.001062 -0.000935 -0.000797 -0.000650 -0.000497 -0.000337 -0.000171  0.000000
  0.000179  0.000366  0.000559  0.000759  0.000962  0.001167  0.001371  0.001573
  0.001772  0.001967  0.002159  0.002347  0.002530  0.002709  0.002882  0.003050
  0.003211  0.003366  0.003436  0.003293  0.003452  0.003625  0.003812  0.004015
  0.004234  0.004471  0.004728  0.005006  0.005307  0.005632  0.005985
  1.000000
  0.000000  0.000000  0.000000  0.000000  0.000000  0.000000  0.000000  0.000000
  0.000000  0.000000  0.000000  0.000000  0.000000  0.000000  0.000000  0.000000
  0.000326  0.000416  0.000456  0.000474  0.000489  0.000505  0.000523  0.000541
  0.000560  0.000580  0.000601  0.000623  0.000646  0.000669  0.000694  0.000719
  0.000745  0.000772  0.000799  0.000827  0.000855  0.000883  0.000912  0.000940
  0.000967  0.000991  0.001012  0.001029  0.001040  0.001047  0.001050  0.001048
  0.001041  0.001030  0.001014  0.000994  0.000970  0.000942  0.000911  0.000877
  0.000841  0.000804  0.000766  0.000726  0.000686  0.000645  0.000604  0.000563
  0.000523  0.000484  0.000368  0.000000  0.000000  0.000000  0.000000  0.000000
  0.000000  0.000000  0.000000  0.000000  0.000000  0.000000  0.000000
  1.000000  0.000000
  0.181005  0.181010  0.181009  0.181004  0.180997  0.180989  0.180981  0.180973
  0.180966  0.180959  0.180952  0.180946  0.180941  0.180936  0.180932  0.180928
  0.180924  0.180920  0.180916  0.180911  0.180906  0.180901  0.180894  0.180888
  0.180880  0.180872  0.180863  0.180853  0.180842  0.180831  0.180818  0.180804
  0.180788  0.180771  0.180752  0.180731  0.180708  0.180683  0.180654  0.180621
  0.180586  0.180547  0.180506  0.180464  0.180421  0.180378  0.180336  0.180294
  0.180251  0.180209  0.180167  0.180125  0.180085  0.180047  0.180010  0.179976
  0.179945  0.179915  0.179888  0.179862  0.179839  0.179817  0.179798  0.179780
  0.179764  0.179749  0.179736  0.179724  0.179715  0.179706  0.179695  0.179684
  0.179672  0.179659  0.179645  0.179630  0.179613  0.179594  0.179573
 ***************************************************************
  ROW NUMBER           5  SECTION NUMBER            2
           0           0           0  IF_DESIGN etc 
   1.00000   0.00000    0
  0.044787  0.045124  0.045416  0.045668  0.045885  0.046073  0.046236  0.046376
  0.046497  0.046602  0.046693  0.046771  0.046838  0.046897  0.046947  0.046991
  0.047034  0.047080  0.047130  0.047182  0.047239  0.047299  0.047364  0.047434
  0.047509  0.047589  0.047675  0.047767  0.047865  0.047969  0.048081  0.048200
  0.048328  0.048465  0.048611  0.048768  0.048937  0.049122  0.049326  0.049547
  0.049787  0.050041  0.050305  0.050571  0.050838  0.051104  0.051367  0.051628
  0.051892  0.052155  0.052419  0.052682  0.052942  0.053194  0.053439  0.053674
  0.053900  0.054116  0.054323  0.054522  0.054713  0.054895  0.055068  0.055233
  0.055389  0.055537  0.055676  0.055807  0.055937  0.056079  0.056232  0.056397
  0.056577  0.056771  0.056981  0.057209  0.057455  0.057722  0.058011
  1.000000  0.000000
 -0.002136 -0.002117 -0.002100 -0.002086 -0.002074 -0.002064 -0.002055 -0.002047
 -0.002040 -0.002034 -0.002029 -0.002025 -0.002021 -0.002018 -0.002015 -0.002012
 -0.001858 -0.001818 -0.001800 -0.001789 -0.001777 -0.001764 -0.001749 -0.001733
 -0.001715 -0.001696 -0.001675 -0.001651 -0.001625 -0.001596 -0.001565 -0.001530
 -0.001491 -0.001448 -0.001400 -0.001346 -0.001286 -0.001218 -0.001139 -0.001049
 -0.000948 -0.000834 -0.000711 -0.000580 -0.000442 -0.000300 -0.000153  0.000000
  0.000159  0.000325  0.000497  0.000674  0.000854  0.001036  0.001216  0.001395
  0.001571  0.001744  0.001913  0.002079  0.002242  0.002399  0.002552  0.002700
  0.002843  0.002979  0.003037  0.002885  0.003027  0.003181  0.003348  0.003528
  0.003724  0.003935  0.004164  0.004412  0.004680  0.004971  0.005285
  1.000000
  0.000000  0.000000  0.000000  0.000000  0.000000  0.000000  0.000000  0.000000
  0.000000  0.000000  0.000000  0.000000  0.000000  0.000000  0.000000  0.000000
  0.000314  0.000401  0.000439  0.000456  0.000471  0.000487  0.000503  0.000521
  0.000539  0.000558  0.000579  0.000600  0.000622  0.000645  0.000668  0.000693
  0.000718  0.000743  0.000770  0.000796  0.000823  0.000850  0.000878  0.000905
  0.000931  0.000955  0.000974  0.000990  0.001002  0.001008  0.001011  0.001009
  0.001003  0.000992  0.000977  0.000957  0.000934  0.000907  0.000877  0.000845
  0.000811  0.000775  0.000738  0.000699  0.000660  0.000621  0.000582  0.000543
  0.000504  0.000466  0.000357  0.000000  0.000000  0.000000  0.000000  0.000000
  0.000000  0.000000  0.000000  0.000000  0.000000  0.000000  0.000000
  1.000000  0.000000
  0.200000  0.200000  0.200000  0.200000  0.200000  0.200000  0.200000  0.200000
  0.200000  0.200000  0.200000  0.200000  0.200000  0.200000  0.200000  0.200000
  0.200000  0.200000  0.200000  0.200000  0.200000  0.200000  0.200000  0.200000
  0.200000  0.200000  0.200000  0.200000  0.200000  0.200000  0.200000  0.200000
  0.200000  0.200000  0.200000  0.200000  0.200000  0.200000  0.200000  0.200000
  0.200000  0.200000  0.200000  0.200000  0.200000  0.200000  0.200000  0.200000
  0.200000  0.200000  0.200000  0.200000  0.200000  0.200000  0.200000  0.200000
  0.200000  0.200000  0.200000  0.200000  0.200000  0.200000  0.200000  0.200000
  0.200000  0.200000  0.200000  0.200000  0.200000  0.200000  0.200000  0.200000
  0.200000  0.200000  0.200000  0.200000  0.200000  0.200000  0.200000
 ***************************************************************
  ROW NUMBER           5  SECTION NUMBER            3
           0           0           0  IF_DESIGN etc 
   1.00000   0.00000    0
  0.044767  0.045108  0.045403  0.045657  0.045876  0.046066  0.046230  0.046371
  0.046493  0.046599  0.046690  0.046769  0.046837  0.046895  0.046946  0.046990
  0.047034  0.047080  0.047130  0.047183  0.047240  0.047300  0.047366  0.047435
  0.047510  0.047591  0.047677  0.047769  0.047867  0.047972  0.048084  0.048204
  0.048332  0.048468  0.048615  0.048772  0.048941  0.049126  0.049329  0.049551
  0.049790  0.050044  0.050307  0.050573  0.050839  0.051104  0.051366  0.051627
  0.051890  0.052153  0.052417  0.052679  0.052938  0.053190  0.053434  0.053669
  0.053895  0.054111  0.054319  0.054518  0.054709  0.054891  0.055065  0.055230
  0.055387  0.055535  0.055675  0.055806  0.055938  0.056080  0.056234  0.056401
  0.056582  0.056777  0.056989  0.057218  0.057466  0.057735  0.058026
  1.000000  0.000000
 -0.001991 -0.001974 -0.001959 -0.001946 -0.001935 -0.001925 -0.001917 -0.001910
 -0.001904 -0.001898 -0.001894 -0.001890 -0.001886 -0.001883 -0.001881 -0.001878
 -0.001726 -0.001685 -0.001668 -0.001657 -0.001645 -0.001633 -0.001619 -0.001604
 -0.001587 -0.001568 -0.001548 -0.001526 -0.001501 -0.001474 -0.001444 -0.001412
 -0.001375 -0.001335 -0.001290 -0.001240 -0.001184 -0.001121 -0.001048 -0.000965
 -0.000871 -0.000766 -0.000652 -0.000532 -0.000406 -0.000275 -0.000140  0.000000
  0.000146  0.000297  0.000454  0.000616  0.000780  0.000946  0.001110  0.001273
  0.001434  0.001591  0.001745  0.001896  0.002043  0.002187  0.002326  0.002460
  0.002589  0.002713  0.002763  0.002599  0.002730  0.002871  0.003024  0.003189
  0.003368  0.003562  0.003772  0.004000  0.004246  0.004512  0.004801
  1.000000
  0.000000  0.000000  0.000000  0.000000  0.000000  0.000000  0.000000  0.000000
  0.000000  0.000000  0.000000  0.000000  0.000000  0.000000  0.000000  0.000000
  0.000310  0.000396  0.000434  0.000450  0.000465  0.000481  0.000497  0.000514
  0.000532  0.000551  0.000571  0.000592  0.000614  0.000637  0.000660  0.000684
  0.000709  0.000734  0.000760  0.000786  0.000813  0.000840  0.000867  0.000894
  0.000919  0.000943  0.000962  0.000978  0.000989  0.000996  0.000998  0.000996
  0.000990  0.000980  0.000965  0.000945  0.000922  0.000896  0.000866  0.000834
  0.000800  0.000765  0.000728  0.000691  0.000652  0.000614  0.000575  0.000536
  0.000498  0.000460  0.000355  0.000000  0.000000  0.000000  0.000000  0.000000
  0.000000  0.000000  0.000000  0.000000  0.000000  0.000000  0.000000
  1.000000  0.000000
  0.218995  0.218990  0.218991  0.218996  0.219003  0.219010  0.219019  0.219027
  0.219034  0.219041  0.219048  0.219054  0.219059  0.219064  0.219068  0.219072
  0.219076  0.219080  0.219084  0.219089  0.219094  0.219099  0.219105  0.219112
  0.219120  0.219128  0.219137  0.219147  0.219157  0.219169  0.219182  0.219196
  0.219212  0.219229  0.219248  0.219269  0.219291  0.219317  0.219346  0.219378
  0.219414  0.219453  0.219494  0.219536  0.219579  0.219621  0.219664  0.219706
  0.219749  0.219791  0.219833  0.219875  0.219915  0.219953  0.219989  0.220024
  0.220055  0.220085  0.220112  0.220138  0.220161  0.220183  0.220202  0.220220
  0.220236  0.220251  0.220264  0.220276  0.220285  0.220294  0.220305  0.220316
  0.220328  0.220341  0.220355  0.220370  0.220387  0.220406  0.220427
 ***************************************************************
 ************STARTING THE INPUT FOR EACH BLADE ROW**************
  BLADE ROW NUMBER =        6                                           
    NUMBER OF BLADES IN ROW 
       143
        JM        JLE       JTE 
        83        16        68
      KTIPSTART  KTIPEND 
         0         0
       BOUNDARY LAYER TRANSITION POINTS 
         0         0         0         0
  SET NEWGRID= 1 TO GENERATE A NEW GRID WITH DIFFERENT "J" POINTS AND SPACINGS.
         0
   RPMROW,    RPMHUB 
   12000.0   12000.0
       JROTHS    JROTHE    JROTTS    JROTTE 
         1         1         1         1
   PUPROW    PLEROW   PTEROW    PDROW 
  837899.1  837899.1  773652.4  773652.4
      NSECS_ROW   INSURF  
         3         0
  IF_CUSP_OUT   IFANGLES 
         1         0
         0         3         0
 ***************************************************************
  ROW NUMBER           6  SECTION NUMBER            1
           0           0           0  IF_DESIGN etc 
   1.00000   0.00000    0
  0.055771  0.056111  0.056405  0.056659  0.056879  0.057068  0.057232  0.057373
  0.057496  0.057601  0.057693  0.057771  0.057839  0.057898  0.057949  0.057993
  0.058037  0.058083  0.058133  0.058186  0.058243  0.058304  0.058369  0.058439
  0.058514  0.058595  0.058681  0.058773  0.058872  0.058977  0.059089  0.059209
  0.059337  0.059474  0.059621  0.059778  0.059948  0.060133  0.060337  0.060559
  0.060799  0.061053  0.061317  0.061583  0.061850  0.062115  0.062378  0.062640
  0.062903  0.063167  0.063430  0.063693  0.063952  0.064205  0.064449  0.064684
  0.064910  0.065126  0.065334  0.065533  0.065723  0.065905  0.066079  0.066244
  0.066400  0.066548  0.066688  0.066819  0.066951  0.067096  0.067258  0.067437
  0.067635  0.067855  0.068098  0.068367  0.068666  0.068996  0.069362  0.069768
  0.070218  0.070715  0.071267
  1.000000  0.000000
 -0.000312 -0.000253 -0.000203 -0.000159 -0.000121 -0.000088 -0.000060 -0.000036
 -0.000015  0.000004  0.000019  0.000033  0.000045  0.000055  0.000064  0.000071
  0.000224  0.000268  0.000292  0.000313  0.000333  0.000353  0.000373  0.000393
  0.000413  0.000433  0.000452  0.000471  0.000489  0.000505  0.000521  0.000534
  0.000546  0.000555  0.000561  0.000563  0.000560  0.000551  0.000535  0.000510
  0.000473  0.000423  0.000361  0.000287  0.000201  0.000106  0.000000 -0.000116
 -0.000243 -0.000381 -0.000530 -0.000688 -0.000855 -0.001026 -0.001202 -0.001379
 -0.001556 -0.001733 -0.001910 -0.002085 -0.002258 -0.002428 -0.002595 -0.002757
 -0.002915 -0.003068 -0.003214 -0.003412 -0.003540 -0.003681 -0.003838 -0.004012
 -0.004204 -0.004417 -0.004653 -0.004915 -0.005204 -0.005525 -0.005880 -0.006273
 -0.006709 -0.007191 -0.007726
  1.000000
  0.000000  0.000000  0.000000  0.000000  0.000000  0.000000  0.000000  0.000000
  0.000000  0.000000  0.000000  0.000000  0.000000  0.000000  0.000000  0.000000
  0.000316  0.000414  0.000469  0.000502  0.000526  0.000549  0.000573  0.000596
  0.000620  0.000643  0.000666  0.000689  0.000712  0.000735  0.000757  0.000779
  0.000801  0.000822  0.000843  0.000862  0.000881  0.000898  0.000915  0.000929
  0.000941  0.000949  0.000954  0.000955  0.000952  0.000946  0.000937  0.000924
  0.000908  0.000889  0.000868  0.000844  0.000817  0.000789  0.000760  0.000730
  0.000699  0.000668  0.000637  0.000606  0.000575  0.000544  0.000514  0.000484
  0.000455  0.000427  0.000341  0.000000  0.000000  0.000000  0.000000  0.000000
  0.000000  0.000000  0.000000  0.000000  0.000000  0.000000  0.000000  0.000000
  0.000000  0.000000  0.000000
  1.000000  0.000000
  0.179727  0.179704  0.179684  0.179667  0.179652  0.179640  0.179629  0.179619
  0.179611  0.179603  0.179597  0.179592  0.179587  0.179583  0.179579  0.179576
  0.179572  0.179568  0.179564  0.179559  0.179554  0.179548  0.179542  0.179535
  0.179528  0.179520  0.179511  0.179501  0.179491  0.179479  0.179467  0.179453
  0.179438  0.179422  0.179404  0.179384  0.179362  0.179338  0.179310  0.179279
  0.179246  0.179209  0.179170  0.179130  0.179089  0.179048  0.179007  0.178966
  0.178925  0.178883  0.178842  0.178800  0.178760  0.178720  0.178683  0.178647
  0.178613  0.178581  0.178551  0.178523  0.178496  0.178471  0.178448  0.178426
  0.178406  0.178387  0.178370  0.178354  0.178344  0.178333  0.178321  0.178308
  0.178294  0.178279  0.178263  0.178246  0.178228  0.178209  0.178189  0.178169
  0.178147  0.178126  0.178103
 ***************************************************************
  ROW NUMBER           6  SECTION NUMBER            2
           0           0           0  IF_DESIGN etc 
   1.00000   0.00000    0
  0.055789  0.056127  0.056419  0.056672  0.056889  0.057078  0.057240  0.057381
  0.057502  0.057607  0.057698  0.057776  0.057844  0.057902  0.057952  0.057996
  0.058040  0.058086  0.058135  0.058188  0.058245  0.058305  0.058370  0.058440
  0.058515  0.058595  0.058681  0.058773  0.058871  0.058976  0.059088  0.059207
  0.059335  0.059472  0.059618  0.059776  0.059945  0.060130  0.060334  0.060556
  0.060795  0.061050  0.061314  0.061581  0.061848  0.062114  0.062377  0.062639
  0.062903  0.063167  0.063431  0.063694  0.063954  0.064207  0.064452  0.064687
  0.064913  0.065129  0.065337  0.065536  0.065727  0.065909  0.066083  0.066248
  0.066404  0.066552  0.066691  0.066822  0.066953  0.067098  0.067258  0.067436
  0.067633  0.067851  0.068092  0.068359  0.068656  0.068983  0.069347  0.069749
  0.070195  0.070688  0.071235
  1.000000  0.000000
  0.000984  0.000965  0.000948  0.000934  0.000922  0.000912  0.000903  0.000895
  0.000888  0.000882  0.000877  0.000873  0.000869  0.000865  0.000863  0.000860
  0.001032  0.001089  0.001118  0.001131  0.001139  0.001146  0.001152  0.001157
  0.001161  0.001164  0.001165  0.001164  0.001161  0.001156  0.001148  0.001137
  0.001122  0.001103  0.001079  0.001049  0.001012  0.000967  0.000910  0.000841
  0.000759  0.000661  0.000550  0.000427  0.000294  0.000151  0.000000 -0.000160
 -0.000331 -0.000512 -0.000703 -0.000903 -0.001110 -0.001320 -0.001531 -0.001742
 -0.001952 -0.002159 -0.002364 -0.002566 -0.002765 -0.002958 -0.003147 -0.003331
 -0.003508 -0.003679 -0.003842 -0.004041 -0.004184 -0.004341 -0.004516 -0.004710
 -0.004924 -0.005161 -0.005424 -0.005715 -0.006038 -0.006395 -0.006790 -0.007228
 -0.007713 -0.008251 -0.008846
  1.000000
  0.000000  0.000000  0.000000  0.000000  0.000000  0.000000  0.000000  0.000000
  0.000000  0.000000  0.000000  0.000000  0.000000  0.000000  0.000000  0.000000
  0.000340  0.000448  0.000502  0.000532  0.000558  0.000583  0.000608  0.000632
  0.000657  0.000682  0.000706  0.000731  0.000755  0.000779  0.000803  0.000826
  0.000849  0.000871  0.000893  0.000914  0.000934  0.000952  0.000969  0.000985
  0.000997  0.001006  0.001011  0.001012  0.001009  0.001002  0.000992  0.000979
  0.000962  0.000942  0.000920  0.000894  0.000866  0.000836  0.000805  0.000773
  0.000740  0.000707  0.000674  0.000641  0.000608  0.000576  0.000543  0.000512
  0.000482  0.000452  0.000351  0.000000  0.000000  0.000000  0.000000  0.000000
  0.000000  0.000000  0.000000  0.000000  0.000000  0.000000  0.000000  0.000000
  0.000000  0.000000  0.000000
  1.000000  0.000000
  0.200000  0.200000  0.200000  0.200000  0.200000  0.200000  0.200000  0.200000
  0.200000  0.200000  0.200000  0.200000  0.200000  0.200000  0.200000  0.200000
  0.200000  0.200000  0.200000  0.200000  0.200000  0.200000  0.200000  0.200000
  0.200000  0.200000  0.200000  0.200000  0.200000  0.200000  0.200000  0.200000
  0.200000  0.200000  0.200000  0.200000  0.200000  0.200000  0.200000  0.200000
  0.200000  0.200000  0.200000  0.200000  0.200000  0.200000  0.200000  0.200000
  0.200000  0.200000  0.200000  0.200000  0.200000  0.200000  0.200000  0.200000
  0.200000  0.200000  0.200000  0.200000  0.200000  0.200000  0.200000  0.200000
  0.200000  0.200000  0.200000  0.200000  0.200000  0.200000  0.200000  0.200000
  0.200000  0.200000  0.200000  0.200000  0.200000  0.200000  0.200000  0.200000
  0.200000  0.200000  0.200000
 ***************************************************************
  ROW NUMBER           6  SECTION NUMBER            3
           0           0           0  IF_DESIGN etc 
   1.00000   0.00000    0
  0.055772  0.056113  0.056407  0.056661  0.056880  0.057070  0.057234  0.057375
  0.057498  0.057603  0.057694  0.057773  0.057841  0.057900  0.057951  0.057995
  0.058039  0.058085  0.058135  0.058188  0.058245  0.058306  0.058371  0.058441
  0.058516  0.058597  0.058683  0.058775  0.058874  0.058979  0.059091  0.059211
  0.059339  0.059476  0.059623  0.059780  0.059950  0.060135  0.060339  0.060561
  0.060800  0.061055  0.061319  0.061585  0.061852  0.062117  0.062380  0.062642
  0.062905  0.063168  0.063432  0.063695  0.063954  0.064206  0.064451  0.064686
  0.064912  0.065128  0.065335  0.065534  0.065725  0.065907  0.066081  0.066246
  0.066402  0.066550  0.066690  0.066821  0.066952  0.067098  0.067260  0.067439
  0.067637  0.067856  0.068100  0.068369  0.068667  0.068998  0.069364  0.069770
  0.070219  0.070717  0.071269
  1.000000  0.000000
  0.002170  0.002081  0.002004  0.001937  0.001879  0.001830  0.001787  0.001750
  0.001717  0.001690  0.001666  0.001645  0.001627  0.001612  0.001598  0.001587
  0.001774  0.001835  0.001873  0.001892  0.001894  0.001890  0.001884  0.001876
  0.001866  0.001853  0.001838  0.001820  0.001798  0.001773  0.001744  0.001710
  0.001671  0.001626  0.001575  0.001516  0.001447  0.001367  0.001274  0.001164
  0.001038  0.000894  0.000736  0.000566  0.000386  0.000197  0.000000 -0.000205
 -0.000421 -0.000646 -0.000881 -0.001124 -0.001373 -0.001623 -0.001874 -0.002122
 -0.002367 -0.002608 -0.002845 -0.003077 -0.003304 -0.003525 -0.003740 -0.003947
 -0.004147 -0.004339 -0.004522 -0.004744 -0.004904 -0.005081 -0.005277 -0.005494
 -0.005734 -0.006000 -0.006295 -0.006621 -0.006983 -0.007383 -0.007827 -0.008318
 -0.008862 -0.009465 -0.010132
  1.000000
  0.000000  0.000000  0.000000  0.000000  0.000000  0.000000  0.000000  0.000000
  0.000000  0.000000  0.000000  0.000000  0.000000  0.000000  0.000000  0.000000
  0.000354  0.000457  0.000524  0.000572  0.000605  0.000632  0.000659  0.000686
  0.000713  0.000740  0.000767  0.000793  0.000820  0.000846  0.000872  0.000897
  0.000922  0.000947  0.000970  0.000993  0.001014  0.001034  0.001053  0.001070
  0.001083  0.001093  0.001098  0.001099  0.001096  0.001089  0.001078  0.001063
  0.001045  0.001023  0.000999  0.000971  0.000940  0.000908  0.000874  0.000839
  0.000804  0.000768  0.000732  0.000696  0.000660  0.000624  0.000590  0.000556
  0.000522  0.000490  0.000370  0.000000  0.000000  0.000000  0.000000  0.000000
  0.000000  0.000000  0.000000  0.000000  0.000000  0.000000  0.000000  0.000000
  0.000000  0.000000  0.000000
  1.000000  0.000000
  0.220273  0.220297  0.220316  0.220333  0.220348  0.220360  0.220371  0.220381
  0.220389  0.220397  0.220403  0.220409  0.220413  0.220417  0.220421  0.220424
  0.220428  0.220432  0.220436  0.220441  0.220446  0.220452  0.220458  0.220465
  0.220472  0.220480  0.220489  0.220499  0.220509  0.220521  0.220533  0.220547
  0.220562  0.220579  0.220597  0.220616  0.220638  0.220663  0.220690  0.220721
  0.220755  0.220792  0.220830  0.220871  0.220911  0.220952  0.220993  0.221034
  0.221076  0.221117  0.221159  0.221200  0.221241  0.221280  0.221317  0.221353
  0.221387  0.221419  0.221449  0.221477  0.221504  0.221529  0.221552  0.221574
  0.221594  0.221613  0.221630  0.221646  0.221656  0.221667  0.221679  0.221692
  0.221706  0.221721  0.221737  0.221754  0.221772  0.221791  0.221811  0.221831
  0.221853  0.221875  0.221897
  STARTING INLET BOUNDARY CONDITION DATA .
  NUMBER OF POINTS FOR INLET BOUNDARY CONDITIONS 
        37
  SPACING OF INLET BOUNDARY CONDITION POINTS 
  1.000000  1.250000  1.562500  1.953125  2.441406  3.051758  3.814697  4.768372
  5.960464  7.450581  9.313226 11.641532 14.551915 18.189894 20.000000 20.000000
 20.000000 20.000000 20.000000 20.000000 20.000000 20.000000 18.189894 14.551915
 11.641532  9.313226  7.450581  5.960464  4.768372  3.814697  3.051758  2.441406
  1.953125  1.562500  1.250000  1.000000
   INLET STAGNATION PRESSURES 
 1300000.0 1300000.0 1300000.0 1300000.1 1300000.0 1300000.0 1300000.0 1300000.0
 1300000.0 1300000.0 1300000.0 1300000.1 1300000.0 1300000.0 1300000.0 1300000.0
 1300000.0 1300000.0 1300000.0 1300000.0 1300000.0 1300000.0 1300000.0 1300000.0
 1300000.0 1300000.0 1300000.0 1300000.0 1300000.0 1300000.0 1300000.0 1300000.0
 1300000.0 1300000.0 1300000.0 1300000.0 1300000.0
   INLET STAGNATION TEMPERATURES 
 1500.0000 1500.0001 1500.0001 1500.0000 1500.0000 1500.0000 1500.0000 1500.0000
 1500.0000 1500.0000 1500.0001 1500.0000 1500.0000 1500.0000 1500.0000 1500.0000
 1500.0000 1500.0000 1500.0000 1500.0000 1500.0000 1500.0000 1500.0000 1500.0000
 1500.0000 1500.0000 1500.0000 1500.0000 1500.0000 1500.0000 1500.0000 1500.0000
 1500.0000 1500.0000 1500.0000 1500.0000 1500.0000
   INLET ABSOLUTE TANGENTIAL VELOCITY 
    0.0000    0.0000    0.0000    0.0000    0.0000    0.0000    0.0000    0.0000
    0.0000    0.0000    0.0000    0.0000    0.0000    0.0000    0.0000    0.0000
    0.0000    0.0000    0.0000    0.0000    0.0000    0.0000    0.0000    0.0000
    0.0000    0.0000    0.0000    0.0000    0.0000    0.0000    0.0000    0.0000
    0.0000    0.0000    0.0000    0.0000    0.0000
   INLET MERIDIONAL VELOCITY 
  230.8440  230.8440  230.8440  230.8440  230.8440  230.8440  230.8440  230.8440
  230.8440  230.8440  230.8441  230.8441  230.8440  230.8440  230.8440  230.8440
  230.8440  230.8440  230.8440  230.8440  230.8440  230.8440  230.8440  230.8440
  230.8440  230.8440  230.8440  230.8440  230.8440  230.8440  230.8440  230.8440
  230.8440  230.8440  230.8440  230.8440  230.8440
   INLET MERIDIONAL YAW ANGLE  
    4.2031    4.2031    4.2031    4.2031    4.2031    4.2031    4.2031    4.2031
    4.2031    4.2031    4.2031    4.2031    4.2031    4.2031    4.2031    4.2031
    4.2031    4.2031    4.2031    4.2031    4.2031    4.2031    4.2031    4.2031
    4.2031    4.2031    4.2031    4.2031    4.2031    4.2031    4.2031    4.2031
    4.2031    4.2031    4.2031    4.2031    4.2031
   INLET PITCH ANGLE 
   -1.0813   -1.0748   -1.0667   -1.0566   -1.0439   -1.0281   -1.0083   -0.9836
   -0.9527   -0.9141   -0.8659   -0.8056   -0.7302   -0.6359   -0.5181   -0.3886
   -0.2591   -0.1295    0.0000    0.1295    0.2591    0.3886    0.5181    0.6359
    0.7302    0.8056    0.8659    0.9141    0.9527    0.9836    1.0083    1.0281
    1.0439    1.0566    1.0667    1.0748    1.0813
   PDOWN_HUB   PDOWN_TIP 
  773652.4  773652.4
 MIXING LENGTH LIMITS ON ALL BLADE ROWS
  0.050000  0.050000  0.050000  0.050000  0.050000  0.030000
  0.050000  0.050000  0.050000  0.050000  0.050000  0.030000
  0.050000  0.050000  0.050000  0.050000  0.050000  0.030000
  0.050000  0.050000  0.050000  0.050000  0.050000  0.030000
  0.050000  0.050000  0.050000  0.050000  0.050000  0.030000
  0.050000  0.050000  0.050000  0.050000  0.050000  0.030000
  FACTOR TO INCREASE THE TURBULENT VISCOSITY OVER THE FIRST NMIXUP STEPS 
   2.00000 1000
