 DATA SET FOR "multall" . GENERATED BY "stagen" .                       
    CP   and   GAMMA 
 1157.3014    1.3300
       ITIMST 
         3
     CFL,    DAMP,    MACHLIM,    F_PDOWN 
  0.400000 10.000000  2.000000  0.000000
  IF_RESTART 
         0
  NSTEPS_MAX, CONLIM 
      9000  0.001000
   SFX,      SFT,      FAC_4TH,     NCHANGE 
  0.005000  0.005000  0.800000      1000
       NUMBER OF BLADE ROWS 
         8
        IM        KM 
        37        37
  FP(I),I=1,IMM1 
  1.000000  1.250000  1.562500  1.953125  2.441406  3.051758  3.814697  4.768372
  5.960464  7.450581  9.313226 11.641532 14.551915 18.189894 20.000000 20.000000
 20.000000 20.000000 20.000000 20.000000 20.000000 20.000000 18.189894 14.551915
 11.641532  9.313226  7.450581  5.960464  4.768372  3.814697  3.051758  2.441406
  1.953125  1.562500  1.250000  1.000000
  FR(K),K=1,KMM1 
  1.000000  1.250000  1.562500  1.953125  2.441406  3.051758  3.814697  4.768372
  5.960464  7.450581  9.313226 11.641532 14.551915 18.189894 20.000000 20.000000
 20.000000 20.000000 20.000000 20.000000 20.000000 20.000000 18.189894 14.551915
 11.641532  9.313226  7.450581  5.960464  4.768372  3.814697  3.051758  2.441406
  1.953125  1.562500  1.250000  1.000000
        IR        JR        KR        IRBB      JRBB      KRBB 
         3         3         3         9         9         9
   FBLK1,     FBLK2,     FBLK3  
  0.400000  0.200000  0.100000
       IFMIX 
         1
   RFMIX,    FEXTRAP,   FSMTHB,    FANGLE 
  0.025000  0.800000  1.000000  0.800000
      IFCOOL    IFBLEED    IF_ROUGH 
         0         0         0
       NSECS_IN 
         3
       IN_PRESS  IN_VTAN   IN_VR    IN_FLOW  IF_REPEAT  RFIN 
         0         0         1         0         0   0.50000
  IPOUT  SFEXIT  NSFEXIT 
    1  0.000000    0
  PLATE_LOSS  THROTTLE_EXIT 
  0.000000  0.000000
        ILOS      NLOS      IBOUND 
        10         5         0
   REYNO,     RF_VIS,   FTRANS, TURBVIS_LIM, PRANDTL, YPLUSWALL
  800000.0     0.500     0.000  3000.000       1.0     0.000
   YPLAM      YPTURB 
  5.000000 25.000000
      ISHIFT    NEXTRAP_LE  NEXTRAP_TE 
         2        10        10
  (NSTG(N),N=1,NROWS) 
         1         1         2         2         3         3         4         4
  5  TIME STEPS FOR PRINTOUT 
      9000      9000      9000      9000      9000
  MARKER FOR VARIABLES TO BE SENT TO THE OUTPUT FILE.
 0 0 0 0 0 0 0 0 0 0 0 0 0 0 0 0 0 0 0 0
  STREAM SURFACES ON WHICH RESULTS ARE TO BE SENT TO   THE OUTPUT FILE 
 0 0 0 0 0 0 0 0 0 0 0 0 0 0 0 0 0 0 0 0 0 0 0 0 0 0 0 0 0 0 0 0 0 0 0 0 0
 ***************************************************************
 ************STARTING THE INPUT FOR EACH BLADE ROW**************
  BLADE ROW NUMBER =        1                                           
    NUMBER OF BLADES IN ROW 
       190
        JM        JLE       JTE 
        62        15        54
      KTIPSTART  KTIPEND 
         0         0
       BOUNDARY LAYER TRANSITION POINTS 
         0         0         0         0
  SET NEWGRID= 1 TO GENERATE A NEW GRID WITH DIFFERENT "J" POINTS AND SPACINGS.
         0
   RPMROW,    RPMHUB 
       0.0       0.0
       JROTHS    JROTHE    JROTTS    JROTTE 
         1         1         1         1
   PUPROW    PLEROW   PTEROW    PDROW 
 1385373.1 1385373.1 1202092.8 1202092.8
      NSECS_ROW   INSURF  
         3         0
  IF_CUSP_OUT   IFANGLES 
         1         0
         0         3         0
 ***************************************************************
  ROW NUMBER           1  SECTION NUMBER            1
           0           0           0  IF_DESIGN etc 
   1.00000   0.00000    0
 -0.008418 -0.006743 -0.005384 -0.004281 -0.003385 -0.002659 -0.002069 -0.001590
 -0.001201 -0.000886 -0.000630 -0.000422 -0.000253 -0.000116 -0.000005  0.000106
  0.000227  0.000358  0.000503  0.000661  0.000835  0.001027  0.001237  0.001467
  0.001718  0.001992  0.002292  0.002620  0.002979  0.003373  0.003808  0.004302
  0.004860  0.005476  0.006142  0.006821  0.007500  0.008174  0.008841  0.009512
  0.010185  0.010856  0.011514  0.012146  0.012748  0.013317  0.013855  0.014364
  0.014843  0.015293  0.015714  0.016106  0.016469  0.016802  0.017135  0.017511
  0.017935  0.018412  0.018950  0.019556  0.020238  0.021008
  1.000000  0.000000
 -0.001096 -0.001435 -0.001710 -0.001933 -0.002114 -0.002262 -0.002381 -0.002478
 -0.002557 -0.002620 -0.002672 -0.002714 -0.002748 -0.002776 -0.002799 -0.002468
 -0.002368 -0.002341 -0.002345 -0.002348 -0.002350 -0.002349 -0.002345 -0.002337
 -0.002324 -0.002304 -0.002276 -0.002238 -0.002187 -0.002120 -0.002032 -0.001916
 -0.001763 -0.001567 -0.001323 -0.001042 -0.000725 -0.000377  0.000000  0.000413
  0.000861  0.001340  0.001842  0.002356  0.002872  0.003384  0.003891  0.004390
  0.004877  0.005350  0.005806  0.006243  0.006606  0.006384  0.006822  0.007314
  0.007869  0.008495  0.009200  0.009995  0.010890  0.011898
  1.000000
  0.000000  0.000000  0.000000  0.000000  0.000000  0.000000  0.000000  0.000000
  0.000000  0.000000  0.000000  0.000000  0.000000  0.000000  0.000000  0.000626
  0.000792  0.000860  0.000899  0.000939  0.000983  0.001030  0.001079  0.001132
  0.001188  0.001247  0.001309  0.001372  0.001438  0.001505  0.001573  0.001643
  0.001712  0.001777  0.001834  0.001875  0.001901  0.001914  0.001911  0.001893
  0.001860  0.001813  0.001751  0.001680  0.001599  0.001512  0.001419  0.001323
  0.001225  0.001126  0.001027  0.000930  0.000786  0.000000  0.000000  0.000000
  0.000000  0.000000  0.000000  0.000000  0.000000  0.000000
  1.000000  0.000000
  0.413148  0.413129  0.413109  0.413091  0.413075  0.413061  0.413048  0.413038
  0.413029  0.413021  0.413015  0.413010  0.413005  0.413002  0.412999  0.412994
  0.412989  0.412983  0.412977  0.412970  0.412962  0.412953  0.412943  0.412932
  0.412919  0.412906  0.412891  0.412874  0.412855  0.412834  0.412810  0.412783
  0.412752  0.412717  0.412678  0.412639  0.412599  0.412560  0.412522  0.412484
  0.412446  0.412409  0.412374  0.412342  0.412312  0.412285  0.412260  0.412238
  0.412218  0.412200  0.412184  0.412170  0.412158  0.412148  0.412140  0.412131
  0.412121  0.412110  0.412097  0.412082  0.412065  0.412045
 ***************************************************************
  ROW NUMBER           1  SECTION NUMBER            2
           0           0           0  IF_DESIGN etc 
   1.00000   0.00000    0
 -0.008409 -0.006736 -0.005378 -0.004276 -0.003382 -0.002656 -0.002067 -0.001588
 -0.001200 -0.000885 -0.000629 -0.000421 -0.000253 -0.000116 -0.000005  0.000106
  0.000227  0.000358  0.000502  0.000661  0.000835  0.001026  0.001236  0.001466
  0.001717  0.001992  0.002291  0.002619  0.002978  0.003373  0.003808  0.004302
  0.004860  0.005476  0.006143  0.006821  0.007501  0.008175  0.008842  0.009514
  0.010187  0.010858  0.011516  0.012148  0.012750  0.013319  0.013856  0.014365
  0.014844  0.015294  0.015715  0.016106  0.016469  0.016802  0.017135  0.017510
  0.017933  0.018410  0.018947  0.019553  0.020235  0.021004
  1.000000  0.000000
 -0.001076 -0.001408 -0.001678 -0.001897 -0.002074 -0.002219 -0.002336 -0.002431
 -0.002508 -0.002570 -0.002621 -0.002662 -0.002696 -0.002723 -0.002745 -0.002416
 -0.002317 -0.002292 -0.002295 -0.002298 -0.002300 -0.002299 -0.002295 -0.002287
 -0.002273 -0.002254 -0.002226 -0.002188 -0.002138 -0.002072 -0.001986 -0.001872
 -0.001723 -0.001531 -0.001293 -0.001018 -0.000708 -0.000368  0.000000  0.000403
  0.000840  0.001308  0.001799  0.002300  0.002804  0.003304  0.003798  0.004285
  0.004761  0.005222  0.005668  0.006093  0.006447  0.006220  0.006647  0.007129
  0.007671  0.008283  0.008972  0.009749  0.010624  0.011610
  1.000000
  0.000000  0.000000  0.000000  0.000000  0.000000  0.000000  0.000000  0.000000
  0.000000  0.000000  0.000000  0.000000  0.000000  0.000000  0.000000  0.000624
  0.000788  0.000855  0.000893  0.000933  0.000976  0.001023  0.001073  0.001125
  0.001181  0.001239  0.001300  0.001363  0.001428  0.001495  0.001563  0.001633
  0.001701  0.001765  0.001822  0.001863  0.001889  0.001901  0.001899  0.001881
  0.001848  0.001801  0.001740  0.001669  0.001589  0.001502  0.001410  0.001315
  0.001217  0.001119  0.001021  0.000924  0.000781  0.000000  0.000000  0.000000
  0.000000  0.000000  0.000000  0.000000  0.000000  0.000000
  1.000000  0.000000
  0.421200  0.421200  0.421200  0.421200  0.421200  0.421200  0.421200  0.421200
  0.421200  0.421200  0.421200  0.421200  0.421200  0.421200  0.421200  0.421200
  0.421200  0.421200  0.421200  0.421200  0.421200  0.421200  0.421200  0.421200
  0.421200  0.421200  0.421200  0.421200  0.421200  0.421200  0.421200  0.421200
  0.421200  0.421200  0.421200  0.421200  0.421200  0.421200  0.421200  0.421200
  0.421200  0.421200  0.421200  0.421200  0.421200  0.421200  0.421200  0.421200
  0.421200  0.421200  0.421200  0.421200  0.421200  0.421200  0.421200  0.421200
  0.421200  0.421200  0.421200  0.421200  0.421200  0.421200
 ***************************************************************
  ROW NUMBER           1  SECTION NUMBER            3
           0           0           0  IF_DESIGN etc 
   1.00000   0.00000    0
 -0.008418 -0.006743 -0.005384 -0.004280 -0.003385 -0.002658 -0.002068 -0.001589
 -0.001201 -0.000885 -0.000629 -0.000421 -0.000253 -0.000116 -0.000005  0.000106
  0.000227  0.000359  0.000503  0.000661  0.000836  0.001027  0.001237  0.001467
  0.001718  0.001992  0.002292  0.002620  0.002979  0.003374  0.003809  0.004303
  0.004860  0.005476  0.006142  0.006821  0.007501  0.008174  0.008841  0.009513
  0.010186  0.010857  0.011514  0.012147  0.012749  0.013318  0.013855  0.014364
  0.014843  0.015294  0.015715  0.016106  0.016469  0.016802  0.017136  0.017512
  0.017935  0.018412  0.018950  0.019556  0.020239  0.021008
  1.000000  0.000000
 -0.001061 -0.001387 -0.001652 -0.001867 -0.002042 -0.002183 -0.002298 -0.002392
 -0.002468 -0.002529 -0.002579 -0.002620 -0.002653 -0.002679 -0.002701 -0.002373
 -0.002275 -0.002250 -0.002254 -0.002256 -0.002258 -0.002256 -0.002252 -0.002244
 -0.002231 -0.002211 -0.002184 -0.002146 -0.002097 -0.002032 -0.001948 -0.001836
 -0.001689 -0.001501 -0.001267 -0.000997 -0.000694 -0.000361  0.000000  0.000395
  0.000823  0.001281  0.001762  0.002252  0.002746  0.003235  0.003719  0.004195
  0.004661  0.005113  0.005549  0.005965  0.006311  0.006078  0.006496  0.006969
  0.007501  0.008100  0.008776  0.009537  0.010396  0.011363
  1.000000
  0.000000  0.000000  0.000000  0.000000  0.000000  0.000000  0.000000  0.000000
  0.000000  0.000000  0.000000  0.000000  0.000000  0.000000  0.000000  0.000623
  0.000786  0.000852  0.000890  0.000930  0.000973  0.001019  0.001069  0.001121
  0.001176  0.001234  0.001296  0.001359  0.001423  0.001490  0.001557  0.001627
  0.001695  0.001759  0.001816  0.001857  0.001883  0.001895  0.001891  0.001874
  0.001842  0.001795  0.001734  0.001663  0.001583  0.001497  0.001405  0.001310
  0.001213  0.001115  0.001017  0.000921  0.000778  0.000000  0.000000  0.000000
  0.000000  0.000000  0.000000  0.000000  0.000000  0.000000
  1.000000  0.000000
  0.429252  0.429271  0.429291  0.429309  0.429325  0.429339  0.429352  0.429362
  0.429371  0.429379  0.429385  0.429390  0.429395  0.429398  0.429401  0.429406
  0.429411  0.429417  0.429423  0.429430  0.429438  0.429447  0.429457  0.429468
  0.429481  0.429494  0.429509  0.429526  0.429545  0.429566  0.429590  0.429617
  0.429648  0.429683  0.429722  0.429761  0.429801  0.429840  0.429878  0.429916
  0.429954  0.429991  0.430026  0.430058  0.430088  0.430115  0.430140  0.430162
  0.430182  0.430200  0.430216  0.430230  0.430242  0.430252  0.430260  0.430269
  0.430279  0.430290  0.430303  0.430318  0.430335  0.430355
 ***************************************************************
 ************STARTING THE INPUT FOR EACH BLADE ROW**************
  BLADE ROW NUMBER =        2                                           
    NUMBER OF BLADES IN ROW 
       172
        JM        JLE       JTE 
        59        12        51
      KTIPSTART  KTIPEND 
         0         0
       BOUNDARY LAYER TRANSITION POINTS 
         0         0         0         0
  SET NEWGRID= 1 TO GENERATE A NEW GRID WITH DIFFERENT "J" POINTS AND SPACINGS.
         0
   RPMROW,    RPMHUB 
    6930.4    6930.4
       JROTHS    JROTHE    JROTTS    JROTTE 
         1         1         1         1
   PUPROW    PLEROW   PTEROW    PDROW 
 1202092.8 1202092.8 1038731.0 1038731.0
      NSECS_ROW   INSURF  
         3         0
  IF_CUSP_OUT   IFANGLES 
         1         0
         0         3         0
 ***************************************************************
  ROW NUMBER           2  SECTION NUMBER            1
           0           0           0  IF_DESIGN etc 
   1.00000   0.00000    0
  0.016366  0.017328  0.018112  0.018750  0.019268  0.019690  0.020034  0.020313
  0.020540  0.020725  0.020876  0.020998  0.021120  0.021253  0.021398  0.021557
  0.021732  0.021924  0.022135  0.022366  0.022619  0.022896  0.023198  0.023528
  0.023889  0.024285  0.024719  0.025199  0.025743  0.026356  0.027035  0.027769
  0.028516  0.029264  0.030006  0.030740  0.031479  0.032221  0.032959  0.033683
  0.034380  0.035042  0.035669  0.036261  0.036821  0.037349  0.037845  0.038308
  0.038740  0.039139  0.039506  0.039873  0.040287  0.040754  0.041279  0.041872
  0.042539  0.043292  0.044139
  1.000000  0.000000
 -0.000945 -0.000707 -0.000513 -0.000355 -0.000227 -0.000122 -0.000037  0.000032
  0.000088  0.000134  0.000171  0.000201  0.000562  0.000652  0.000719  0.000787
  0.000855  0.000923  0.000991  0.001058  0.001124  0.001185  0.001242  0.001292
  0.001332  0.001360  0.001371  0.001360  0.001320  0.001239  0.001105  0.000910
  0.000660  0.000355  0.000000 -0.000402 -0.000856 -0.001363 -0.001917 -0.002510
 -0.003125 -0.003751 -0.004379 -0.005005 -0.005627 -0.006238 -0.006835 -0.007413
 -0.007969 -0.008497 -0.009120 -0.009585 -0.010109 -0.010699 -0.011365 -0.012114
 -0.012959 -0.013911 -0.014983
  1.000000
  0.000000  0.000000  0.000000  0.000000  0.000000  0.000000  0.000000  0.000000
  0.000000  0.000000  0.000000  0.000000  0.000752  0.000963  0.001082  0.001154
  0.001222  0.001290  0.001357  0.001424  0.001491  0.001558  0.001623  0.001687
  0.001749  0.001810  0.001867  0.001920  0.001970  0.002013  0.002045  0.002065
  0.002070  0.002060  0.002036  0.002002  0.001955  0.001896  0.001828  0.001751
  0.001667  0.001580  0.001491  0.001401  0.001310  0.001221  0.001133  0.001047
  0.000965  0.000835  0.000000  0.000000  0.000000  0.000000  0.000000  0.000000
  0.000000  0.000000  0.000000
  1.000000  0.000000
  0.412162  0.412135  0.412117  0.412102  0.412089  0.412079  0.412070  0.412063
  0.412057  0.412052  0.412048  0.412045  0.412040  0.412035  0.412030  0.412023
  0.412016  0.412007  0.411997  0.411987  0.411974  0.411960  0.411943  0.411925
  0.411904  0.411880  0.411852  0.411821  0.411784  0.411741  0.411693  0.411639
  0.411584  0.411528  0.411474  0.411421  0.411368  0.411318  0.411270  0.411226
  0.411187  0.411153  0.411124  0.411100  0.411081  0.411065  0.411053  0.411045
  0.411039  0.411036  0.411035  0.411044  0.411054  0.411064  0.411075  0.411086
  0.411096  0.411104  0.411108
 ***************************************************************
  ROW NUMBER           2  SECTION NUMBER            2
           0           0           0  IF_DESIGN etc 
   1.00000   0.00000    0
  0.016373  0.017335  0.018117  0.018754  0.019272  0.019694  0.020036  0.020316
  0.020543  0.020727  0.020878  0.021000  0.021122  0.021255  0.021400  0.021559
  0.021733  0.021925  0.022136  0.022367  0.022620  0.022897  0.023199  0.023529
  0.023890  0.024285  0.024720  0.025199  0.025743  0.026357  0.027036  0.027770
  0.028517  0.029266  0.030008  0.030742  0.031482  0.032223  0.032962  0.033686
  0.034383  0.035046  0.035672  0.036264  0.036824  0.037352  0.037847  0.038311
  0.038742  0.039141  0.039508  0.039875  0.040288  0.040754  0.041279  0.041870
  0.042537  0.043288  0.044135
  1.000000  0.000000
 -0.000375 -0.000184 -0.000028  0.000098  0.000201  0.000285  0.000353  0.000408
  0.000453  0.000490  0.000520  0.000544  0.000912  0.001003  0.001064  0.001125
  0.001185  0.001244  0.001303  0.001359  0.001413  0.001462  0.001505  0.001541
  0.001566  0.001576  0.001569  0.001539  0.001477  0.001371  0.001211  0.000990
  0.000711  0.000380  0.000000 -0.000426 -0.000903 -0.001432 -0.002009 -0.002622
 -0.003256 -0.003899 -0.004543 -0.005183 -0.005817 -0.006441 -0.007048 -0.007636
 -0.008199 -0.008735 -0.009366 -0.009837 -0.010367 -0.010965 -0.011638 -0.012397
 -0.013252 -0.014216 -0.015302
  1.000000
  0.000000  0.000000  0.000000  0.000000  0.000000  0.000000  0.000000  0.000000
  0.000000  0.000000  0.000000  0.000000  0.000772  0.000987  0.001098  0.001169
  0.001238  0.001306  0.001374  0.001443  0.001510  0.001577  0.001643  0.001709
  0.001772  0.001832  0.001890  0.001945  0.001995  0.002037  0.002071  0.002091
  0.002095  0.002085  0.002062  0.002026  0.001979  0.001920  0.001850  0.001772
  0.001688  0.001599  0.001509  0.001418  0.001326  0.001236  0.001147  0.001060
  0.000977  0.000843  0.000000  0.000000  0.000000  0.000000  0.000000  0.000000
  0.000000  0.000000  0.000000
  1.000000  0.000000
  0.421200  0.421200  0.421200  0.421200  0.421200  0.421200  0.421200  0.421200
  0.421200  0.421200  0.421200  0.421200  0.421200  0.421200  0.421200  0.421200
  0.421200  0.421200  0.421200  0.421200  0.421200  0.421200  0.421200  0.421200
  0.421200  0.421200  0.421200  0.421200  0.421200  0.421200  0.421200  0.421200
  0.421200  0.421200  0.421200  0.421200  0.421200  0.421200  0.421200  0.421200
  0.421200  0.421200  0.421200  0.421200  0.421200  0.421200  0.421200  0.421200
  0.421200  0.421200  0.421200  0.421200  0.421200  0.421200  0.421200  0.421200
  0.421200  0.421200  0.421200
 ***************************************************************
  ROW NUMBER           2  SECTION NUMBER            3
           0           0           0  IF_DESIGN etc 
   1.00000   0.00000    0
  0.016369  0.017332  0.018115  0.018753  0.019272  0.019694  0.020037  0.020316
  0.020544  0.020729  0.020879  0.021001  0.021124  0.021257  0.021402  0.021561
  0.021735  0.021927  0.022138  0.022369  0.022623  0.022899  0.023201  0.023532
  0.023893  0.024288  0.024723  0.025202  0.025746  0.026360  0.027039  0.027772
  0.028519  0.029268  0.030009  0.030744  0.031483  0.032224  0.032963  0.033687
  0.034383  0.035046  0.035672  0.036264  0.036824  0.037352  0.037848  0.038312
  0.038743  0.039142  0.039509  0.039877  0.040291  0.040757  0.041283  0.041875
  0.042543  0.043295  0.044143
  1.000000  0.000000
  0.000177  0.000322  0.000441  0.000537  0.000615  0.000679  0.000731  0.000773
  0.000807  0.000835  0.000858  0.000877  0.001255  0.001349  0.001405  0.001458
  0.001511  0.001562  0.001611  0.001658  0.001700  0.001738  0.001769  0.001790
  0.001799  0.001794  0.001769  0.001719  0.001635  0.001505  0.001320  0.001070
  0.000764  0.000406  0.000000 -0.000450 -0.000953 -0.001506 -0.002106 -0.002741
 -0.003395 -0.004058 -0.004719 -0.005376 -0.006025 -0.006661 -0.007281 -0.007880
 -0.008454 -0.008999 -0.009604 -0.010082 -0.010621 -0.011227 -0.011911 -0.012682
 -0.013550 -0.014529 -0.015632
  1.000000
  0.000000  0.000000  0.000000  0.000000  0.000000  0.000000  0.000000  0.000000
  0.000000  0.000000  0.000000  0.000000  0.000791  0.001013  0.001116  0.001188
  0.001258  0.001327  0.001396  0.001465  0.001534  0.001602  0.001669  0.001735
  0.001799  0.001861  0.001921  0.001975  0.002025  0.002070  0.002104  0.002123
  0.002128  0.002118  0.002094  0.002059  0.002010  0.001950  0.001879  0.001799
  0.001714  0.001624  0.001532  0.001440  0.001347  0.001255  0.001164  0.001076
  0.000992  0.000854  0.000000  0.000000  0.000000  0.000000  0.000000  0.000000
  0.000000  0.000000  0.000000
  1.000000  0.000000
  0.430238  0.430265  0.430283  0.430298  0.430311  0.430322  0.430330  0.430337
  0.430343  0.430348  0.430352  0.430355  0.430360  0.430365  0.430370  0.430377
  0.430384  0.430393  0.430403  0.430414  0.430426  0.430441  0.430457  0.430476
  0.430497  0.430521  0.430548  0.430579  0.430616  0.430659  0.430708  0.430761
  0.430816  0.430872  0.430926  0.430980  0.431032  0.431082  0.431130  0.431174
  0.431213  0.431247  0.431276  0.431300  0.431320  0.431335  0.431347  0.431356
  0.431361  0.431364  0.431365  0.431356  0.431346  0.431336  0.431325  0.431314
  0.431304  0.431296  0.431292
 ***************************************************************
 ************STARTING THE INPUT FOR EACH BLADE ROW**************
  BLADE ROW NUMBER =        3                                           
    NUMBER OF BLADES IN ROW 
       172
        JM        JLE       JTE 
        59        12        51
      KTIPSTART  KTIPEND 
         0         0
       BOUNDARY LAYER TRANSITION POINTS 
         0         0         0         0
  SET NEWGRID= 1 TO GENERATE A NEW GRID WITH DIFFERENT "J" POINTS AND SPACINGS.
         0
   RPMROW,    RPMHUB 
       0.0       0.0
       JROTHS    JROTHE    JROTTS    JROTTE 
         1         1         1         1
   PUPROW    PLEROW   PTEROW    PDROW 
 1038731.0 1038731.0  892695.9  892695.9
      NSECS_ROW   INSURF  
         3         0
  IF_CUSP_OUT   IFANGLES 
         1         0
         0         3         0
 ***************************************************************
  ROW NUMBER           3  SECTION NUMBER            1
           0           0           0  IF_DESIGN etc 
   1.00000   0.00000    0
  0.043260  0.044224  0.045008  0.045646  0.046165  0.046587  0.046931  0.047210
  0.047438  0.047623  0.047774  0.047896  0.048018  0.048151  0.048297  0.048456
  0.048630  0.048822  0.049033  0.049264  0.049518  0.049795  0.050097  0.050427
  0.050788  0.051184  0.051618  0.052098  0.052642  0.053255  0.053934  0.054667
  0.055414  0.056162  0.056904  0.057638  0.058377  0.059118  0.059857  0.060581
  0.061277  0.061940  0.062566  0.063158  0.063718  0.064246  0.064742  0.065206
  0.065637  0.066037  0.066404  0.066771  0.067186  0.067652  0.068178  0.068771
  0.069439  0.070191  0.071039
  1.000000  0.000000
 -0.002157 -0.002353 -0.002513 -0.002642 -0.002748 -0.002834 -0.002904 -0.002961
 -0.003007 -0.003045 -0.003075 -0.003100 -0.002735 -0.002624 -0.002595 -0.002599
 -0.002603 -0.002605 -0.002604 -0.002600 -0.002591 -0.002576 -0.002555 -0.002523
 -0.002481 -0.002425 -0.002350 -0.002253 -0.002124 -0.001955 -0.001737 -0.001467
 -0.001155 -0.000804 -0.000418  0.000000  0.000458  0.000954  0.001486  0.002043
  0.002612  0.003185  0.003753  0.004314  0.004867  0.005408  0.005933  0.006438
  0.006922  0.007326  0.007083  0.007567  0.008114  0.008729  0.009422  0.010204
  0.011085  0.012077  0.013195
  1.000000
  0.000000  0.000000  0.000000  0.000000  0.000000  0.000000  0.000000  0.000000
  0.000000  0.000000  0.000000  0.000000  0.000691  0.000874  0.000949  0.000992
  0.001037  0.001085  0.001136  0.001191  0.001250  0.001311  0.001376  0.001444
  0.001514  0.001587  0.001661  0.001736  0.001814  0.001890  0.001962  0.002024
  0.002070  0.002099  0.002112  0.002110  0.002090  0.002053  0.002001  0.001933
  0.001854  0.001765  0.001668  0.001567  0.001461  0.001352  0.001243  0.001134
  0.001027  0.000868  0.000000  0.000000  0.000000  0.000000  0.000000  0.000000
  0.000000  0.000000  0.000000
  1.000000  0.000000
  0.411104  0.411108  0.411106  0.411097  0.411087  0.411077  0.411067  0.411059
  0.411051  0.411045  0.411040  0.411035  0.411030  0.411025  0.411019  0.411012
  0.411004  0.410995  0.410985  0.410974  0.410961  0.410946  0.410930  0.410911
  0.410889  0.410865  0.410837  0.410805  0.410767  0.410723  0.410673  0.410617
  0.410558  0.410499  0.410439  0.410380  0.410320  0.410261  0.410204  0.410148
  0.410096  0.410049  0.410006  0.409967  0.409932  0.409901  0.409873  0.409849
  0.409828  0.409810  0.409794  0.409783  0.409771  0.409757  0.409741  0.409723
  0.409702  0.409677  0.409648
 ***************************************************************
  ROW NUMBER           3  SECTION NUMBER            2
           0           0           0  IF_DESIGN etc 
   1.00000   0.00000    0
  0.043269  0.044231  0.045014  0.045650  0.046168  0.046590  0.046933  0.047212
  0.047439  0.047624  0.047774  0.047896  0.048019  0.048151  0.048296  0.048455
  0.048630  0.048821  0.049032  0.049263  0.049517  0.049793  0.050095  0.050425
  0.050786  0.051182  0.051616  0.052096  0.052640  0.053253  0.053932  0.054666
  0.055413  0.056162  0.056904  0.057639  0.058378  0.059120  0.059858  0.060583
  0.061279  0.061942  0.062569  0.063161  0.063721  0.064248  0.064744  0.065207
  0.065638  0.066037  0.066404  0.066771  0.067184  0.067650  0.068175  0.068767
  0.069434  0.070185  0.071031
  1.000000  0.000000
 -0.002104 -0.002295 -0.002450 -0.002577 -0.002680 -0.002763 -0.002832 -0.002887
 -0.002932 -0.002969 -0.002999 -0.003023 -0.002661 -0.002552 -0.002523 -0.002527
 -0.002531 -0.002533 -0.002531 -0.002527 -0.002518 -0.002504 -0.002482 -0.002451
 -0.002410 -0.002355 -0.002282 -0.002187 -0.002062 -0.001897 -0.001686 -0.001424
 -0.001121 -0.000780 -0.000406  0.000000  0.000444  0.000925  0.001441  0.001981
  0.002533  0.003088  0.003638  0.004183  0.004719  0.005242  0.005751  0.006241
  0.006710  0.007100  0.006849  0.007320  0.007850  0.008448  0.009121  0.009880
  0.010735  0.011699  0.012785
  1.000000
  0.000000  0.000000  0.000000  0.000000  0.000000  0.000000  0.000000  0.000000
  0.000000  0.000000  0.000000  0.000000  0.000687  0.000868  0.000941  0.000983
  0.001028  0.001075  0.001127  0.001181  0.001239  0.001300  0.001364  0.001432
  0.001501  0.001573  0.001646  0.001721  0.001798  0.001874  0.001944  0.002006
  0.002052  0.002081  0.002094  0.002091  0.002071  0.002035  0.001983  0.001917
  0.001838  0.001749  0.001654  0.001553  0.001448  0.001340  0.001232  0.001124
  0.001018  0.000860  0.000000  0.000000  0.000000  0.000000  0.000000  0.000000
  0.000000  0.000000  0.000000
  1.000000  0.000000
  0.421200  0.421200  0.421200  0.421200  0.421200  0.421200  0.421200  0.421200
  0.421200  0.421200  0.421200  0.421200  0.421200  0.421200  0.421200  0.421200
  0.421200  0.421200  0.421200  0.421200  0.421200  0.421200  0.421200  0.421200
  0.421200  0.421200  0.421200  0.421200  0.421200  0.421200  0.421200  0.421200
  0.421200  0.421200  0.421200  0.421200  0.421200  0.421200  0.421200  0.421200
  0.421200  0.421200  0.421200  0.421200  0.421200  0.421200  0.421200  0.421200
  0.421200  0.421200  0.421200  0.421200  0.421200  0.421200  0.421200  0.421200
  0.421200  0.421200  0.421200
 ***************************************************************
  ROW NUMBER           3  SECTION NUMBER            3
           0           0           0  IF_DESIGN etc 
   1.00000   0.00000    0
  0.043260  0.044224  0.045008  0.045646  0.046165  0.046588  0.046931  0.047211
  0.047438  0.047623  0.047774  0.047897  0.048019  0.048152  0.048297  0.048456
  0.048631  0.048823  0.049033  0.049265  0.049518  0.049795  0.050097  0.050428
  0.050789  0.051184  0.051619  0.052098  0.052642  0.053256  0.053934  0.054668
  0.055415  0.056163  0.056904  0.057639  0.058378  0.059119  0.059857  0.060581
  0.061277  0.061940  0.062566  0.063159  0.063719  0.064247  0.064742  0.065206
  0.065638  0.066037  0.066404  0.066772  0.067186  0.067653  0.068179  0.068771
  0.069439  0.070192  0.071040
  1.000000  0.000000
 -0.002064 -0.002251 -0.002403 -0.002527 -0.002627 -0.002709 -0.002776 -0.002830
 -0.002875 -0.002911 -0.002940 -0.002964 -0.002602 -0.002495 -0.002468 -0.002471
 -0.002474 -0.002476 -0.002474 -0.002469 -0.002460 -0.002446 -0.002424 -0.002394
 -0.002353 -0.002299 -0.002228 -0.002135 -0.002012 -0.001851 -0.001645 -0.001389
 -0.001093 -0.000761 -0.000396  0.000000  0.000433  0.000902  0.001404  0.001931
  0.002469  0.003009  0.003546  0.004076  0.004598  0.005109  0.005604  0.006082
  0.006538  0.006916  0.006658  0.007117  0.007635  0.008218  0.008875  0.009616
  0.010451  0.011392  0.012453
  1.000000
  0.000000  0.000000  0.000000  0.000000  0.000000  0.000000  0.000000  0.000000
  0.000000  0.000000  0.000000  0.000000  0.000687  0.000866  0.000938  0.000980
  0.001024  0.001071  0.001122  0.001177  0.001234  0.001295  0.001359  0.001426
  0.001496  0.001567  0.001640  0.001714  0.001792  0.001866  0.001937  0.001999
  0.002044  0.002073  0.002086  0.002082  0.002064  0.002028  0.001976  0.001909
  0.001831  0.001743  0.001648  0.001547  0.001442  0.001335  0.001227  0.001120
  0.001014  0.000857  0.000000  0.000000  0.000000  0.000000  0.000000  0.000000
  0.000000  0.000000  0.000000
  1.000000  0.000000
  0.431296  0.431292  0.431294  0.431303  0.431313  0.431323  0.431333  0.431341
  0.431349  0.431355  0.431360  0.431365  0.431370  0.431375  0.431381  0.431388
  0.431396  0.431405  0.431415  0.431426  0.431439  0.431454  0.431470  0.431489
  0.431511  0.431535  0.431563  0.431595  0.431633  0.431677  0.431727  0.431783
  0.431842  0.431901  0.431961  0.432020  0.432080  0.432139  0.432197  0.432252
  0.432304  0.432351  0.432394  0.432433  0.432468  0.432499  0.432527  0.432551
  0.432572  0.432590  0.432606  0.432617  0.432629  0.432643  0.432659  0.432677
  0.432698  0.432723  0.432752
 ***************************************************************
 ************STARTING THE INPUT FOR EACH BLADE ROW**************
  BLADE ROW NUMBER =        4                                           
    NUMBER OF BLADES IN ROW 
       172
        JM        JLE       JTE 
        59        12        51
      KTIPSTART  KTIPEND 
         0         0
       BOUNDARY LAYER TRANSITION POINTS 
         0         0         0         0
  SET NEWGRID= 1 TO GENERATE A NEW GRID WITH DIFFERENT "J" POINTS AND SPACINGS.
         0
   RPMROW,    RPMHUB 
    6930.4    6930.4
       JROTHS    JROTHE    JROTTS    JROTTE 
         1         1         1         1
   PUPROW    PLEROW   PTEROW    PDROW 
  892695.9  892695.9  763556.8  763556.8
      NSECS_ROW   INSURF  
         3         0
  IF_CUSP_OUT   IFANGLES 
         1         0
         0         3         0
 ***************************************************************
  ROW NUMBER           4  SECTION NUMBER            1
           0           0           0  IF_DESIGN etc 
   1.00000   0.00000    0
  0.066381  0.067345  0.068130  0.068768  0.069288  0.069710  0.070054  0.070334
  0.070562  0.070747  0.070897  0.071020  0.071143  0.071276  0.071421  0.071580
  0.071755  0.071947  0.072158  0.072389  0.072643  0.072920  0.073222  0.073552
  0.073914  0.074309  0.074744  0.075224  0.075768  0.076382  0.077061  0.077794
  0.078542  0.079290  0.080032  0.080766  0.081505  0.082247  0.082985  0.083710
  0.084406  0.085069  0.085696  0.086288  0.086849  0.087377  0.087873  0.088337
  0.088769  0.089168  0.089536  0.089904  0.090318  0.090786  0.091312  0.091905
  0.092574  0.093328  0.094177
  1.000000  0.000000
 -0.001098 -0.000847 -0.000643 -0.000477 -0.000341 -0.000231 -0.000142 -0.000069
 -0.000010  0.000039  0.000078  0.000110  0.000469  0.000559  0.000629  0.000698
  0.000769  0.000839  0.000910  0.000980  0.001048  0.001113  0.001173  0.001227
  0.001271  0.001304  0.001320  0.001314  0.001279  0.001205  0.001078  0.000890
  0.000647  0.000348  0.000000 -0.000396 -0.000845 -0.001346 -0.001895 -0.002483
 -0.003093 -0.003716 -0.004340 -0.004964 -0.005582 -0.006192 -0.006787 -0.007363
 -0.007917 -0.008444 -0.009065 -0.009529 -0.010052 -0.010641 -0.011305 -0.012053
 -0.012896 -0.013845 -0.014916
  1.000000
  0.000000  0.000000  0.000000  0.000000  0.000000  0.000000  0.000000  0.000000
  0.000000  0.000000  0.000000  0.000000  0.000748  0.000958  0.001079  0.001152
  0.001220  0.001287  0.001354  0.001421  0.001488  0.001555  0.001620  0.001684
  0.001746  0.001807  0.001863  0.001916  0.001966  0.002009  0.002041  0.002061
  0.002066  0.002056  0.002032  0.001997  0.001951  0.001892  0.001824  0.001747
  0.001664  0.001577  0.001488  0.001398  0.001308  0.001219  0.001131  0.001045
  0.000963  0.000834  0.000000  0.000000  0.000000  0.000000  0.000000  0.000000
  0.000000  0.000000  0.000000
  1.000000  0.000000
  0.409795  0.409766  0.409743  0.409723  0.409707  0.409693  0.409682  0.409673
  0.409665  0.409658  0.409653  0.409649  0.409643  0.409636  0.409629  0.409620
  0.409610  0.409599  0.409586  0.409572  0.409555  0.409536  0.409515  0.409491
  0.409463  0.409432  0.409396  0.409355  0.409307  0.409251  0.409188  0.409118
  0.409046  0.408973  0.408902  0.408832  0.408763  0.408697  0.408633  0.408575
  0.408522  0.408476  0.408436  0.408402  0.408374  0.408352  0.408334  0.408320
  0.408310  0.408304  0.408300  0.408309  0.408319  0.408330  0.408342  0.408354
  0.408365  0.408376  0.408383
 ***************************************************************
  ROW NUMBER           4  SECTION NUMBER            2
           0           0           0  IF_DESIGN etc 
   1.00000   0.00000    0
  0.066393  0.067355  0.068138  0.068775  0.069294  0.069715  0.070058  0.070338
  0.070565  0.070749  0.070900  0.071022  0.071145  0.071277  0.071422  0.071581
  0.071756  0.071948  0.072158  0.072390  0.072643  0.072920  0.073222  0.073552
  0.073913  0.074309  0.074744  0.075223  0.075768  0.076382  0.077061  0.077795
  0.078543  0.079292  0.080034  0.080769  0.081509  0.082250  0.082989  0.083714
  0.084411  0.085074  0.085701  0.086293  0.086853  0.087381  0.087877  0.088341
  0.088772  0.089171  0.089538  0.089905  0.090319  0.090785  0.091310  0.091902
  0.092569  0.093320  0.094167
  1.000000  0.000000
 -0.000375 -0.000184 -0.000028  0.000098  0.000201  0.000285  0.000353  0.000409
  0.000454  0.000490  0.000520  0.000544  0.000913  0.001003  0.001065  0.001125
  0.001185  0.001244  0.001303  0.001360  0.001414  0.001463  0.001506  0.001542
  0.001566  0.001577  0.001570  0.001540  0.001477  0.001371  0.001212  0.000990
  0.000711  0.000380  0.000000 -0.000426 -0.000903 -0.001433 -0.002010 -0.002623
 -0.003257 -0.003901 -0.004545 -0.005185 -0.005820 -0.006443 -0.007051 -0.007639
 -0.008203 -0.008739 -0.009370 -0.009841 -0.010372 -0.010969 -0.011643 -0.012402
 -0.013258 -0.014222 -0.015309
  1.000000
  0.000000  0.000000  0.000000  0.000000  0.000000  0.000000  0.000000  0.000000
  0.000000  0.000000  0.000000  0.000000  0.000772  0.000988  0.001098  0.001170
  0.001238  0.001307  0.001375  0.001443  0.001511  0.001578  0.001644  0.001709
  0.001772  0.001833  0.001891  0.001946  0.001995  0.002038  0.002072  0.002092
  0.002096  0.002086  0.002063  0.002027  0.001980  0.001921  0.001851  0.001773
  0.001688  0.001600  0.001510  0.001418  0.001327  0.001236  0.001147  0.001060
  0.000977  0.000844  0.000000  0.000000  0.000000  0.000000  0.000000  0.000000
  0.000000  0.000000  0.000000
  1.000000  0.000000
  0.421200  0.421200  0.421200  0.421200  0.421200  0.421200  0.421200  0.421200
  0.421200  0.421200  0.421200  0.421200  0.421200  0.421200  0.421200  0.421200
  0.421200  0.421200  0.421200  0.421200  0.421200  0.421200  0.421200  0.421200
  0.421200  0.421200  0.421200  0.421200  0.421200  0.421200  0.421200  0.421200
  0.421200  0.421200  0.421200  0.421200  0.421200  0.421200  0.421200  0.421200
  0.421200  0.421200  0.421200  0.421200  0.421200  0.421200  0.421200  0.421200
  0.421200  0.421200  0.421200  0.421200  0.421200  0.421200  0.421200  0.421200
  0.421200  0.421200  0.421200
 ***************************************************************
  ROW NUMBER           4  SECTION NUMBER            3
           0           0           0  IF_DESIGN etc 
   1.00000   0.00000    0
  0.066385  0.067350  0.068134  0.068773  0.069292  0.069715  0.070059  0.070338
  0.070566  0.070751  0.070902  0.071024  0.071147  0.071280  0.071425  0.071584
  0.071759  0.071951  0.072162  0.072394  0.072647  0.072924  0.073226  0.073557
  0.073918  0.074314  0.074748  0.075228  0.075772  0.076386  0.077065  0.077799
  0.078546  0.079294  0.080036  0.080770  0.081510  0.082251  0.082990  0.083714
  0.084410  0.085073  0.085700  0.086292  0.086853  0.087381  0.087877  0.088341
  0.088773  0.089173  0.089540  0.089908  0.090323  0.090790  0.091316  0.091910
  0.092578  0.093332  0.094181
  1.000000  0.000000
  0.000319  0.000453  0.000562  0.000650  0.000722  0.000781  0.000829  0.000868
  0.000899  0.000925  0.000946  0.000963  0.001345  0.001440  0.001494  0.001546
  0.001597  0.001646  0.001693  0.001737  0.001777  0.001812  0.001839  0.001857
  0.001862  0.001852  0.001823  0.001768  0.001678  0.001542  0.001350  0.001092
  0.000779  0.000413  0.000000 -0.000457 -0.000967 -0.001527 -0.002134 -0.002776
 -0.003436 -0.004105 -0.004772 -0.005433 -0.006087 -0.006728 -0.007352 -0.007955
 -0.008532 -0.009080 -0.009689 -0.010170 -0.010711 -0.011321 -0.012009 -0.012783
 -0.013657 -0.014641 -0.015750
  1.000000
  0.000000  0.000000  0.000000  0.000000  0.000000  0.000000  0.000000  0.000000
  0.000000  0.000000  0.000000  0.000000  0.000798  0.001021  0.001123  0.001194
  0.001265  0.001334  0.001404  0.001473  0.001542  0.001611  0.001678  0.001744
  0.001809  0.001871  0.001931  0.001986  0.002036  0.002081  0.002115  0.002135
  0.002139  0.002129  0.002105  0.002070  0.002021  0.001960  0.001889  0.001809
  0.001723  0.001633  0.001541  0.001447  0.001354  0.001261  0.001170  0.001082
  0.000997  0.000857  0.000000  0.000000  0.000000  0.000000  0.000000  0.000000
  0.000000  0.000000  0.000000
  1.000000  0.000000
  0.432605  0.432634  0.432657  0.432677  0.432693  0.432707  0.432718  0.432728
  0.432735  0.432742  0.432747  0.432751  0.432757  0.432764  0.432772  0.432780
  0.432790  0.432801  0.432814  0.432829  0.432845  0.432864  0.432885  0.432910
  0.432937  0.432969  0.433004  0.433045  0.433093  0.433149  0.433212  0.433283
  0.433355  0.433427  0.433499  0.433569  0.433637  0.433704  0.433767  0.433826
  0.433878  0.433925  0.433964  0.433998  0.434026  0.434049  0.434067  0.434080
  0.434090  0.434096  0.434100  0.434091  0.434081  0.434070  0.434058  0.434046
  0.434034  0.434024  0.434017
 ***************************************************************
 ************STARTING THE INPUT FOR EACH BLADE ROW**************
  BLADE ROW NUMBER =        5                                           
    NUMBER OF BLADES IN ROW 
       171
        JM        JLE       JTE 
        59        12        51
      KTIPSTART  KTIPEND 
         0         0
       BOUNDARY LAYER TRANSITION POINTS 
         0         0         0         0
  SET NEWGRID= 1 TO GENERATE A NEW GRID WITH DIFFERENT "J" POINTS AND SPACINGS.
         0
   RPMROW,    RPMHUB 
       0.0       0.0
       JROTHS    JROTHE    JROTTS    JROTTE 
         1         1         1         1
   PUPROW    PLEROW   PTEROW    PDROW 
  763556.8  763556.8  649031.0  649031.0
      NSECS_ROW   INSURF  
         3         0
  IF_CUSP_OUT   IFANGLES 
         1         0
         0         3         0
 ***************************************************************
  ROW NUMBER           5  SECTION NUMBER            1
           0           0           0  IF_DESIGN etc 
   1.00000   0.00000    0
  0.094120  0.095086  0.095872  0.096511  0.097032  0.097455  0.097799  0.098079
  0.098307  0.098492  0.098643  0.098766  0.098889  0.099022  0.099167  0.099326
  0.099501  0.099693  0.099904  0.100136  0.100390  0.100667  0.100969  0.101300
  0.101661  0.102057  0.102492  0.102971  0.103515  0.104129  0.104808  0.105541
  0.106288  0.107036  0.107778  0.108512  0.109251  0.109992  0.110730  0.111454
  0.112151  0.112814  0.113440  0.114033  0.114593  0.115122  0.115618  0.116082
  0.116514  0.116914  0.117282  0.117650  0.118065  0.118533  0.119060  0.119653
  0.120323  0.121076  0.121926
  1.000000  0.000000
 -0.002177 -0.002375 -0.002536 -0.002667 -0.002773 -0.002860 -0.002930 -0.002988
 -0.003034 -0.003072 -0.003103 -0.003128 -0.002762 -0.002650 -0.002620 -0.002625
 -0.002629 -0.002631 -0.002630 -0.002626 -0.002617 -0.002602 -0.002581 -0.002549
 -0.002506 -0.002449 -0.002375 -0.002276 -0.002146 -0.001975 -0.001755 -0.001483
 -0.001167 -0.000813 -0.000423  0.000000  0.000463  0.000964  0.001501  0.002065
  0.002640  0.003218  0.003792  0.004360  0.004919  0.005465  0.005995  0.006507
  0.006995  0.007404  0.007163  0.007652  0.008204  0.008825  0.009526  0.010315
  0.011204  0.012207  0.013336
  1.000000
  0.000000  0.000000  0.000000  0.000000  0.000000  0.000000  0.000000  0.000000
  0.000000  0.000000  0.000000  0.000000  0.000693  0.000877  0.000953  0.000996
  0.001041  0.001089  0.001141  0.001196  0.001255  0.001317  0.001382  0.001450
  0.001521  0.001593  0.001668  0.001744  0.001822  0.001898  0.001970  0.002033
  0.002078  0.002108  0.002121  0.002119  0.002099  0.002062  0.002009  0.001941
  0.001862  0.001772  0.001676  0.001573  0.001467  0.001358  0.001248  0.001139
  0.001031  0.000871  0.000000  0.000000  0.000000  0.000000  0.000000  0.000000
  0.000000  0.000000  0.000000
  1.000000  0.000000
  0.408383  0.408384  0.408376  0.408362  0.408347  0.408332  0.408319  0.408307
  0.408297  0.408288  0.408281  0.408275  0.408268  0.408261  0.408252  0.408243
  0.408232  0.408220  0.408206  0.408190  0.408173  0.408152  0.408130  0.408104
  0.408074  0.408041  0.408003  0.407959  0.407908  0.407848  0.407780  0.407703
  0.407624  0.407544  0.407463  0.407383  0.407303  0.407223  0.407145  0.407070
  0.407001  0.406937  0.406879  0.406826  0.406779  0.406737  0.406700  0.406667
  0.406639  0.406614  0.406593  0.406578  0.406562  0.406543  0.406522  0.406497
  0.406469  0.406435  0.406395
 ***************************************************************
  ROW NUMBER           5  SECTION NUMBER            2
           0           0           0  IF_DESIGN etc 
   1.00000   0.00000    0
  0.094137  0.095099  0.095882  0.096519  0.097038  0.097459  0.097802  0.098082
  0.098309  0.098494  0.098644  0.098766  0.098889  0.099021  0.099166  0.099325
  0.099500  0.099692  0.099902  0.100134  0.100387  0.100664  0.100966  0.101296
  0.101658  0.102053  0.102488  0.102967  0.103512  0.104126  0.104805  0.105539
  0.106287  0.107036  0.107778  0.108513  0.109253  0.109995  0.110734  0.111458
  0.112155  0.112818  0.113445  0.114037  0.114597  0.115125  0.115621  0.116085
  0.116516  0.116915  0.117282  0.117649  0.118063  0.118529  0.119054  0.119646
  0.120313  0.121064  0.121911
  1.000000  0.000000
 -0.002105 -0.002296 -0.002452 -0.002578 -0.002681 -0.002765 -0.002833 -0.002888
 -0.002933 -0.002970 -0.003000 -0.003024 -0.002662 -0.002553 -0.002525 -0.002528
 -0.002532 -0.002534 -0.002533 -0.002528 -0.002519 -0.002505 -0.002483 -0.002452
 -0.002411 -0.002356 -0.002283 -0.002188 -0.002063 -0.001898 -0.001687 -0.001424
 -0.001121 -0.000780 -0.000406  0.000000  0.000444  0.000926  0.001441  0.001982
  0.002534  0.003089  0.003640  0.004185  0.004721  0.005245  0.005753  0.006244
  0.006713  0.007103  0.006852  0.007323  0.007854  0.008451  0.009125  0.009884
  0.010740  0.011704  0.012791
  1.000000
  0.000000  0.000000  0.000000  0.000000  0.000000  0.000000  0.000000  0.000000
  0.000000  0.000000  0.000000  0.000000  0.000687  0.000868  0.000942  0.000984
  0.001028  0.001076  0.001127  0.001182  0.001240  0.001301  0.001365  0.001432
  0.001502  0.001574  0.001647  0.001722  0.001799  0.001874  0.001945  0.002007
  0.002053  0.002082  0.002095  0.002092  0.002072  0.002036  0.001984  0.001917
  0.001839  0.001750  0.001655  0.001554  0.001449  0.001341  0.001233  0.001125
  0.001018  0.000860  0.000000  0.000000  0.000000  0.000000  0.000000  0.000000
  0.000000  0.000000  0.000000
  1.000000  0.000000
  0.421200  0.421200  0.421200  0.421200  0.421200  0.421200  0.421200  0.421200
  0.421200  0.421200  0.421200  0.421200  0.421200  0.421200  0.421200  0.421200
  0.421200  0.421200  0.421200  0.421200  0.421200  0.421200  0.421200  0.421200
  0.421200  0.421200  0.421200  0.421200  0.421200  0.421200  0.421200  0.421200
  0.421200  0.421200  0.421200  0.421200  0.421200  0.421200  0.421200  0.421200
  0.421200  0.421200  0.421200  0.421200  0.421200  0.421200  0.421200  0.421200
  0.421200  0.421200  0.421200  0.421200  0.421200  0.421200  0.421200  0.421200
  0.421200  0.421200  0.421200
 ***************************************************************
  ROW NUMBER           5  SECTION NUMBER            3
           0           0           0  IF_DESIGN etc 
   1.00000   0.00000    0
  0.094120  0.095087  0.095873  0.096512  0.097032  0.097455  0.097800  0.098080
  0.098308  0.098493  0.098644  0.098767  0.098889  0.099022  0.099168  0.099327
  0.099502  0.099694  0.099905  0.100137  0.100390  0.100667  0.100970  0.101300
  0.101662  0.102057  0.102492  0.102972  0.103516  0.104130  0.104808  0.105542
  0.106289  0.107037  0.107778  0.108513  0.109251  0.109993  0.110731  0.111455
  0.112151  0.112814  0.113441  0.114033  0.114594  0.115122  0.115619  0.116083
  0.116515  0.116915  0.117283  0.117651  0.118066  0.118533  0.119060  0.119654
  0.120323  0.121077  0.121927
  1.000000  0.000000
 -0.002055 -0.002242 -0.002393 -0.002517 -0.002617 -0.002699 -0.002765 -0.002819
 -0.002863 -0.002899 -0.002928 -0.002952 -0.002591 -0.002484 -0.002456 -0.002460
 -0.002463 -0.002464 -0.002462 -0.002457 -0.002448 -0.002434 -0.002412 -0.002382
 -0.002341 -0.002287 -0.002216 -0.002124 -0.002002 -0.001841 -0.001636 -0.001381
 -0.001087 -0.000757 -0.000394  0.000000  0.000431  0.000897  0.001397  0.001920
  0.002455  0.002993  0.003527  0.004054  0.004573  0.005081  0.005573  0.006048
  0.006502  0.006878  0.006617  0.007074  0.007589  0.008169  0.008823  0.009561
  0.010391  0.011328  0.012383
  1.000000
  0.000000  0.000000  0.000000  0.000000  0.000000  0.000000  0.000000  0.000000
  0.000000  0.000000  0.000000  0.000000  0.000688  0.000867  0.000939  0.000980
  0.001024  0.001072  0.001123  0.001178  0.001235  0.001296  0.001360  0.001427
  0.001497  0.001568  0.001641  0.001715  0.001793  0.001868  0.001938  0.002000
  0.002045  0.002074  0.002087  0.002084  0.002065  0.002029  0.001977  0.001910
  0.001832  0.001744  0.001649  0.001548  0.001443  0.001336  0.001228  0.001121
  0.001015  0.000857  0.000000  0.000000  0.000000  0.000000  0.000000  0.000000
  0.000000  0.000000  0.000000
  1.000000  0.000000
  0.434017  0.434016  0.434024  0.434038  0.434053  0.434068  0.434081  0.434093
  0.434103  0.434112  0.434119  0.434125  0.434132  0.434139  0.434148  0.434157
  0.434168  0.434180  0.434194  0.434210  0.434227  0.434248  0.434270  0.434296
  0.434326  0.434359  0.434397  0.434441  0.434492  0.434552  0.434621  0.434697
  0.434776  0.434856  0.434937  0.435017  0.435097  0.435177  0.435255  0.435330
  0.435399  0.435463  0.435521  0.435574  0.435621  0.435663  0.435700  0.435733
  0.435761  0.435786  0.435807  0.435822  0.435838  0.435857  0.435878  0.435903
  0.435932  0.435965  0.436005
 ***************************************************************
 ************STARTING THE INPUT FOR EACH BLADE ROW**************
  BLADE ROW NUMBER =        6                                           
    NUMBER OF BLADES IN ROW 
       171
        JM        JLE       JTE 
        59        12        51
      KTIPSTART  KTIPEND 
         0         0
       BOUNDARY LAYER TRANSITION POINTS 
         0         0         0         0
  SET NEWGRID= 1 TO GENERATE A NEW GRID WITH DIFFERENT "J" POINTS AND SPACINGS.
         0
   RPMROW,    RPMHUB 
    6930.4    6930.4
       JROTHS    JROTHE    JROTTS    JROTTE 
         1         1         1         1
   PUPROW    PLEROW   PTEROW    PDROW 
  649031.0  649031.0  548670.1  548670.1
      NSECS_ROW   INSURF  
         3         0
  IF_CUSP_OUT   IFANGLES 
         1         0
         0         3         0
 ***************************************************************
  ROW NUMBER           6  SECTION NUMBER            1
           0           0           0  IF_DESIGN etc 
   1.00000   0.00000    0
  0.117239  0.118206  0.118993  0.119633  0.120154  0.120578  0.120923  0.121203
  0.121431  0.121617  0.121768  0.121891  0.122014  0.122147  0.122293  0.122452
  0.122627  0.122819  0.123031  0.123263  0.123517  0.123794  0.124097  0.124427
  0.124789  0.125185  0.125620  0.126100  0.126645  0.127259  0.127938  0.128672
  0.129419  0.130168  0.130909  0.131644  0.132383  0.133125  0.133863  0.134588
  0.135285  0.135948  0.136575  0.137168  0.137729  0.138258  0.138755  0.139220
  0.139652  0.140053  0.140421  0.140790  0.141206  0.141674  0.142202  0.142797
  0.143468  0.144224  0.145076
  1.000000  0.000000
 -0.001310 -0.001041 -0.000822 -0.000644 -0.000499 -0.000381 -0.000285 -0.000207
 -0.000144 -0.000092 -0.000050 -0.000016  0.000342  0.000432  0.000504  0.000577
  0.000650  0.000724  0.000799  0.000872  0.000945  0.001015  0.001080  0.001139
  0.001189  0.001228  0.001251  0.001252  0.001226  0.001160  0.001042  0.000864
  0.000630  0.000340  0.000000 -0.000388 -0.000830 -0.001324 -0.001867 -0.002448
 -0.003054 -0.003671 -0.004292 -0.004912 -0.005527 -0.006133 -0.006726 -0.007300
 -0.007853 -0.008378 -0.008998 -0.009461 -0.009983 -0.010571 -0.011233 -0.011980
 -0.012821 -0.013769 -0.014837
  1.000000
  0.000000  0.000000  0.000000  0.000000  0.000000  0.000000  0.000000  0.000000
  0.000000  0.000000  0.000000  0.000000  0.000744  0.000953  0.001076  0.001150
  0.001218  0.001285  0.001352  0.001419  0.001485  0.001552  0.001617  0.001681
  0.001743  0.001803  0.001861  0.001913  0.001962  0.002006  0.002038  0.002058
  0.002063  0.002053  0.002029  0.001994  0.001948  0.001889  0.001821  0.001744
  0.001661  0.001574  0.001486  0.001396  0.001306  0.001217  0.001129  0.001044
  0.000962  0.000834  0.000000  0.000000  0.000000  0.000000  0.000000  0.000000
  0.000000  0.000000  0.000000
  1.000000  0.000000
  0.406595  0.406556  0.406525  0.406498  0.406476  0.406457  0.406442  0.406429
  0.406419  0.406410  0.406403  0.406397  0.406389  0.406379  0.406369  0.406357
  0.406344  0.406329  0.406311  0.406291  0.406269  0.406243  0.406214  0.406180
  0.406143  0.406100  0.406051  0.405995  0.405929  0.405852  0.405765  0.405669
  0.405570  0.405470  0.405372  0.405276  0.405181  0.405089  0.405002  0.404920
  0.404847  0.404783  0.404727  0.404680  0.404640  0.404608  0.404582  0.404562
  0.404547  0.404537  0.404531  0.404542  0.404554  0.404567  0.404581  0.404596
  0.404610  0.404623  0.404632
 ***************************************************************
  ROW NUMBER           6  SECTION NUMBER            2
           0           0           0  IF_DESIGN etc 
   1.00000   0.00000    0
  0.117261  0.118224  0.119008  0.119645  0.120164  0.120586  0.120929  0.121208
  0.121436  0.121621  0.121771  0.121894  0.122016  0.122149  0.122294  0.122453
  0.122628  0.122820  0.123031  0.123262  0.123516  0.123793  0.124095  0.124426
  0.124787  0.125183  0.125618  0.126098  0.126643  0.127257  0.127937  0.128671
  0.129420  0.130169  0.130912  0.131648  0.132388  0.133130  0.133870  0.134595
  0.135292  0.135956  0.136583  0.137176  0.137737  0.138265  0.138761  0.139225
  0.139657  0.140056  0.140424  0.140791  0.141205  0.141671  0.142197  0.142789
  0.143457  0.144209  0.145056
  1.000000  0.000000
 -0.000375 -0.000184 -0.000028  0.000098  0.000201  0.000285  0.000353  0.000409
  0.000454  0.000491  0.000521  0.000545  0.000914  0.001004  0.001066  0.001126
  0.001186  0.001245  0.001304  0.001361  0.001415  0.001464  0.001507  0.001543
  0.001568  0.001578  0.001571  0.001541  0.001479  0.001372  0.001213  0.000991
  0.000712  0.000380  0.000000 -0.000426 -0.000904 -0.001434 -0.002011 -0.002625
 -0.003259 -0.003904 -0.004548 -0.005189 -0.005824 -0.006448 -0.007056 -0.007645
 -0.008209 -0.008746 -0.009377 -0.009848 -0.010379 -0.010978 -0.011652 -0.012412
 -0.013268 -0.014233 -0.015320
  1.000000
  0.000000  0.000000  0.000000  0.000000  0.000000  0.000000  0.000000  0.000000
  0.000000  0.000000  0.000000  0.000000  0.000773  0.000988  0.001099  0.001171
  0.001239  0.001308  0.001376  0.001444  0.001512  0.001579  0.001645  0.001711
  0.001774  0.001834  0.001892  0.001947  0.001997  0.002040  0.002073  0.002094
  0.002098  0.002087  0.002065  0.002029  0.001982  0.001922  0.001853  0.001774
  0.001690  0.001601  0.001511  0.001420  0.001328  0.001237  0.001148  0.001061
  0.000978  0.000844  0.000000  0.000000  0.000000  0.000000  0.000000  0.000000
  0.000000  0.000000  0.000000
  1.000000  0.000000
  0.421200  0.421200  0.421200  0.421200  0.421200  0.421200  0.421200  0.421200
  0.421200  0.421200  0.421200  0.421200  0.421200  0.421200  0.421200  0.421200
  0.421200  0.421200  0.421200  0.421200  0.421200  0.421200  0.421200  0.421200
  0.421200  0.421200  0.421200  0.421200  0.421200  0.421200  0.421200  0.421200
  0.421200  0.421200  0.421200  0.421200  0.421200  0.421200  0.421200  0.421200
  0.421200  0.421200  0.421200  0.421200  0.421200  0.421200  0.421200  0.421200
  0.421200  0.421200  0.421200  0.421200  0.421200  0.421200  0.421200  0.421200
  0.421200  0.421200  0.421200
 ***************************************************************
  ROW NUMBER           6  SECTION NUMBER            3
           0           0           0  IF_DESIGN etc 
   1.00000   0.00000    0
  0.117245  0.118212  0.118999  0.119639  0.120160  0.120583  0.120928  0.121209
  0.121437  0.121622  0.121774  0.121896  0.122019  0.122152  0.122298  0.122457
  0.122632  0.122825  0.123036  0.123268  0.123522  0.123799  0.124102  0.124433
  0.124795  0.125191  0.125626  0.126106  0.126650  0.127264  0.127943  0.128677
  0.129425  0.130173  0.130915  0.131649  0.132389  0.133130  0.133869  0.134593
  0.135290  0.135953  0.136581  0.137173  0.137734  0.138263  0.138760  0.139225
  0.139658  0.140058  0.140426  0.140795  0.141211  0.141680  0.142208  0.142803
  0.143474  0.144230  0.145082
  1.000000  0.000000
  0.000509  0.000628  0.000724  0.000802  0.000866  0.000918  0.000960  0.000995
  0.001023  0.001045  0.001064  0.001079  0.001467  0.001564  0.001617  0.001667
  0.001714  0.001761  0.001805  0.001845  0.001882  0.001913  0.001935  0.001948
  0.001948  0.001933  0.001897  0.001835  0.001737  0.001593  0.001391  0.001123
  0.000798  0.000422  0.000000 -0.000468 -0.000988 -0.001559 -0.002175 -0.002827
 -0.003497 -0.004174 -0.004849 -0.005519 -0.006180 -0.006828 -0.007458 -0.008066
 -0.008649 -0.009202 -0.009816 -0.010300 -0.010846 -0.011462 -0.012155 -0.012936
 -0.013817 -0.014809 -0.015927
  1.000000
  0.000000  0.000000  0.000000  0.000000  0.000000  0.000000  0.000000  0.000000
  0.000000  0.000000  0.000000  0.000000  0.000807  0.001032  0.001132  0.001205
  0.001275  0.001345  0.001415  0.001485  0.001555  0.001624  0.001692  0.001759
  0.001824  0.001887  0.001947  0.002002  0.002053  0.002099  0.002132  0.002152
  0.002157  0.002147  0.002124  0.002087  0.002037  0.001976  0.001905  0.001824
  0.001737  0.001646  0.001553  0.001459  0.001365  0.001272  0.001180  0.001091
  0.001005  0.000863  0.000000  0.000000  0.000000  0.000000  0.000000  0.000000
  0.000000  0.000000  0.000000
  1.000000  0.000000
  0.435805  0.435844  0.435876  0.435902  0.435925  0.435943  0.435958  0.435971
  0.435982  0.435990  0.435997  0.436003  0.436012  0.436021  0.436031  0.436043
  0.436057  0.436072  0.436089  0.436109  0.436132  0.436158  0.436187  0.436220
  0.436258  0.436301  0.436350  0.436406  0.436472  0.436548  0.436635  0.436731
  0.436830  0.436930  0.437029  0.437125  0.437220  0.437311  0.437399  0.437480
  0.437554  0.437618  0.437674  0.437721  0.437760  0.437793  0.437819  0.437838
  0.437853  0.437863  0.437869  0.437858  0.437846  0.437833  0.437819  0.437804
  0.437790  0.437777  0.437768
 ***************************************************************
 ************STARTING THE INPUT FOR EACH BLADE ROW**************
  BLADE ROW NUMBER =        7                                           
    NUMBER OF BLADES IN ROW 
       171
        JM        JLE       JTE 
        59        12        51
      KTIPSTART  KTIPEND 
         0         0
       BOUNDARY LAYER TRANSITION POINTS 
         0         0         0         0
  SET NEWGRID= 1 TO GENERATE A NEW GRID WITH DIFFERENT "J" POINTS AND SPACINGS.
         0
   RPMROW,    RPMHUB 
       0.0       0.0
       JROTHS    JROTHE    JROTTS    JROTTE 
         1         1         1         1
   PUPROW    PLEROW   PTEROW    PDROW 
  548670.1  548670.1  460480.4  460480.4
      NSECS_ROW   INSURF  
         3         0
  IF_CUSP_OUT   IFANGLES 
         1         0
         0         3         0
 ***************************************************************
  ROW NUMBER           7  SECTION NUMBER            1
           0           0           0  IF_DESIGN etc 
   1.00000   0.00000    0
  0.144967  0.145938  0.146727  0.147369  0.147892  0.148317  0.148662  0.148944
  0.149172  0.149358  0.149510  0.149633  0.149756  0.149889  0.150035  0.150195
  0.150370  0.150563  0.150774  0.151006  0.151261  0.151538  0.151841  0.152172
  0.152534  0.152930  0.153365  0.153845  0.154389  0.155003  0.155682  0.156416
  0.157162  0.157910  0.158652  0.159386  0.160124  0.160865  0.161603  0.162328
  0.163024  0.163687  0.164314  0.164907  0.165469  0.165998  0.166495  0.166960
  0.167393  0.167794  0.168163  0.168533  0.168949  0.169419  0.169948  0.170544
  0.171215  0.171972  0.172824
  1.000000  0.000000
 -0.002209 -0.002410 -0.002573 -0.002706 -0.002814 -0.002901 -0.002973 -0.003031
 -0.003078 -0.003117 -0.003148 -0.003173 -0.002805 -0.002691 -0.002661 -0.002665
 -0.002670 -0.002672 -0.002671 -0.002667 -0.002658 -0.002643 -0.002621 -0.002589
 -0.002546 -0.002488 -0.002412 -0.002313 -0.002181 -0.002007 -0.001784 -0.001507
 -0.001186 -0.000825 -0.000430  0.000000  0.000470  0.000980  0.001526  0.002098
  0.002683  0.003271  0.003854  0.004431  0.004999  0.005554  0.006093  0.006612
  0.007109  0.007525  0.007286  0.007783  0.008343  0.008974  0.009686  0.010487
  0.011390  0.012408  0.013554
  1.000000
  0.000000  0.000000  0.000000  0.000000  0.000000  0.000000  0.000000  0.000000
  0.000000  0.000000  0.000000  0.000000  0.000697  0.000883  0.000960  0.001003
  0.001048  0.001097  0.001149  0.001205  0.001264  0.001327  0.001392  0.001461
  0.001532  0.001605  0.001680  0.001757  0.001835  0.001912  0.001984  0.002047
  0.002094  0.002124  0.002137  0.002134  0.002114  0.002077  0.002024  0.001956
  0.001875  0.001785  0.001688  0.001585  0.001478  0.001368  0.001257  0.001147
  0.001039  0.000878  0.000000  0.000000  0.000000  0.000000  0.000000  0.000000
  0.000000  0.000000  0.000000
  1.000000  0.000000
  0.404631  0.404632  0.404621  0.404601  0.404580  0.404560  0.404542  0.404525
  0.404511  0.404500  0.404489  0.404481  0.404472  0.404461  0.404449  0.404436
  0.404421  0.404404  0.404385  0.404363  0.404338  0.404310  0.404278  0.404242
  0.404201  0.404154  0.404101  0.404040  0.403969  0.403885  0.403790  0.403683
  0.403573  0.403461  0.403348  0.403237  0.403125  0.403014  0.402905  0.402801
  0.402704  0.402615  0.402534  0.402461  0.402395  0.402336  0.402285  0.402239
  0.402199  0.402165  0.402136  0.402116  0.402093  0.402067  0.402037  0.402003
  0.401963  0.401916  0.401860
 ***************************************************************
  ROW NUMBER           7  SECTION NUMBER            2
           0           0           0  IF_DESIGN etc 
   1.00000   0.00000    0
  0.145001  0.145964  0.146747  0.147385  0.147903  0.148325  0.148669  0.148948
  0.149175  0.149360  0.149511  0.149633  0.149756  0.149889  0.150034  0.150193
  0.150367  0.150559  0.150770  0.151002  0.151256  0.151532  0.151835  0.152165
  0.152527  0.152923  0.153358  0.153838  0.154382  0.154997  0.155676  0.156411
  0.157159  0.157909  0.158652  0.159387  0.160128  0.160870  0.161610  0.162335
  0.163032  0.163696  0.164323  0.164916  0.165476  0.166005  0.166501  0.166965
  0.167396  0.167796  0.168163  0.168530  0.168944  0.169411  0.169936  0.170529
  0.171196  0.171948  0.172796
  1.000000  0.000000
 -0.002106 -0.002298 -0.002453 -0.002580 -0.002683 -0.002767 -0.002835 -0.002890
 -0.002936 -0.002972 -0.003002 -0.003027 -0.002664 -0.002555 -0.002526 -0.002530
 -0.002534 -0.002536 -0.002534 -0.002530 -0.002521 -0.002507 -0.002485 -0.002454
 -0.002413 -0.002357 -0.002285 -0.002190 -0.002064 -0.001900 -0.001688 -0.001425
 -0.001122 -0.000781 -0.000406  0.000000  0.000445  0.000926  0.001442  0.001983
  0.002536  0.003091  0.003643  0.004188  0.004724  0.005249  0.005758  0.006249
  0.006718  0.007108  0.006857  0.007329  0.007859  0.008458  0.009132  0.009892
  0.010748  0.011713  0.012800
  1.000000
  0.000000  0.000000  0.000000  0.000000  0.000000  0.000000  0.000000  0.000000
  0.000000  0.000000  0.000000  0.000000  0.000688  0.000869  0.000942  0.000984
  0.001029  0.001077  0.001128  0.001183  0.001241  0.001302  0.001366  0.001434
  0.001503  0.001575  0.001648  0.001723  0.001800  0.001876  0.001946  0.002009
  0.002054  0.002083  0.002096  0.002094  0.002074  0.002038  0.001986  0.001919
  0.001840  0.001751  0.001656  0.001555  0.001450  0.001342  0.001233  0.001125
  0.001019  0.000861  0.000000  0.000000  0.000000  0.000000  0.000000  0.000000
  0.000000  0.000000  0.000000
  1.000000  0.000000
  0.421200  0.421200  0.421200  0.421200  0.421200  0.421200  0.421200  0.421200
  0.421200  0.421200  0.421200  0.421200  0.421200  0.421200  0.421200  0.421200
  0.421200  0.421200  0.421200  0.421200  0.421200  0.421200  0.421200  0.421200
  0.421200  0.421200  0.421200  0.421200  0.421200  0.421200  0.421200  0.421200
  0.421200  0.421200  0.421200  0.421200  0.421200  0.421200  0.421200  0.421200
  0.421200  0.421200  0.421200  0.421200  0.421200  0.421200  0.421200  0.421200
  0.421200  0.421200  0.421200  0.421200  0.421200  0.421200  0.421200  0.421200
  0.421200  0.421200  0.421200
 ***************************************************************
  ROW NUMBER           7  SECTION NUMBER            3
           0           0           0  IF_DESIGN etc 
   1.00000   0.00000    0
  0.144968  0.145939  0.146728  0.147370  0.147893  0.148317  0.148663  0.148944
  0.149173  0.149359  0.149511  0.149634  0.149757  0.149890  0.150036  0.150196
  0.150371  0.150563  0.150775  0.151007  0.151261  0.151539  0.151842  0.152173
  0.152535  0.152931  0.153366  0.153846  0.154390  0.155004  0.155683  0.156416
  0.157163  0.157911  0.158652  0.159386  0.160125  0.160866  0.161604  0.162328
  0.163025  0.163688  0.164315  0.164908  0.165469  0.165998  0.166496  0.166961
  0.167394  0.167795  0.168164  0.168533  0.168950  0.169419  0.169948  0.170544
  0.171216  0.171973  0.172825
  1.000000  0.000000
 -0.002047 -0.002232 -0.002383 -0.002506 -0.002606 -0.002688 -0.002754 -0.002808
 -0.002852 -0.002887 -0.002916 -0.002940 -0.002578 -0.002471 -0.002443 -0.002447
 -0.002450 -0.002451 -0.002449 -0.002444 -0.002435 -0.002421 -0.002399 -0.002369
 -0.002328 -0.002274 -0.002204 -0.002112 -0.001990 -0.001831 -0.001627 -0.001373
 -0.001081 -0.000752 -0.000392  0.000000  0.000428  0.000892  0.001388  0.001909
  0.002440  0.002975  0.003505  0.004029  0.004545  0.005050  0.005539  0.006011
  0.006462  0.006836  0.006570  0.007024  0.007537  0.008114  0.008765  0.009498
  0.010324  0.011256  0.012306
  1.000000
  0.000000  0.000000  0.000000  0.000000  0.000000  0.000000  0.000000  0.000000
  0.000000  0.000000  0.000000  0.000000  0.000690  0.000869  0.000941  0.000983
  0.001027  0.001075  0.001126  0.001180  0.001238  0.001299  0.001363  0.001431
  0.001500  0.001572  0.001645  0.001719  0.001797  0.001872  0.001942  0.002004
  0.002050  0.002079  0.002092  0.002089  0.002070  0.002034  0.001982  0.001915
  0.001836  0.001748  0.001653  0.001552  0.001447  0.001339  0.001231  0.001123
  0.001017  0.000859  0.000000  0.000000  0.000000  0.000000  0.000000  0.000000
  0.000000  0.000000  0.000000
  1.000000  0.000000
  0.437769  0.437768  0.437779  0.437799  0.437820  0.437840  0.437858  0.437875
  0.437889  0.437901  0.437911  0.437919  0.437928  0.437939  0.437951  0.437964
  0.437979  0.437996  0.438015  0.438037  0.438062  0.438090  0.438122  0.438158
  0.438199  0.438246  0.438299  0.438360  0.438432  0.438515  0.438611  0.438717
  0.438827  0.438939  0.439052  0.439163  0.439275  0.439386  0.439495  0.439599
  0.439696  0.439785  0.439866  0.439939  0.440005  0.440064  0.440116  0.440161
  0.440201  0.440235  0.440264  0.440284  0.440307  0.440333  0.440363  0.440397
  0.440437  0.440484  0.440541
 ***************************************************************
 ************STARTING THE INPUT FOR EACH BLADE ROW**************
  BLADE ROW NUMBER =        8                                           
    NUMBER OF BLADES IN ROW 
       171
        JM        JLE       JTE 
        62        12        51
      KTIPSTART  KTIPEND 
         0         0
       BOUNDARY LAYER TRANSITION POINTS 
         0         0         0         0
  SET NEWGRID= 1 TO GENERATE A NEW GRID WITH DIFFERENT "J" POINTS AND SPACINGS.
         0
   RPMROW,    RPMHUB 
    6930.4    6930.4
       JROTHS    JROTHE    JROTTS    JROTTE 
         1         1         1         1
   PUPROW    PLEROW   PTEROW    PDROW 
  460480.4  460480.4  384006.9  384006.9
      NSECS_ROW   INSURF  
         3         0
  IF_CUSP_OUT   IFANGLES 
         1         0
         0         3         0
 ***************************************************************
  ROW NUMBER           8  SECTION NUMBER            1
           0           0           0  IF_DESIGN etc 
   1.00000   0.00000    0
  0.168079  0.169052  0.169843  0.170487  0.171011  0.171437  0.171783  0.172065
  0.172295  0.172482  0.172633  0.172757  0.172880  0.173014  0.173161  0.173321
  0.173496  0.173690  0.173902  0.174135  0.174390  0.174668  0.174972  0.175304
  0.175667  0.176064  0.176501  0.176982  0.177528  0.178144  0.178825  0.179560
  0.180309  0.181058  0.181801  0.182536  0.183277  0.184019  0.184758  0.185483
  0.186180  0.186844  0.187471  0.188065  0.188626  0.189155  0.189652  0.190117
  0.190550  0.190950  0.191319  0.191689  0.192118  0.192614  0.193187  0.193850
  0.194617  0.195504  0.196531  0.197718  0.199091  0.200680
  1.000000  0.000000
 -0.001616 -0.001320 -0.001080 -0.000885 -0.000726 -0.000597 -0.000492 -0.000406
 -0.000336 -0.000280 -0.000234 -0.000196  0.000160  0.000251  0.000328  0.000405
  0.000482  0.000561  0.000641  0.000721  0.000800  0.000876  0.000949  0.001016
  0.001075  0.001122  0.001155  0.001167  0.001151  0.001097  0.000993  0.000828
  0.000606  0.000329  0.000000 -0.000378 -0.000810 -0.001295 -0.001831 -0.002405
 -0.003003 -0.003615 -0.004231 -0.004846 -0.005459 -0.006062 -0.006652 -0.007224
 -0.007774 -0.008299 -0.008917 -0.009379 -0.009913 -0.010530 -0.011244 -0.012069
 -0.013024 -0.014127 -0.015404 -0.016880 -0.018587 -0.020561
  1.000000
  0.000000  0.000000  0.000000  0.000000  0.000000  0.000000  0.000000  0.000000
  0.000000  0.000000  0.000000  0.000000  0.000738  0.000946  0.001073  0.001149
  0.001217  0.001284  0.001351  0.001418  0.001485  0.001551  0.001616  0.001680
  0.001742  0.001802  0.001860  0.001913  0.001962  0.002005  0.002038  0.002057
  0.002062  0.002052  0.002029  0.001994  0.001947  0.001889  0.001820  0.001743
  0.001661  0.001574  0.001485  0.001396  0.001306  0.001216  0.001129  0.001043
  0.000961  0.000835  0.000000  0.000000  0.000000  0.000000  0.000000  0.000000
  0.000000  0.000000  0.000000  0.000000  0.000000  0.000000
  1.000000  0.000000
  0.402142  0.402087  0.402043  0.402007  0.401975  0.401950  0.401928  0.401910
  0.401895  0.401883  0.401873  0.401865  0.401855  0.401844  0.401831  0.401817
  0.401801  0.401783  0.401763  0.401740  0.401714  0.401685  0.401652  0.401614
  0.401572  0.401524  0.401469  0.401407  0.401333  0.401248  0.401150  0.401040
  0.400926  0.400809  0.400691  0.400573  0.400453  0.400333  0.400214  0.400098
  0.399988  0.399885  0.399790  0.399701  0.399620  0.399545  0.399476  0.399415
  0.399359  0.399309  0.399264  0.399238  0.399208  0.399175  0.399139  0.399099
  0.399056  0.399010  0.398961  0.398911  0.398860  0.398811
 ***************************************************************
  ROW NUMBER           8  SECTION NUMBER            2
           0           0           0  IF_DESIGN etc 
   1.00000   0.00000    0
  0.168122  0.169087  0.169872  0.170510  0.171030  0.171453  0.171796  0.172076
  0.172304  0.172489  0.172640  0.172763  0.172885  0.173018  0.173164  0.173323
  0.173498  0.173690  0.173902  0.174134  0.174388  0.174665  0.174968  0.175299
  0.175661  0.176058  0.176493  0.176974  0.177520  0.178135  0.178816  0.179552
  0.180302  0.181053  0.181797  0.182534  0.183275  0.184019  0.184760  0.185486
  0.186185  0.186849  0.187478  0.188072  0.188633  0.189162  0.189659  0.190124
  0.190557  0.190957  0.191325  0.191693  0.192118  0.192610  0.193179  0.193837
  0.194598  0.195478  0.196495  0.197672  0.199032  0.200606
  1.000000  0.000000
 -0.000376 -0.000184 -0.000028  0.000099  0.000202  0.000286  0.000354  0.000410
  0.000455  0.000492  0.000521  0.000546  0.000915  0.001006  0.001068  0.001128
  0.001188  0.001248  0.001306  0.001363  0.001417  0.001466  0.001510  0.001546
  0.001570  0.001581  0.001574  0.001544  0.001481  0.001375  0.001215  0.000993
  0.000713  0.000381  0.000000 -0.000427 -0.000906 -0.001436 -0.002015 -0.002630
 -0.003265 -0.003910 -0.004556 -0.005198 -0.005834 -0.006459 -0.007069 -0.007658
 -0.008223 -0.008761 -0.009393 -0.009866 -0.010411 -0.011042 -0.011772 -0.012616
 -0.013592 -0.014721 -0.016026 -0.017536 -0.019281 -0.021300
  1.000000
  0.000000  0.000000  0.000000  0.000000  0.000000  0.000000  0.000000  0.000000
  0.000000  0.000000  0.000000  0.000000  0.000774  0.000990  0.001101  0.001173
  0.001242  0.001310  0.001378  0.001447  0.001515  0.001582  0.001648  0.001714
  0.001777  0.001838  0.001895  0.001951  0.002000  0.002043  0.002077  0.002097
  0.002101  0.002091  0.002068  0.002032  0.001985  0.001926  0.001856  0.001777
  0.001692  0.001604  0.001513  0.001422  0.001330  0.001239  0.001150  0.001063
  0.000979  0.000846  0.000000  0.000000  0.000000  0.000000  0.000000  0.000000
  0.000000  0.000000  0.000000  0.000000  0.000000  0.000000
  1.000000  0.000000
  0.421200  0.421200  0.421200  0.421200  0.421200  0.421200  0.421200  0.421200
  0.421200  0.421200  0.421200  0.421200  0.421200  0.421200  0.421200  0.421200
  0.421200  0.421200  0.421200  0.421200  0.421200  0.421200  0.421200  0.421200
  0.421200  0.421200  0.421200  0.421200  0.421200  0.421200  0.421200  0.421200
  0.421200  0.421200  0.421200  0.421200  0.421200  0.421200  0.421200  0.421200
  0.421200  0.421200  0.421200  0.421200  0.421200  0.421200  0.421200  0.421200
  0.421200  0.421200  0.421200  0.421200  0.421200  0.421200  0.421200  0.421200
  0.421200  0.421200  0.421200  0.421200  0.421200  0.421200
 ***************************************************************
  ROW NUMBER           8  SECTION NUMBER            3
           0           0           0  IF_DESIGN etc 
   1.00000   0.00000    0
  0.168087  0.169059  0.169850  0.170494  0.171018  0.171444  0.171791  0.172073
  0.172302  0.172489  0.172641  0.172764  0.172887  0.173021  0.173168  0.173328
  0.173504  0.173697  0.173909  0.174142  0.174397  0.174675  0.174979  0.175311
  0.175674  0.176072  0.176508  0.176989  0.177535  0.178151  0.178832  0.179567
  0.180316  0.181065  0.181808  0.182544  0.183284  0.184026  0.184765  0.185490
  0.186187  0.186851  0.187478  0.188072  0.188633  0.189162  0.189659  0.190124
  0.190557  0.190958  0.191326  0.191697  0.192125  0.192621  0.193194  0.193857
  0.194624  0.195511  0.196538  0.197725  0.199098  0.200687
  1.000000  0.000000
  0.000778  0.000875  0.000954  0.001018  0.001071  0.001113  0.001148  0.001176
  0.001199  0.001217  0.001233  0.001245  0.001641  0.001742  0.001793  0.001840
  0.001884  0.001927  0.001967  0.002003  0.002035  0.002059  0.002076  0.002082
  0.002075  0.002052  0.002007  0.001935  0.001826  0.001669  0.001452  0.001169
  0.000829  0.000438  0.000000 -0.000483 -0.001019 -0.001605 -0.002237 -0.002903
 -0.003588 -0.004279 -0.004967 -0.005649 -0.006322 -0.006981 -0.007622 -0.008241
 -0.008833 -0.009395 -0.010018 -0.010511 -0.011080 -0.011738 -0.012499 -0.013379
 -0.014397 -0.015574 -0.016935 -0.018509 -0.020329 -0.022433
  1.000000
  0.000000  0.000000  0.000000  0.000000  0.000000  0.000000  0.000000  0.000000
  0.000000  0.000000  0.000000  0.000000  0.000821  0.001050  0.001148  0.001221
  0.001293  0.001364  0.001435  0.001506  0.001577  0.001646  0.001715  0.001783
  0.001849  0.001913  0.001973  0.002029  0.002081  0.002127  0.002161  0.002182
  0.002187  0.002176  0.002152  0.002115  0.002065  0.002003  0.001931  0.001849
  0.001761  0.001668  0.001574  0.001479  0.001384  0.001289  0.001196  0.001106
  0.001019  0.000873  0.000000  0.000000  0.000000  0.000000  0.000000  0.000000
  0.000000  0.000000  0.000000  0.000000  0.000000  0.000000
  1.000000  0.000000
  0.440258  0.440313  0.440357  0.440394  0.440425  0.440451  0.440472  0.440490
  0.440505  0.440517  0.440527  0.440536  0.440546  0.440557  0.440569  0.440584
  0.440599  0.440617  0.440638  0.440661  0.440687  0.440716  0.440749  0.440787
  0.440829  0.440877  0.440932  0.440994  0.441068  0.441153  0.441252  0.441361
  0.441475  0.441592  0.441710  0.441828  0.441948  0.442068  0.442187  0.442303
  0.442413  0.442516  0.442612  0.442700  0.442781  0.442856  0.442925  0.442986
  0.443042  0.443092  0.443136  0.443163  0.443192  0.443225  0.443262  0.443301
  0.443344  0.443391  0.443439  0.443490  0.443540  0.443590
  STARTING INLET BOUNDARY CONDITION DATA .
  NUMBER OF POINTS FOR INLET BOUNDARY CONDITIONS 
        37
  SPACING OF INLET BOUNDARY CONDITION POINTS 
  1.000000  1.250000  1.562500  1.953125  2.441406  3.051758  3.814697  4.768372
  5.960464  7.450581  9.313226 11.641532 14.551915 18.189894 20.000000 20.000000
 20.000000 20.000000 20.000000 20.000000 20.000000 20.000000 18.189894 14.551915
 11.641532  9.313226  7.450581  5.960464  4.768372  3.814697  3.051758  2.441406
  1.953125  1.562500  1.250000  1.000000
   INLET STAGNATION PRESSURES 
 1518630.0 1518630.0 1518630.0 1518630.0 1518629.9 1518630.0 1518629.9 1518630.1
 1518630.0 1518629.9 1518630.1 1518630.0 1518630.0 1518630.0 1518630.0 1518630.0
 1518630.0 1518630.0 1518630.0 1518630.0 1518630.0 1518630.0 1518630.0 1518630.0
 1518630.0 1518630.0 1518630.0 1518630.0 1518630.0 1518630.0 1518630.0 1518630.0
 1518630.0 1518630.0 1518630.0 1518630.0 1518630.0
   INLET STAGNATION TEMPERATURES 
 1800.0000 1800.0000 1800.0000 1800.0000 1800.0000 1800.0000 1799.9999 1800.0000
 1799.9999 1800.0000 1800.0000 1800.0001 1800.0000 1800.0000 1800.0000 1800.0000
 1800.0000 1800.0000 1800.0000 1800.0000 1800.0000 1800.0000 1800.0000 1800.0000
 1800.0000 1800.0000 1800.0000 1800.0000 1800.0000 1800.0000 1800.0000 1800.0000
 1800.0000 1800.0000 1800.0000 1800.0000 1800.0000
   INLET ABSOLUTE TANGENTIAL VELOCITY 
    0.0000    0.0000    0.0000    0.0000    0.0000    0.0000    0.0000    0.0000
    0.0000    0.0000    0.0000    0.0000    0.0000    0.0000    0.0000    0.0000
    0.0000    0.0000    0.0000    0.0000    0.0000    0.0000    0.0000    0.0000
    0.0000    0.0000    0.0000    0.0000    0.0000    0.0000    0.0000    0.0000
    0.0000    0.0000    0.0000    0.0000    0.0000
   INLET MERIDIONAL VELOCITY 
  301.4996  301.4996  301.4996  301.4996  301.4996  301.4996  301.4996  301.4996
  301.4996  301.4996  301.4996  301.4996  301.4996  301.4996  301.4996  301.4996
  301.4996  301.4996  301.4996  301.4996  301.4996  301.4996  301.4996  301.4996
  301.4996  301.4996  301.4996  301.4996  301.4996  301.4996  301.4996  301.4996
  301.4996  301.4996  301.4996  301.4996  301.4996
   INLET MERIDIONAL YAW ANGLE  
  -10.2330  -10.2330  -10.2330  -10.2330  -10.2330  -10.2330  -10.2330  -10.2330
  -10.2330  -10.2330  -10.2330  -10.2330  -10.2330  -10.2330  -10.2330  -10.2330
  -10.2330  -10.2330  -10.2330  -10.2330  -10.2330  -10.2330  -10.2330  -10.2330
  -10.2330  -10.2330  -10.2330  -10.2330  -10.2330  -10.2330  -10.2330  -10.2330
  -10.2330  -10.2330  -10.2330  -10.2330  -10.2330
   INLET PITCH ANGLE 
   -0.3187   -0.3168   -0.3144   -0.3115   -0.3077   -0.3031   -0.2972   -0.2900
   -0.2809   -0.2695   -0.2553   -0.2375   -0.2152   -0.1875   -0.1527   -0.1146
   -0.0764   -0.0382   -0.0000    0.0382    0.0764    0.1146    0.1527    0.1875
    0.2152    0.2375    0.2553    0.2695    0.2809    0.2900    0.2972    0.3031
    0.3077    0.3115    0.3144    0.3168    0.3187
   PDOWN_HUB   PDOWN_TIP 
  384006.9  384006.9
 MIXING LENGTH LIMITS ON ALL BLADE ROWS
  0.050000  0.050000  0.050000  0.050000  0.050000  0.030000
  0.050000  0.050000  0.050000  0.050000  0.050000  0.030000
  0.050000  0.050000  0.050000  0.050000  0.050000  0.030000
  0.050000  0.050000  0.050000  0.050000  0.050000  0.030000
  0.050000  0.050000  0.050000  0.050000  0.050000  0.030000
  0.050000  0.050000  0.050000  0.050000  0.050000  0.030000
  0.050000  0.050000  0.050000  0.050000  0.050000  0.030000
  0.050000  0.050000  0.050000  0.050000  0.050000  0.030000
  FACTOR TO INCREASE THE TURBULENT VISCOSITY OVER THE FIRST NMIXUP STEPS 
   2.00000 1000
