 DATA SET FOR "multall" . GENERATED BY "stagen" .                       
    CP   and   GAMMA 
 1157.3014    1.3300
       ITIMST 
         3
     CFL,    DAMP,    MACHLIM,    F_PDOWN 
  0.400000 10.000000  2.000000  0.000000
  IF_RESTART 
         0
  NSTEPS_MAX, CONLIM 
      9000  0.001000
   SFX,      SFT,      FAC_4TH,     NCHANGE 
  0.005000  0.005000  0.800000      1000
       NUMBER OF BLADE ROWS 
         6
        IM        KM 
        37        37
  FP(I),I=1,IMM1 
  1.000000  1.250000  1.562500  1.953125  2.441406  3.051758  3.814697  4.768372
  5.960464  7.450581  9.313226 11.641532 14.551915 18.189894 20.000000 20.000000
 20.000000 20.000000 20.000000 20.000000 20.000000 20.000000 18.189894 14.551915
 11.641532  9.313226  7.450581  5.960464  4.768372  3.814697  3.051758  2.441406
  1.953125  1.562500  1.250000  1.000000
  FR(K),K=1,KMM1 
  1.000000  1.250000  1.562500  1.953125  2.441406  3.051758  3.814697  4.768372
  5.960464  7.450581  9.313226 11.641532 14.551915 18.189894 20.000000 20.000000
 20.000000 20.000000 20.000000 20.000000 20.000000 20.000000 18.189894 14.551915
 11.641532  9.313226  7.450581  5.960464  4.768372  3.814697  3.051758  2.441406
  1.953125  1.562500  1.250000  1.000000
        IR        JR        KR        IRBB      JRBB      KRBB 
         3         3         3         9         9         9
   FBLK1,     FBLK2,     FBLK3  
  0.400000  0.200000  0.100000
       IFMIX 
         1
   RFMIX,    FEXTRAP,   FSMTHB,    FANGLE 
  0.025000  0.800000  1.000000  0.800000
      IFCOOL    IFBLEED    IF_ROUGH 
         0         0         0
       NSECS_IN 
         3
       IN_PRESS  IN_VTAN   IN_VR    IN_FLOW  IF_REPEAT  RFIN 
         0         0         1         0         0   0.50000
  IPOUT  SFEXIT  NSFEXIT 
    1  0.000000    0
  PLATE_LOSS  THROTTLE_EXIT 
  0.000000  0.000000
        ILOS      NLOS      IBOUND 
        10         5         0
   REYNO,     RF_VIS,   FTRANS, TURBVIS_LIM, PRANDTL, YPLUSWALL
  800000.0     0.500     0.000  3000.000       1.0     0.000
   YPLAM      YPTURB 
  5.000000 25.000000
      ISHIFT    NEXTRAP_LE  NEXTRAP_TE 
         2        10        10
  (NSTG(N),N=1,NROWS) 
         1         1         2         2         3         3
  5  TIME STEPS FOR PRINTOUT 
      9000      9000      9000      9000      9000
  MARKER FOR VARIABLES TO BE SENT TO THE OUTPUT FILE.
 0 0 0 0 0 0 0 0 0 0 0 0 0 0 0 0 0 0 0 0
  STREAM SURFACES ON WHICH RESULTS ARE TO BE SENT TO   THE OUTPUT FILE 
 0 0 0 0 0 0 0 0 0 0 0 0 0 0 0 0 0 0 0 0 0 0 0 0 0 0 0 0 0 0 0 0 0 0 0 0 0
 ***************************************************************
 ************STARTING THE INPUT FOR EACH BLADE ROW**************
  BLADE ROW NUMBER =        1                                           
    NUMBER OF BLADES IN ROW 
       161
        JM        JLE       JTE 
        82        19        71
      KTIPSTART  KTIPEND 
         0         0
       BOUNDARY LAYER TRANSITION POINTS 
         0         0         0         0
  SET NEWGRID= 1 TO GENERATE A NEW GRID WITH DIFFERENT "J" POINTS AND SPACINGS.
         0
   RPMROW,    RPMHUB 
       0.0       0.0
       JROTHS    JROTHE    JROTTS    JROTTE 
         1         1         1         1
   PUPROW    PLEROW   PTEROW    PDROW 
 1423035.4 1423035.4 1128226.1 1128226.1
      NSECS_ROW   INSURF  
         3         0
  IF_CUSP_OUT   IFANGLES 
         1         0
         0         3         0
 ***************************************************************
  ROW NUMBER           1  SECTION NUMBER            1
           0           0           0  IF_DESIGN etc 
   1.00000   0.00000    0
 -0.005557 -0.004693 -0.003961 -0.003340 -0.002813 -0.002367 -0.001988 -0.001667
 -0.001395 -0.001165 -0.000969 -0.000803 -0.000662 -0.000542 -0.000441 -0.000355
 -0.000282 -0.000220 -0.000167 -0.000116 -0.000062 -0.000005  0.000057  0.000123
  0.000193  0.000268  0.000349  0.000436  0.000529  0.000628  0.000734  0.000847
  0.000967  0.001096  0.001233  0.001379  0.001536  0.001703  0.001882  0.002075
  0.002286  0.002517  0.002769  0.003040  0.003328  0.003626  0.003927  0.004229
  0.004529  0.004826  0.005123  0.005421  0.005720  0.006021  0.006320  0.006616
  0.006906  0.007186  0.007457  0.007718  0.007969  0.008210  0.008442  0.008665
  0.008879  0.009084  0.009279  0.009464  0.009640  0.009806  0.009963  0.010122
  0.010294  0.010480  0.010681  0.010899  0.011134  0.011389  0.011665  0.011963
  0.012286  0.012627
  1.000000  0.000000
 -0.000367 -0.000728 -0.001035 -0.001295 -0.001516 -0.001703 -0.001863 -0.001998
 -0.002112 -0.002210 -0.002292 -0.002363 -0.002422 -0.002473 -0.002516 -0.002552
 -0.002583 -0.002609 -0.002632 -0.002435 -0.002351 -0.002294 -0.002263 -0.002256
 -0.002267 -0.002280 -0.002292 -0.002303 -0.002313 -0.002322 -0.002328 -0.002331
 -0.002331 -0.002327 -0.002318 -0.002303 -0.002281 -0.002250 -0.002208 -0.002155
 -0.002085 -0.001995 -0.001880 -0.001739 -0.001567 -0.001365 -0.001137 -0.000886
 -0.000612 -0.000317  0.000000  0.000342  0.000708  0.001097  0.001508  0.001937
  0.002375  0.002820  0.003268  0.003714  0.004158  0.004599  0.005035  0.005465
  0.005887  0.006300  0.006701  0.007091  0.007467  0.007749  0.007681  0.008054
  0.008458  0.008895  0.009368  0.009880  0.010435  0.011035  0.011684  0.012386
  0.013146  0.013967
  1.000000
  0.000000  0.000000  0.000000  0.000000  0.000000  0.000000  0.000000  0.000000
  0.000000  0.000000  0.000000  0.000000  0.000000  0.000000  0.000000  0.000000
  0.000000  0.000000  0.000000  0.000355  0.000485  0.000575  0.000641  0.000684
  0.000709  0.000734  0.000760  0.000787  0.000816  0.000846  0.000877  0.000910
  0.000944  0.000979  0.001015  0.001052  0.001090  0.001129  0.001169  0.001209
  0.001250  0.001291  0.001331  0.001369  0.001405  0.001435  0.001458  0.001476
  0.001487  0.001490  0.001488  0.001479  0.001463  0.001442  0.001413  0.001379
  0.001338  0.001294  0.001247  0.001197  0.001144  0.001090  0.001034  0.000976
  0.000919  0.000861  0.000803  0.000746  0.000690  0.000557  0.000000  0.000000
  0.000000  0.000000  0.000000  0.000000  0.000000  0.000000  0.000000  0.000000
  0.000000  0.000000
  1.000000  0.000000
  0.224360  0.224305  0.224247  0.224190  0.224134  0.224081  0.224033  0.223989
  0.223949  0.223914  0.223883  0.223856  0.223832  0.223811  0.223794  0.223778
  0.223765  0.223754  0.223744  0.223728  0.223710  0.223692  0.223672  0.223650
  0.223626  0.223601  0.223573  0.223543  0.223510  0.223474  0.223436  0.223394
  0.223349  0.223301  0.223248  0.223191  0.223129  0.223062  0.222989  0.222909
  0.222821  0.222723  0.222614  0.222496  0.222369  0.222237  0.222103  0.221969
  0.221835  0.221703  0.221572  0.221441  0.221312  0.221184  0.221058  0.220937
  0.220821  0.220712  0.220610  0.220515  0.220426  0.220344  0.220269  0.220199
  0.220135  0.220076  0.220023  0.219975  0.219932  0.219893  0.219859  0.219834
  0.219806  0.219776  0.219743  0.219707  0.219667  0.219623  0.219574  0.219519
  0.219457  0.219356
 ***************************************************************
  ROW NUMBER           1  SECTION NUMBER            2
           0           0           0  IF_DESIGN etc 
   1.00000   0.00000    0
 -0.005237 -0.004430 -0.003745 -0.003164 -0.002670 -0.002251 -0.001894 -0.001592
 -0.001335 -0.001117 -0.000932 -0.000775 -0.000642 -0.000528 -0.000432 -0.000350
 -0.000281 -0.000222 -0.000172 -0.000122 -0.000069 -0.000012  0.000049  0.000114
  0.000183  0.000258  0.000338  0.000424  0.000516  0.000615  0.000720  0.000833
  0.000953  0.001081  0.001218  0.001365  0.001522  0.001690  0.001871  0.002065
  0.002277  0.002511  0.002766  0.003041  0.003334  0.003637  0.003943  0.004249
  0.004554  0.004856  0.005157  0.005460  0.005763  0.006066  0.006368  0.006667
  0.006957  0.007238  0.007508  0.007767  0.008016  0.008254  0.008483  0.008701
  0.008910  0.009110  0.009299  0.009478  0.009648  0.009808  0.009958  0.010108
  0.010271  0.010447  0.010637  0.010843  0.011066  0.011308  0.011570  0.011853
  0.012159  0.012491
  1.000000  0.000000
 -0.000260 -0.000568 -0.000829 -0.001050 -0.001238 -0.001398 -0.001534 -0.001649
 -0.001747 -0.001830 -0.001900 -0.001960 -0.002011 -0.002054 -0.002091 -0.002122
 -0.002148 -0.002171 -0.002190 -0.002009 -0.001934 -0.001886 -0.001863 -0.001862
 -0.001872 -0.001883 -0.001893 -0.001903 -0.001911 -0.001918 -0.001924 -0.001927
 -0.001927 -0.001924 -0.001916 -0.001904 -0.001886 -0.001861 -0.001827 -0.001783
 -0.001726 -0.001651 -0.001557 -0.001440 -0.001297 -0.001131 -0.000943 -0.000734
 -0.000507 -0.000263  0.000000  0.000283  0.000587  0.000911  0.001252  0.001608
  0.001973  0.002343  0.002715  0.003087  0.003456  0.003823  0.004186  0.004543
  0.004895  0.005238  0.005573  0.005897  0.006209  0.006436  0.006362  0.006673
  0.007010  0.007375  0.007771  0.008199  0.008662  0.009163  0.009706  0.010293
  0.010930  0.011618
  1.000000
  0.000000  0.000000  0.000000  0.000000  0.000000  0.000000  0.000000  0.000000
  0.000000  0.000000  0.000000  0.000000  0.000000  0.000000  0.000000  0.000000
  0.000000  0.000000  0.000000  0.000329  0.000446  0.000524  0.000577  0.000608
  0.000630  0.000651  0.000674  0.000698  0.000724  0.000750  0.000778  0.000807
  0.000837  0.000868  0.000900  0.000933  0.000967  0.001001  0.001036  0.001072
  0.001107  0.001144  0.001180  0.001214  0.001244  0.001271  0.001292  0.001307
  0.001316  0.001319  0.001318  0.001310  0.001296  0.001277  0.001251  0.001220
  0.001185  0.001146  0.001104  0.001060  0.001013  0.000965  0.000915  0.000864
  0.000813  0.000762  0.000711  0.000660  0.000611  0.000489  0.000000  0.000000
  0.000000  0.000000  0.000000  0.000000  0.000000  0.000000  0.000000  0.000000
  0.000000  0.000000
  1.000000  0.000000
  0.246300  0.246300  0.246300  0.246300  0.246300  0.246300  0.246300  0.246300
  0.246300  0.246300  0.246300  0.246300  0.246300  0.246300  0.246300  0.246300
  0.246300  0.246300  0.246300  0.246300  0.246300  0.246300  0.246300  0.246300
  0.246300  0.246300  0.246300  0.246300  0.246300  0.246300  0.246300  0.246300
  0.246300  0.246300  0.246300  0.246300  0.246300  0.246300  0.246300  0.246300
  0.246300  0.246300  0.246300  0.246300  0.246300  0.246300  0.246300  0.246300
  0.246300  0.246300  0.246300  0.246300  0.246300  0.246300  0.246300  0.246300
  0.246300  0.246300  0.246300  0.246300  0.246300  0.246300  0.246300  0.246300
  0.246300  0.246300  0.246300  0.246300  0.246300  0.246300  0.246300  0.246300
  0.246300  0.246300  0.246300  0.246300  0.246300  0.246300  0.246300  0.246300
  0.246300  0.246300
 ***************************************************************
  ROW NUMBER           1  SECTION NUMBER            3
           0           0           0  IF_DESIGN etc 
   1.00000   0.00000    0
 -0.005551 -0.004687 -0.003955 -0.003334 -0.002807 -0.002361 -0.001983 -0.001662
 -0.001390 -0.001159 -0.000963 -0.000797 -0.000656 -0.000537 -0.000435 -0.000349
 -0.000276 -0.000214 -0.000161 -0.000110 -0.000056  0.000001  0.000062  0.000128
  0.000199  0.000274  0.000355  0.000442  0.000534  0.000634  0.000740  0.000853
  0.000973  0.001102  0.001239  0.001385  0.001541  0.001709  0.001888  0.002081
  0.002291  0.002523  0.002774  0.003045  0.003334  0.003632  0.003933  0.004235
  0.004535  0.004832  0.005128  0.005427  0.005726  0.006026  0.006326  0.006622
  0.006911  0.007192  0.007463  0.007724  0.007974  0.008216  0.008448  0.008671
  0.008885  0.009089  0.009284  0.009470  0.009646  0.009812  0.009969  0.010127
  0.010299  0.010485  0.010687  0.010904  0.011140  0.011395  0.011671  0.011969
  0.012291  0.012632
  1.000000  0.000000
 -0.000223 -0.000526 -0.000782 -0.001000 -0.001185 -0.001343 -0.001476 -0.001590
 -0.001686 -0.001768 -0.001838 -0.001897 -0.001947 -0.001990 -0.002026 -0.002056
 -0.002083 -0.002105 -0.002124 -0.001932 -0.001855 -0.001809 -0.001789 -0.001791
 -0.001801 -0.001812 -0.001822 -0.001831 -0.001839 -0.001846 -0.001851 -0.001853
 -0.001854 -0.001851 -0.001844 -0.001832 -0.001814 -0.001790 -0.001758 -0.001715
 -0.001660 -0.001589 -0.001498 -0.001386 -0.001249 -0.001089 -0.000908 -0.000708
 -0.000489 -0.000254  0.000000  0.000273  0.000566  0.000878  0.001207  0.001550
  0.001902  0.002259  0.002618  0.002976  0.003333  0.003686  0.004037  0.004382
  0.004721  0.005053  0.005375  0.005688  0.005990  0.006201  0.006109  0.006411
  0.006738  0.007091  0.007474  0.007889  0.008338  0.008824  0.009350  0.009920
  0.010537  0.011207
  1.000000
  0.000000  0.000000  0.000000  0.000000  0.000000  0.000000  0.000000  0.000000
  0.000000  0.000000  0.000000  0.000000  0.000000  0.000000  0.000000  0.000000
  0.000000  0.000000  0.000000  0.000351  0.000472  0.000548  0.000598  0.000627
  0.000648  0.000670  0.000694  0.000719  0.000745  0.000772  0.000800  0.000830
  0.000861  0.000893  0.000925  0.000959  0.000994  0.001029  0.001065  0.001101
  0.001138  0.001176  0.001212  0.001247  0.001279  0.001306  0.001328  0.001343
  0.001352  0.001355  0.001353  0.001345  0.001331  0.001311  0.001285  0.001253
  0.001217  0.001177  0.001134  0.001089  0.001041  0.000991  0.000940  0.000888
  0.000835  0.000782  0.000730  0.000678  0.000627  0.000499  0.000000  0.000000
  0.000000  0.000000  0.000000  0.000000  0.000000  0.000000  0.000000  0.000000
  0.000000  0.000000
  1.000000  0.000000
  0.268241  0.268295  0.268353  0.268411  0.268467  0.268520  0.268568  0.268612
  0.268652  0.268687  0.268718  0.268745  0.268769  0.268790  0.268807  0.268823
  0.268836  0.268847  0.268858  0.268874  0.268891  0.268910  0.268930  0.268952
  0.268976  0.269001  0.269029  0.269059  0.269092  0.269128  0.269166  0.269208
  0.269253  0.269301  0.269354  0.269411  0.269473  0.269540  0.269614  0.269693
  0.269782  0.269880  0.269988  0.270106  0.270233  0.270365  0.270499  0.270634
  0.270768  0.270900  0.271031  0.271161  0.271291  0.271419  0.271544  0.271665
  0.271781  0.271890  0.271992  0.272087  0.272175  0.272257  0.272333  0.272403
  0.272467  0.272525  0.272578  0.272626  0.272669  0.272708  0.272742  0.272767
  0.272795  0.272825  0.272858  0.272894  0.272934  0.272978  0.273027  0.273082
  0.273144  0.273246
 ***************************************************************
 ************STARTING THE INPUT FOR EACH BLADE ROW**************
  BLADE ROW NUMBER =        2                                           
    NUMBER OF BLADES IN ROW 
       148
        JM        JLE       JTE 
        79        16        68
      KTIPSTART  KTIPEND 
         0         0
       BOUNDARY LAYER TRANSITION POINTS 
         0         0         0         0
  SET NEWGRID= 1 TO GENERATE A NEW GRID WITH DIFFERENT "J" POINTS AND SPACINGS.
         0
   RPMROW,    RPMHUB 
   13250.3   13250.3
       JROTHS    JROTHE    JROTTS    JROTTE 
         1         1         1         1
   PUPROW    PLEROW   PTEROW    PDROW 
 1128226.1 1128226.1  884462.8  884462.8
      NSECS_ROW   INSURF  
         3         0
  IF_CUSP_OUT   IFANGLES 
         1         0
         0         3         0
 ***************************************************************
  ROW NUMBER           2  SECTION NUMBER            1
           0           0           0  IF_DESIGN etc 
   1.00000   0.00000    0
  0.009284  0.009738  0.010134  0.010479  0.010778  0.011035  0.011257  0.011449
  0.011615  0.011758  0.011882  0.011988  0.012080  0.012160  0.012229  0.012288
  0.012346  0.012408  0.012474  0.012544  0.012619  0.012699  0.012785  0.012877
  0.012975  0.013080  0.013192  0.013311  0.013438  0.013573  0.013717  0.013870
  0.014033  0.014207  0.014392  0.014590  0.014802  0.015033  0.015286  0.015561
  0.015856  0.016168  0.016491  0.016816  0.017140  0.017462  0.017781  0.018099
  0.018419  0.018740  0.019062  0.019384  0.019702  0.020014  0.020317  0.020610
  0.020893  0.021166  0.021429  0.021683  0.021928  0.022163  0.022389  0.022605
  0.022811  0.023007  0.023193  0.023368  0.023548  0.023743  0.023954  0.024183
  0.024431  0.024700  0.024991  0.025308  0.025651  0.026021  0.026420
  1.000000  0.000000
 -0.003566 -0.003198 -0.002881 -0.002607 -0.002370 -0.002166 -0.001990 -0.001837
 -0.001705 -0.001592 -0.001493 -0.001408 -0.001335 -0.001272 -0.001217 -0.001170
 -0.000960 -0.000886 -0.000815 -0.000742 -0.000668 -0.000591 -0.000513 -0.000431
 -0.000348 -0.000263 -0.000176 -0.000087  0.000001  0.000090  0.000179  0.000266
  0.000350  0.000431  0.000508  0.000578  0.000639  0.000691  0.000727  0.000745
  0.000736  0.000697  0.000624  0.000517  0.000377  0.000204  0.000000 -0.000233
 -0.000501 -0.000801 -0.001134 -0.001496 -0.001885 -0.002293 -0.002716 -0.003148
 -0.003587 -0.004028 -0.004473 -0.004917 -0.005359 -0.005797 -0.006228 -0.006651
 -0.007063 -0.007464 -0.007850 -0.008305 -0.008660 -0.009045 -0.009461 -0.009911
 -0.010399 -0.010927 -0.011498 -0.012116 -0.012785 -0.013509 -0.014290
  1.000000
  0.000000  0.000000  0.000000  0.000000  0.000000  0.000000  0.000000  0.000000
  0.000000  0.000000  0.000000  0.000000  0.000000  0.000000  0.000000  0.000000
  0.000397  0.000522  0.000618  0.000698  0.000761  0.000806  0.000842  0.000876
  0.000911  0.000946  0.000981  0.001015  0.001049  0.001083  0.001117  0.001150
  0.001182  0.001213  0.001244  0.001272  0.001300  0.001327  0.001351  0.001373
  0.001390  0.001403  0.001410  0.001412  0.001407  0.001399  0.001385  0.001367
  0.001344  0.001316  0.001284  0.001249  0.001210  0.001169  0.001126  0.001081
  0.001036  0.000990  0.000943  0.000897  0.000851  0.000806  0.000762  0.000718
  0.000675  0.000634  0.000531  0.000000  0.000000  0.000000  0.000000  0.000000
  0.000000  0.000000  0.000000  0.000000  0.000000  0.000000  0.000000
  1.000000  0.000000
  0.220022  0.219909  0.219832  0.219776  0.219727  0.219684  0.219646  0.219613
  0.219583  0.219557  0.219534  0.219514  0.219497  0.219482  0.219469  0.219457
  0.219441  0.219423  0.219404  0.219382  0.219359  0.219332  0.219304  0.219272
  0.219236  0.219197  0.219153  0.219106  0.219053  0.218995  0.218931  0.218860
  0.218783  0.218697  0.218603  0.218500  0.218385  0.218257  0.218112  0.217952
  0.217775  0.217584  0.217384  0.217181  0.216976  0.216773  0.216573  0.216376
  0.216180  0.215988  0.215800  0.215618  0.215444  0.215282  0.215133  0.214997
  0.214874  0.214764  0.214666  0.214580  0.214506  0.214443  0.214390  0.214347
  0.214313  0.214287  0.214269  0.214258  0.214279  0.214302  0.214325  0.214349
  0.214374  0.214397  0.214420  0.214440  0.214453  0.214455  0.214440
 ***************************************************************
  ROW NUMBER           2  SECTION NUMBER            2
           0           0           0  IF_DESIGN etc 
   1.00000   0.00000    0
  0.009523  0.009947  0.010313  0.010630  0.010903  0.011140  0.011344  0.011520
  0.011673  0.011804  0.011918  0.012016  0.012101  0.012174  0.012238  0.012293
  0.012347  0.012405  0.012467  0.012534  0.012605  0.012681  0.012762  0.012850
  0.012944  0.013045  0.013153  0.013268  0.013391  0.013522  0.013663  0.013813
  0.013974  0.014145  0.014329  0.014527  0.014739  0.014971  0.015227  0.015506
  0.015807  0.016127  0.016458  0.016793  0.017128  0.017462  0.017792  0.018121
  0.018452  0.018784  0.019116  0.019446  0.019772  0.020090  0.020397  0.020693
  0.020976  0.021248  0.021508  0.021759  0.021998  0.022226  0.022444  0.022651
  0.022848  0.023033  0.023208  0.023373  0.023537  0.023714  0.023907  0.024115
  0.024341  0.024585  0.024849  0.025135  0.025445  0.025780  0.026143
  1.000000  0.000000
 -0.000376 -0.000214 -0.000075  0.000046  0.000150  0.000240  0.000318  0.000385
  0.000443  0.000493  0.000537  0.000574  0.000607  0.000634  0.000659  0.000679
  0.000884  0.000937  0.000979  0.001020  0.001061  0.001102  0.001144  0.001185
  0.001226  0.001266  0.001306  0.001344  0.001380  0.001414  0.001444  0.001469
  0.001490  0.001504  0.001510  0.001507  0.001492  0.001461  0.001412  0.001338
  0.001237  0.001104  0.000939  0.000745  0.000522  0.000273  0.000000 -0.000299
 -0.000626 -0.000980 -0.001361 -0.001767 -0.002194 -0.002633 -0.003082 -0.003535
 -0.003989 -0.004442 -0.004894 -0.005342 -0.005785 -0.006220 -0.006647 -0.007063
 -0.007467 -0.007857 -0.008233 -0.008678 -0.009019 -0.009388 -0.009787 -0.010219
 -0.010687 -0.011194 -0.011742 -0.012336 -0.012979 -0.013674 -0.014428
  1.000000
  0.000000  0.000000  0.000000  0.000000  0.000000  0.000000  0.000000  0.000000
  0.000000  0.000000  0.000000  0.000000  0.000000  0.000000  0.000000  0.000000
  0.000437  0.000570  0.000666  0.000740  0.000792  0.000828  0.000864  0.000900
  0.000935  0.000971  0.001006  0.001041  0.001076  0.001111  0.001145  0.001178
  0.001211  0.001243  0.001274  0.001304  0.001332  0.001359  0.001384  0.001405
  0.001423  0.001437  0.001444  0.001445  0.001441  0.001432  0.001417  0.001398
  0.001375  0.001346  0.001313  0.001277  0.001237  0.001195  0.001151  0.001105
  0.001059  0.001012  0.000965  0.000918  0.000870  0.000824  0.000778  0.000733
  0.000690  0.000648  0.000527  0.000000  0.000000  0.000000  0.000000  0.000000
  0.000000  0.000000  0.000000  0.000000  0.000000  0.000000  0.000000
  1.000000  0.000000
  0.246300  0.246300  0.246300  0.246300  0.246300  0.246300  0.246300  0.246300
  0.246300  0.246300  0.246300  0.246300  0.246300  0.246300  0.246300  0.246300
  0.246300  0.246300  0.246300  0.246300  0.246300  0.246300  0.246300  0.246300
  0.246300  0.246300  0.246300  0.246300  0.246300  0.246300  0.246300  0.246300
  0.246300  0.246300  0.246300  0.246300  0.246300  0.246300  0.246300  0.246300
  0.246300  0.246300  0.246300  0.246300  0.246300  0.246300  0.246300  0.246300
  0.246300  0.246300  0.246300  0.246300  0.246300  0.246300  0.246300  0.246300
  0.246300  0.246300  0.246300  0.246300  0.246300  0.246300  0.246300  0.246300
  0.246300  0.246300  0.246300  0.246300  0.246300  0.246300  0.246300  0.246300
  0.246300  0.246300  0.246300  0.246300  0.246300  0.246300  0.246300
 ***************************************************************
  ROW NUMBER           2  SECTION NUMBER            3
           0           0           0  IF_DESIGN etc 
   1.00000   0.00000    0
  0.009301  0.009755  0.010151  0.010496  0.010795  0.011052  0.011274  0.011466
  0.011632  0.011775  0.011899  0.012005  0.012098  0.012177  0.012246  0.012305
  0.012363  0.012425  0.012491  0.012561  0.012636  0.012716  0.012802  0.012894
  0.012992  0.013097  0.013209  0.013328  0.013455  0.013591  0.013734  0.013887
  0.014050  0.014224  0.014409  0.014607  0.014819  0.015051  0.015304  0.015578
  0.015873  0.016185  0.016508  0.016833  0.017157  0.017479  0.017799  0.018116
  0.018436  0.018757  0.019079  0.019401  0.019719  0.020031  0.020334  0.020627
  0.020910  0.021183  0.021446  0.021700  0.021945  0.022180  0.022406  0.022622
  0.022828  0.023024  0.023210  0.023385  0.023565  0.023760  0.023971  0.024200
  0.024448  0.024717  0.025009  0.025325  0.025668  0.026038  0.026438
  1.000000  0.000000
  0.002260  0.002273  0.002285  0.002294  0.002303  0.002310  0.002316  0.002322
  0.002326  0.002330  0.002334  0.002337  0.002340  0.002342  0.002344  0.002346
  0.002642  0.002735  0.002782  0.002807  0.002828  0.002847  0.002864  0.002879
  0.002891  0.002900  0.002906  0.002908  0.002906  0.002897  0.002882  0.002859
  0.002827  0.002785  0.002730  0.002661  0.002574  0.002464  0.002328  0.002158
  0.001952  0.001706  0.001424  0.001110  0.000766  0.000395  0.000000 -0.000421
 -0.000872 -0.001352 -0.001860 -0.002393 -0.002947 -0.003511 -0.004080 -0.004650
 -0.005217 -0.005779 -0.006335 -0.006884 -0.007423 -0.007951 -0.008466 -0.008966
 -0.009450 -0.009916 -0.010362 -0.010865 -0.011267 -0.011701 -0.012171 -0.012680
 -0.013231 -0.013828 -0.014473 -0.015173 -0.015930 -0.016751 -0.017640
  1.000000
  0.000000  0.000000  0.000000  0.000000  0.000000  0.000000  0.000000  0.000000
  0.000000  0.000000  0.000000  0.000000  0.000000  0.000000  0.000000  0.000000
  0.000603  0.000802  0.000899  0.000950  0.000995  0.001040  0.001084  0.001129
  0.001173  0.001217  0.001261  0.001304  0.001348  0.001391  0.001433  0.001475
  0.001516  0.001556  0.001594  0.001631  0.001666  0.001699  0.001731  0.001758
  0.001780  0.001796  0.001805  0.001806  0.001801  0.001789  0.001771  0.001748
  0.001718  0.001683  0.001642  0.001597  0.001546  0.001492  0.001437  0.001380
  0.001322  0.001263  0.001204  0.001145  0.001086  0.001028  0.000971  0.000915
  0.000861  0.000808  0.000636  0.000000  0.000000  0.000000  0.000000  0.000000
  0.000000  0.000000  0.000000  0.000000  0.000000  0.000000  0.000000
  1.000000  0.000000
  0.272583  0.272695  0.272771  0.272827  0.272876  0.272919  0.272957  0.272990
  0.273020  0.273046  0.273069  0.273089  0.273106  0.273122  0.273135  0.273148
  0.273164  0.273182  0.273201  0.273223  0.273247  0.273273  0.273302  0.273335
  0.273370  0.273410  0.273453  0.273501  0.273554  0.273613  0.273677  0.273748
  0.273826  0.273911  0.274006  0.274109  0.274224  0.274353  0.274497  0.274658
  0.274835  0.275026  0.275226  0.275430  0.275634  0.275837  0.276037  0.276235
  0.276430  0.276622  0.276810  0.276992  0.277165  0.277326  0.277475  0.277611
  0.277734  0.277843  0.277940  0.278025  0.278099  0.278162  0.278214  0.278256
  0.278290  0.278315  0.278332  0.278340  0.278319  0.278297  0.278273  0.278249
  0.278225  0.278202  0.278179  0.278159  0.278146  0.278145  0.278161
 ***************************************************************
 ************STARTING THE INPUT FOR EACH BLADE ROW**************
  BLADE ROW NUMBER =        3                                           
    NUMBER OF BLADES IN ROW 
       147
        JM        JLE       JTE 
        79        16        68
      KTIPSTART  KTIPEND 
         0         0
       BOUNDARY LAYER TRANSITION POINTS 
         0         0         0         0
  SET NEWGRID= 1 TO GENERATE A NEW GRID WITH DIFFERENT "J" POINTS AND SPACINGS.
         0
   RPMROW,    RPMHUB 
       0.0       0.0
       JROTHS    JROTHE    JROTTS    JROTTE 
         1         1         1         1
   PUPROW    PLEROW   PTEROW    PDROW 
  884462.8  884462.8  682636.8  682636.8
      NSECS_ROW   INSURF  
         3         0
  IF_CUSP_OUT   IFANGLES 
         1         0
         0         3         0
 ***************************************************************
  ROW NUMBER           3  SECTION NUMBER            1
           0           0           0  IF_DESIGN etc 
   1.00000   0.00000    0
  0.024708  0.025210  0.025644  0.026018  0.026341  0.026618  0.026857  0.027063
  0.027240  0.027392  0.027524  0.027638  0.027736  0.027820  0.027893  0.027956
  0.028017  0.028082  0.028151  0.028224  0.028302  0.028386  0.028475  0.028570
  0.028672  0.028780  0.028896  0.029019  0.029149  0.029288  0.029435  0.029591
  0.029756  0.029932  0.030120  0.030319  0.030532  0.030764  0.031016  0.031289
  0.031581  0.031890  0.032208  0.032527  0.032845  0.033161  0.033473  0.033784
  0.034097  0.034412  0.034728  0.035044  0.035358  0.035665  0.035966  0.036257
  0.036540  0.036813  0.037078  0.037334  0.037583  0.037822  0.038053  0.038274
  0.038487  0.038689  0.038882  0.039065  0.039254  0.039459  0.039681  0.039921
  0.040181  0.040462  0.040765  0.041092  0.041445  0.041810  0.042195
  1.000000  0.000000
 -0.001962 -0.002182 -0.002372 -0.002536 -0.002677 -0.002799 -0.002905 -0.002995
 -0.003074 -0.003141 -0.003200 -0.003250 -0.003294 -0.003331 -0.003364 -0.003392
 -0.003153 -0.003048 -0.002977 -0.002933 -0.002921 -0.002933 -0.002949 -0.002965
 -0.002979 -0.002991 -0.003002 -0.003009 -0.003013 -0.003013 -0.003006 -0.002994
 -0.002974 -0.002945 -0.002905 -0.002850 -0.002780 -0.002690 -0.002573 -0.002424
 -0.002241 -0.002018 -0.001757 -0.001464 -0.001140 -0.000787 -0.000407  0.000000
  0.000439  0.000909  0.001409  0.001936  0.002486  0.003048  0.003618  0.004191
  0.004763  0.005331  0.005895  0.006454  0.007004  0.007544  0.008073  0.008587
  0.009086  0.009567  0.009934  0.009858  0.010336  0.010852  0.011412  0.012017
  0.012672  0.013381  0.014148  0.014977  0.015875  0.016842  0.017885
  1.000000
  0.000000  0.000000  0.000000  0.000000  0.000000  0.000000  0.000000  0.000000
  0.000000  0.000000  0.000000  0.000000  0.000000  0.000000  0.000000  0.000000
  0.000430  0.000591  0.000705  0.000791  0.000849  0.000882  0.000913  0.000945
  0.000979  0.001015  0.001053  0.001092  0.001132  0.001174  0.001218  0.001263
  0.001310  0.001357  0.001406  0.001455  0.001505  0.001556  0.001607  0.001658
  0.001706  0.001750  0.001787  0.001817  0.001838  0.001851  0.001856  0.001853
  0.001842  0.001823  0.001795  0.001760  0.001718  0.001668  0.001612  0.001553
  0.001491  0.001426  0.001358  0.001288  0.001217  0.001145  0.001072  0.001000
  0.000929  0.000860  0.000697  0.000000  0.000000  0.000000  0.000000  0.000000
  0.000000  0.000000  0.000000  0.000000  0.000000  0.000000  0.000000
  1.000000  0.000000
  0.214398  0.214434  0.214452  0.214455  0.214444  0.214421  0.214389  0.214356
  0.214323  0.214291  0.214262  0.214234  0.214210  0.214188  0.214168  0.214150
  0.214132  0.214112  0.214090  0.214065  0.214039  0.214010  0.213977  0.213942
  0.213902  0.213858  0.213810  0.213756  0.213697  0.213632  0.213560  0.213481
  0.213393  0.213296  0.213189  0.213070  0.212938  0.212789  0.212620  0.212430
  0.212219  0.211989  0.211746  0.211495  0.211241  0.210986  0.210732  0.210478
  0.210224  0.209971  0.209721  0.209475  0.209237  0.209011  0.208798  0.208599
  0.208415  0.208245  0.208089  0.207945  0.207814  0.207694  0.207587  0.207490
  0.207403  0.207327  0.207259  0.207199  0.207157  0.207110  0.207060  0.207004
  0.206943  0.206875  0.206799  0.206715  0.206618  0.206465  0.206272
 ***************************************************************
  ROW NUMBER           3  SECTION NUMBER            2
           0           0           0  IF_DESIGN etc 
   1.00000   0.00000    0
  0.025184  0.025609  0.025976  0.026294  0.026568  0.026805  0.027010  0.027187
  0.027339  0.027471  0.027585  0.027684  0.027769  0.027842  0.027906  0.027961
  0.028016  0.028074  0.028136  0.028203  0.028274  0.028350  0.028432  0.028520
  0.028614  0.028715  0.028823  0.028939  0.029062  0.029194  0.029335  0.029485
  0.029646  0.029818  0.030003  0.030201  0.030414  0.030647  0.030903  0.031183
  0.031484  0.031805  0.032138  0.032473  0.032809  0.033144  0.033475  0.033805
  0.034137  0.034469  0.034802  0.035133  0.035460  0.035778  0.036086  0.036383
  0.036667  0.036940  0.037201  0.037452  0.037692  0.037921  0.038139  0.038347
  0.038544  0.038730  0.038905  0.039070  0.039234  0.039413  0.039606  0.039814
  0.040041  0.040285  0.040550  0.040837  0.041147  0.041484  0.041847
  1.000000  0.000000
 -0.001344 -0.001506 -0.001646 -0.001767 -0.001871 -0.001961 -0.002039 -0.002107
 -0.002165 -0.002215 -0.002259 -0.002296 -0.002329 -0.002357 -0.002381 -0.002402
 -0.002203 -0.002120 -0.002068 -0.002043 -0.002042 -0.002053 -0.002065 -0.002076
 -0.002087 -0.002096 -0.002104 -0.002110 -0.002113 -0.002113 -0.002109 -0.002102
 -0.002088 -0.002068 -0.002041 -0.002003 -0.001955 -0.001892 -0.001811 -0.001707
 -0.001579 -0.001423 -0.001240 -0.001034 -0.000805 -0.000556 -0.000288  0.000000
  0.000311  0.000644  0.000999  0.001373  0.001764  0.002163  0.002569  0.002978
  0.003385  0.003790  0.004192  0.004590  0.004983  0.005368  0.005744  0.006111
  0.006467  0.006810  0.007058  0.006976  0.007318  0.007688  0.008088  0.008522
  0.008991  0.009499  0.010049  0.010644  0.011288  0.011986  0.012741
  1.000000
  0.000000  0.000000  0.000000  0.000000  0.000000  0.000000  0.000000  0.000000
  0.000000  0.000000  0.000000  0.000000  0.000000  0.000000  0.000000  0.000000
  0.000361  0.000489  0.000574  0.000632  0.000667  0.000690  0.000714  0.000739
  0.000766  0.000794  0.000823  0.000853  0.000885  0.000918  0.000952  0.000987
  0.001023  0.001060  0.001098  0.001136  0.001175  0.001214  0.001254  0.001294
  0.001331  0.001365  0.001394  0.001416  0.001433  0.001443  0.001447  0.001445
  0.001436  0.001421  0.001400  0.001372  0.001338  0.001299  0.001257  0.001211
  0.001162  0.001111  0.001058  0.001004  0.000948  0.000892  0.000835  0.000780
  0.000724  0.000670  0.000536  0.000000  0.000000  0.000000  0.000000  0.000000
  0.000000  0.000000  0.000000  0.000000  0.000000  0.000000  0.000000
  1.000000  0.000000
  0.246300  0.246300  0.246300  0.246300  0.246300  0.246300  0.246300  0.246300
  0.246300  0.246300  0.246300  0.246300  0.246300  0.246300  0.246300  0.246300
  0.246300  0.246300  0.246300  0.246300  0.246300  0.246300  0.246300  0.246300
  0.246300  0.246300  0.246300  0.246300  0.246300  0.246300  0.246300  0.246300
  0.246300  0.246300  0.246300  0.246300  0.246300  0.246300  0.246300  0.246300
  0.246300  0.246300  0.246300  0.246300  0.246300  0.246300  0.246300  0.246300
  0.246300  0.246300  0.246300  0.246300  0.246300  0.246300  0.246300  0.246300
  0.246300  0.246300  0.246300  0.246300  0.246300  0.246300  0.246300  0.246300
  0.246300  0.246300  0.246300  0.246300  0.246300  0.246300  0.246300  0.246300
  0.246300  0.246300  0.246300  0.246300  0.246300  0.246300  0.246300
 ***************************************************************
  ROW NUMBER           3  SECTION NUMBER            3
           0           0           0  IF_DESIGN etc 
   1.00000   0.00000    0
  0.024708  0.025210  0.025644  0.026018  0.026341  0.026618  0.026857  0.027063
  0.027240  0.027392  0.027524  0.027638  0.027736  0.027820  0.027893  0.027956
  0.028017  0.028082  0.028151  0.028224  0.028302  0.028386  0.028475  0.028570
  0.028672  0.028780  0.028896  0.029019  0.029149  0.029288  0.029435  0.029591
  0.029756  0.029932  0.030120  0.030319  0.030532  0.030764  0.031016  0.031289
  0.031581  0.031890  0.032208  0.032527  0.032845  0.033161  0.033473  0.033784
  0.034097  0.034412  0.034728  0.035044  0.035358  0.035665  0.035966  0.036258
  0.036540  0.036813  0.037078  0.037334  0.037583  0.037822  0.038053  0.038274
  0.038487  0.038689  0.038882  0.039065  0.039254  0.039459  0.039681  0.039921
  0.040181  0.040462  0.040765  0.041092  0.041445  0.041810  0.042195
  1.000000  0.000000
 -0.001343 -0.001512 -0.001658 -0.001785 -0.001894 -0.001988 -0.002070 -0.002141
 -0.002202 -0.002254 -0.002300 -0.002339 -0.002373 -0.002403 -0.002428 -0.002450
 -0.002220 -0.002129 -0.002076 -0.002054 -0.002058 -0.002070 -0.002082 -0.002093
 -0.002103 -0.002113 -0.002120 -0.002126 -0.002130 -0.002130 -0.002126 -0.002118
 -0.002105 -0.002085 -0.002057 -0.002020 -0.001972 -0.001908 -0.001827 -0.001722
 -0.001593 -0.001437 -0.001252 -0.001044 -0.000814 -0.000562 -0.000291  0.000000
  0.000315  0.000652  0.001011  0.001391  0.001787  0.002193  0.002605  0.003019
  0.003433  0.003844  0.004253  0.004657  0.005055  0.005447  0.005829  0.006202
  0.006562  0.006910  0.007149  0.007034  0.007382  0.007760  0.008168  0.008611
  0.009090  0.009609  0.010171  0.010779  0.011439  0.012154  0.012931
  1.000000
  0.000000  0.000000  0.000000  0.000000  0.000000  0.000000  0.000000  0.000000
  0.000000  0.000000  0.000000  0.000000  0.000000  0.000000  0.000000  0.000000
  0.000422  0.000567  0.000656  0.000712  0.000745  0.000770  0.000796  0.000824
  0.000854  0.000885  0.000917  0.000951  0.000986  0.001023  0.001060  0.001099
  0.001139  0.001181  0.001223  0.001265  0.001308  0.001352  0.001396  0.001440
  0.001482  0.001519  0.001551  0.001577  0.001595  0.001606  0.001610  0.001607
  0.001597  0.001580  0.001556  0.001525  0.001488  0.001446  0.001398  0.001347
  0.001293  0.001236  0.001177  0.001116  0.001054  0.000992  0.000929  0.000867
  0.000805  0.000745  0.000590  0.000000  0.000000  0.000000  0.000000  0.000000
  0.000000  0.000000  0.000000  0.000000  0.000000  0.000000  0.000000
  1.000000  0.000000
  0.278202  0.278166  0.278148  0.278145  0.278156  0.278179  0.278211  0.278244
  0.278277  0.278309  0.278338  0.278366  0.278390  0.278412  0.278432  0.278450
  0.278468  0.278488  0.278510  0.278534  0.278561  0.278590  0.278623  0.278658
  0.278698  0.278742  0.278790  0.278844  0.278903  0.278968  0.279040  0.279119
  0.279207  0.279304  0.279411  0.279530  0.279662  0.279811  0.279980  0.280170
  0.280381  0.280611  0.280854  0.281105  0.281359  0.281614  0.281868  0.282122
  0.282376  0.282629  0.282879  0.283125  0.283363  0.283589  0.283802  0.284001
  0.284185  0.284355  0.284511  0.284655  0.284786  0.284906  0.285013  0.285110
  0.285197  0.285273  0.285341  0.285401  0.285443  0.285490  0.285540  0.285596
  0.285657  0.285725  0.285801  0.285885  0.285982  0.286135  0.286328
 ***************************************************************
 ************STARTING THE INPUT FOR EACH BLADE ROW**************
  BLADE ROW NUMBER =        4                                           
    NUMBER OF BLADES IN ROW 
       147
        JM        JLE       JTE 
        79        16        68
      KTIPSTART  KTIPEND 
         0         0
       BOUNDARY LAYER TRANSITION POINTS 
         0         0         0         0
  SET NEWGRID= 1 TO GENERATE A NEW GRID WITH DIFFERENT "J" POINTS AND SPACINGS.
         0
   RPMROW,    RPMHUB 
   13250.3   13250.3
       JROTHS    JROTHE    JROTTS    JROTTE 
         1         1         1         1
   PUPROW    PLEROW   PTEROW    PDROW 
  682636.8  682636.8  519486.2  519486.2
      NSECS_ROW   INSURF  
         3         0
  IF_CUSP_OUT   IFANGLES 
         1         0
         0         3         0
 ***************************************************************
  ROW NUMBER           4  SECTION NUMBER            1
           0           0           0  IF_DESIGN etc 
   1.00000   0.00000    0
  0.037974  0.038476  0.038920  0.039319  0.039667  0.039968  0.040227  0.040451
  0.040644  0.040811  0.040955  0.041079  0.041186  0.041278  0.041358  0.041427
  0.041493  0.041564  0.041638  0.041718  0.041802  0.041892  0.041988  0.042090
  0.042199  0.042315  0.042438  0.042569  0.042707  0.042853  0.043008  0.043172
  0.043345  0.043528  0.043722  0.043928  0.044148  0.044385  0.044642  0.044919
  0.045214  0.045525  0.045843  0.046162  0.046479  0.046794  0.047104  0.047413
  0.047724  0.048038  0.048353  0.048669  0.048985  0.049296  0.049600  0.049898
  0.050187  0.050469  0.050743  0.051010  0.051271  0.051523  0.051768  0.052004
  0.052231  0.052449  0.052658  0.052856  0.053063  0.053289  0.053533  0.053800
  0.054089  0.054405  0.054750  0.055124  0.055529  0.055966  0.056430
  1.000000  0.000000
 -0.006219 -0.005662 -0.005182 -0.004769 -0.004412 -0.004104 -0.003838 -0.003608
 -0.003409 -0.003238 -0.003090 -0.002962 -0.002851 -0.002756 -0.002673 -0.002602
 -0.002346 -0.002243 -0.002143 -0.002040 -0.001934 -0.001824 -0.001709 -0.001591
 -0.001468 -0.001341 -0.001211 -0.001077 -0.000941 -0.000803 -0.000663 -0.000523
 -0.000384 -0.000246 -0.000112  0.000017  0.000138  0.000252  0.000352  0.000434
  0.000487  0.000507  0.000487  0.000428  0.000324  0.000181  0.000000 -0.000221
 -0.000482 -0.000783 -0.001123 -0.001501 -0.001913 -0.002351 -0.002809 -0.003281
 -0.003765 -0.004253 -0.004748 -0.005245 -0.005742 -0.006236 -0.006725 -0.007205
 -0.007676 -0.008134 -0.008577 -0.009098 -0.009508 -0.009952 -0.010432 -0.010952
 -0.011515 -0.012124 -0.012782 -0.013494 -0.014262 -0.015093 -0.015987
  1.000000
  0.000000  0.000000  0.000000  0.000000  0.000000  0.000000  0.000000  0.000000
  0.000000  0.000000  0.000000  0.000000  0.000000  0.000000  0.000000  0.000000
  0.000448  0.000588  0.000696  0.000784  0.000854  0.000903  0.000943  0.000982
  0.001021  0.001060  0.001098  0.001137  0.001176  0.001213  0.001251  0.001288
  0.001324  0.001359  0.001393  0.001425  0.001457  0.001486  0.001513  0.001538
  0.001557  0.001572  0.001579  0.001582  0.001577  0.001567  0.001551  0.001531
  0.001505  0.001474  0.001440  0.001400  0.001356  0.001310  0.001261  0.001211
  0.001160  0.001109  0.001057  0.001005  0.000954  0.000903  0.000853  0.000805
  0.000757  0.000711  0.000603  0.000000  0.000000  0.000000  0.000000  0.000000
  0.000000  0.000000  0.000000  0.000000  0.000000  0.000000  0.000000
  1.000000  0.000000
  0.207623  0.207408  0.207246  0.207142  0.207063  0.206994  0.206932  0.206878
  0.206830  0.206788  0.206751  0.206718  0.206690  0.206665  0.206644  0.206625
  0.206599  0.206571  0.206540  0.206506  0.206468  0.206426  0.206379  0.206327
  0.206269  0.206204  0.206133  0.206053  0.205965  0.205867  0.205758  0.205638
  0.205505  0.205357  0.205193  0.205012  0.204810  0.204582  0.204323  0.204034
  0.203714  0.203366  0.203000  0.202627  0.202251  0.201878  0.201512  0.201151
  0.200796  0.200449  0.200114  0.199793  0.199491  0.199214  0.198963  0.198739
  0.198542  0.198371  0.198223  0.198099  0.197996  0.197914  0.197850  0.197803
  0.197772  0.197754  0.197749  0.197754  0.197810  0.197867  0.197925  0.197982
  0.198035  0.198082  0.198121  0.198144  0.198148  0.198123  0.198049
 ***************************************************************
  ROW NUMBER           4  SECTION NUMBER            2
           0           0           0  IF_DESIGN etc 
   1.00000   0.00000    0
  0.038574  0.039012  0.039390  0.039716  0.039999  0.040242  0.040453  0.040635
  0.040792  0.040928  0.041045  0.041146  0.041234  0.041310  0.041375  0.041431
  0.041488  0.041548  0.041612  0.041680  0.041753  0.041832  0.041916  0.042006
  0.042103  0.042207  0.042319  0.042438  0.042565  0.042700  0.042845  0.043000
  0.043165  0.043342  0.043532  0.043736  0.043955  0.044195  0.044459  0.044746
  0.045056  0.045387  0.045728  0.046074  0.046420  0.046764  0.047105  0.047444
  0.047785  0.048127  0.048470  0.048810  0.049147  0.049474  0.049791  0.050096
  0.050389  0.050669  0.050938  0.051196  0.051442  0.051678  0.051903  0.052117
  0.052319  0.052511  0.052691  0.052860  0.053030  0.053213  0.053412  0.053626
  0.053859  0.054111  0.054383  0.054678  0.054998  0.055344  0.055718
  1.000000  0.000000
 -0.000388 -0.000221 -0.000077  0.000047  0.000155  0.000248  0.000328  0.000397
  0.000457  0.000509  0.000554  0.000592  0.000626  0.000654  0.000679  0.000701
  0.000912  0.000966  0.001009  0.001052  0.001094  0.001137  0.001180  0.001222
  0.001264  0.001306  0.001347  0.001386  0.001423  0.001458  0.001489  0.001516
  0.001537  0.001552  0.001558  0.001554  0.001539  0.001507  0.001456  0.001380
  0.001276  0.001139  0.000969  0.000768  0.000539  0.000282  0.000000 -0.000308
 -0.000645 -0.001011 -0.001404 -0.001823 -0.002263 -0.002716 -0.003179 -0.003646
 -0.004115 -0.004582 -0.005048 -0.005510 -0.005967 -0.006416 -0.006856 -0.007286
 -0.007702 -0.008105 -0.008492 -0.008951 -0.009303 -0.009683 -0.010095 -0.010541
 -0.011024 -0.011547 -0.012112 -0.012725 -0.013388 -0.014105 -0.014882
  1.000000
  0.000000  0.000000  0.000000  0.000000  0.000000  0.000000  0.000000  0.000000
  0.000000  0.000000  0.000000  0.000000  0.000000  0.000000  0.000000  0.000000
  0.000450  0.000588  0.000687  0.000763  0.000816  0.000855  0.000892  0.000928
  0.000965  0.001001  0.001038  0.001074  0.001110  0.001146  0.001181  0.001215
  0.001249  0.001283  0.001314  0.001345  0.001374  0.001402  0.001427  0.001450
  0.001468  0.001482  0.001489  0.001491  0.001487  0.001477  0.001462  0.001442
  0.001418  0.001388  0.001355  0.001317  0.001276  0.001233  0.001187  0.001140
  0.001092  0.001044  0.000995  0.000946  0.000898  0.000850  0.000803  0.000757
  0.000712  0.000668  0.000543  0.000000  0.000000  0.000000  0.000000  0.000000
  0.000000  0.000000  0.000000  0.000000  0.000000  0.000000  0.000000
  1.000000  0.000000
  0.246300  0.246300  0.246300  0.246300  0.246300  0.246300  0.246300  0.246300
  0.246300  0.246300  0.246300  0.246300  0.246300  0.246300  0.246300  0.246300
  0.246300  0.246300  0.246300  0.246300  0.246300  0.246300  0.246300  0.246300
  0.246300  0.246300  0.246300  0.246300  0.246300  0.246300  0.246300  0.246300
  0.246300  0.246300  0.246300  0.246300  0.246300  0.246300  0.246300  0.246300
  0.246300  0.246300  0.246300  0.246300  0.246300  0.246300  0.246300  0.246300
  0.246300  0.246300  0.246300  0.246300  0.246300  0.246300  0.246300  0.246300
  0.246300  0.246300  0.246300  0.246300  0.246300  0.246300  0.246300  0.246300
  0.246300  0.246300  0.246300  0.246300  0.246300  0.246300  0.246300  0.246300
  0.246300  0.246300  0.246300  0.246300  0.246300  0.246300  0.246300
 ***************************************************************
  ROW NUMBER           4  SECTION NUMBER            3
           0           0           0  IF_DESIGN etc 
   1.00000   0.00000    0
  0.037974  0.038476  0.038920  0.039319  0.039667  0.039968  0.040227  0.040451
  0.040644  0.040811  0.040955  0.041079  0.041186  0.041278  0.041358  0.041427
  0.041493  0.041564  0.041638  0.041718  0.041802  0.041892  0.041988  0.042090
  0.042199  0.042315  0.042438  0.042569  0.042707  0.042853  0.043008  0.043172
  0.043345  0.043528  0.043722  0.043928  0.044148  0.044385  0.044642  0.044919
  0.045214  0.045525  0.045843  0.046162  0.046479  0.046794  0.047104  0.047413
  0.047724  0.048038  0.048353  0.048669  0.048985  0.049296  0.049600  0.049898
  0.050187  0.050469  0.050743  0.051010  0.051271  0.051523  0.051768  0.052004
  0.052231  0.052449  0.052658  0.052856  0.053063  0.053289  0.053534  0.053800
  0.054089  0.054405  0.054750  0.055124  0.055529  0.055966  0.056430
  1.000000  0.000000
  0.004005  0.003935  0.003875  0.003822  0.003776  0.003737  0.003703  0.003673
  0.003648  0.003626  0.003607  0.003591  0.003576  0.003564  0.003554  0.003544
  0.003945  0.004078  0.004160  0.004202  0.004218  0.004226  0.004232  0.004234
  0.004232  0.004225  0.004213  0.004194  0.004169  0.004136  0.004093  0.004040
  0.003974  0.003894  0.003797  0.003681  0.003542  0.003373  0.003167  0.002920
  0.002627  0.002285  0.001897  0.001470  0.001010  0.000519  0.000000 -0.000549
 -0.001133 -0.001751 -0.002401 -0.003080 -0.003782 -0.004496 -0.005213 -0.005928
 -0.006638 -0.007339 -0.008031 -0.008713 -0.009381 -0.010034 -0.010670 -0.011287
 -0.011881 -0.012453 -0.013001 -0.013619 -0.014109 -0.014638 -0.015212 -0.015833
 -0.016506 -0.017234 -0.018024 -0.018879 -0.019806 -0.020813 -0.021905
  1.000000
  0.000000  0.000000  0.000000  0.000000  0.000000  0.000000  0.000000  0.000000
  0.000000  0.000000  0.000000  0.000000  0.000000  0.000000  0.000000  0.000000
  0.000754  0.000971  0.001099  0.001185  0.001246  0.001302  0.001358  0.001413
  0.001468  0.001524  0.001579  0.001633  0.001688  0.001741  0.001795  0.001847
  0.001899  0.001948  0.001996  0.002043  0.002087  0.002129  0.002167  0.002201
  0.002230  0.002250  0.002261  0.002263  0.002256  0.002240  0.002218  0.002188
  0.002151  0.002107  0.002056  0.001999  0.001937  0.001869  0.001799  0.001728
  0.001655  0.001582  0.001508  0.001433  0.001360  0.001287  0.001215  0.001145
  0.001077  0.001011  0.000783  0.000000  0.000000  0.000000  0.000000  0.000000
  0.000000  0.000000  0.000000  0.000000  0.000000  0.000000  0.000000
  1.000000  0.000000
  0.284977  0.285192  0.285354  0.285458  0.285537  0.285606  0.285668  0.285722
  0.285770  0.285812  0.285849  0.285882  0.285910  0.285935  0.285956  0.285975
  0.286001  0.286029  0.286060  0.286094  0.286132  0.286174  0.286221  0.286273
  0.286331  0.286395  0.286467  0.286547  0.286635  0.286733  0.286842  0.286962
  0.287095  0.287243  0.287407  0.287588  0.287790  0.288018  0.288277  0.288566
  0.288886  0.289234  0.289600  0.289973  0.290348  0.290721  0.291088  0.291448
  0.291803  0.292150  0.292486  0.292807  0.293108  0.293385  0.293636  0.293860
  0.294058  0.294229  0.294376  0.294501  0.294604  0.294686  0.294750  0.294797
  0.294828  0.294846  0.294851  0.294846  0.294790  0.294733  0.294675  0.294619
  0.294565  0.294518  0.294480  0.294456  0.294452  0.294477  0.294551
 ***************************************************************
 ************STARTING THE INPUT FOR EACH BLADE ROW**************
  BLADE ROW NUMBER =        5                                           
    NUMBER OF BLADES IN ROW 
       146
        JM        JLE       JTE 
        79        16        68
      KTIPSTART  KTIPEND 
         0         0
       BOUNDARY LAYER TRANSITION POINTS 
         0         0         0         0
  SET NEWGRID= 1 TO GENERATE A NEW GRID WITH DIFFERENT "J" POINTS AND SPACINGS.
         0
   RPMROW,    RPMHUB 
       0.0       0.0
       JROTHS    JROTHE    JROTTS    JROTTE 
         1         1         1         1
   PUPROW    PLEROW   PTEROW    PDROW 
  519486.2  519486.2  387574.9  387574.9
      NSECS_ROW   INSURF  
         3         0
  IF_CUSP_OUT   IFANGLES 
         1         0
         0         3         0
 ***************************************************************
  ROW NUMBER           5  SECTION NUMBER            1
           0           0           0  IF_DESIGN etc 
   1.00000   0.00000    0
  0.053338  0.053966  0.054516  0.054996  0.055411  0.055768  0.056075  0.056337
  0.056561  0.056755  0.056921  0.057065  0.057188  0.057294  0.057386  0.057465
  0.057540  0.057619  0.057702  0.057790  0.057884  0.057983  0.058089  0.058201
  0.058320  0.058446  0.058579  0.058719  0.058867  0.059021  0.059184  0.059355
  0.059535  0.059723  0.059921  0.060129  0.060348  0.060582  0.060834  0.061102
  0.061385  0.061679  0.061977  0.062274  0.062567  0.062855  0.063140  0.063424
  0.063710  0.064000  0.064292  0.064589  0.064887  0.065184  0.065479  0.065771
  0.066058  0.066341  0.066620  0.066896  0.067168  0.067435  0.067697  0.067952
  0.068201  0.068442  0.068675  0.068898  0.069135  0.069393  0.069671  0.069972
  0.070298  0.070650  0.071028  0.071414  0.071815  0.072231  0.072663
  1.000000  0.000000
 -0.002945 -0.003251 -0.003516 -0.003743 -0.003940 -0.004109 -0.004255 -0.004380
 -0.004488 -0.004582 -0.004662 -0.004732 -0.004792 -0.004843 -0.004888 -0.004926
 -0.004615 -0.004476 -0.004375 -0.004308 -0.004278 -0.004287 -0.004309 -0.004330
 -0.004349 -0.004365 -0.004378 -0.004387 -0.004390 -0.004387 -0.004376 -0.004356
 -0.004324 -0.004280 -0.004218 -0.004138 -0.004033 -0.003898 -0.003726 -0.003508
 -0.003240 -0.002916 -0.002538 -0.002113 -0.001643 -0.001134 -0.000586  0.000000
  0.000631  0.001306  0.002022  0.002777  0.003563  0.004367  0.005180  0.005998
  0.006814  0.007623  0.008428  0.009224  0.010008  0.010778  0.011531  0.012265
  0.012976  0.013662  0.014198  0.014116  0.014796  0.015532  0.016329  0.017191
  0.018123  0.019131  0.020222  0.021397  0.022666  0.024035  0.025511
  1.000000
  0.000000  0.000000  0.000000  0.000000  0.000000  0.000000  0.000000  0.000000
  0.000000  0.000000  0.000000  0.000000  0.000000  0.000000  0.000000  0.000000
  0.000556  0.000768  0.000927  0.001054  0.001145  0.001198  0.001240  0.001285
  0.001331  0.001380  0.001431  0.001485  0.001540  0.001598  0.001658  0.001719
  0.001783  0.001847  0.001913  0.001981  0.002049  0.002119  0.002189  0.002258
  0.002323  0.002383  0.002434  0.002474  0.002503  0.002521  0.002528  0.002524
  0.002509  0.002483  0.002447  0.002399  0.002341  0.002274  0.002198  0.002118
  0.002032  0.001943  0.001851  0.001756  0.001659  0.001561  0.001462  0.001364
  0.001267  0.001172  0.000956  0.000000  0.000000  0.000000  0.000000  0.000000
  0.000000  0.000000  0.000000  0.000000  0.000000  0.000000  0.000000
  1.000000  0.000000
  0.197880  0.198013  0.198096  0.198138  0.198149  0.198138  0.198110  0.198067
  0.198021  0.197974  0.197929  0.197886  0.197846  0.197809  0.197777  0.197747
  0.197717  0.197685  0.197649  0.197609  0.197565  0.197517  0.197463  0.197403
  0.197336  0.197262  0.197180  0.197088  0.196987  0.196875  0.196751  0.196613
  0.196460  0.196290  0.196101  0.195892  0.195658  0.195394  0.195093  0.194754
  0.194378  0.193966  0.193529  0.193079  0.192622  0.192162  0.191704  0.191248
  0.190791  0.190336  0.189886  0.189446  0.189020  0.188617  0.188238  0.187885
  0.187560  0.187261  0.186987  0.186736  0.186509  0.186304  0.186120  0.185957
  0.185812  0.185684  0.185573  0.185477  0.185404  0.185326  0.185240  0.185147
  0.185045  0.184932  0.184806  0.184636  0.184429  0.184180  0.183882
 ***************************************************************
  ROW NUMBER           5  SECTION NUMBER            2
           0           0           0  IF_DESIGN etc 
   1.00000   0.00000    0
  0.054614  0.055052  0.055430  0.055757  0.056039  0.056283  0.056493  0.056675
  0.056833  0.056968  0.057086  0.057187  0.057275  0.057350  0.057416  0.057472
  0.057529  0.057589  0.057653  0.057721  0.057794  0.057873  0.057957  0.058047
  0.058144  0.058248  0.058360  0.058479  0.058606  0.058741  0.058886  0.059041
  0.059207  0.059384  0.059574  0.059777  0.059997  0.060237  0.060501  0.060788
  0.061099  0.061429  0.061771  0.062116  0.062462  0.062806  0.063147  0.063487
  0.063828  0.064170  0.064513  0.064854  0.065190  0.065518  0.065835  0.066140
  0.066433  0.066713  0.066982  0.067240  0.067487  0.067723  0.067947  0.068161
  0.068364  0.068555  0.068736  0.068905  0.069075  0.069258  0.069457  0.069672
  0.069904  0.070156  0.070429  0.070724  0.071043  0.071389  0.071764
  1.000000  0.000000
 -0.001383 -0.001550 -0.001694 -0.001818 -0.001926 -0.002018 -0.002099 -0.002168
 -0.002228 -0.002280 -0.002324 -0.002363 -0.002396 -0.002425 -0.002450 -0.002472
 -0.002267 -0.002182 -0.002129 -0.002102 -0.002101 -0.002113 -0.002125 -0.002137
 -0.002148 -0.002157 -0.002165 -0.002171 -0.002174 -0.002175 -0.002171 -0.002163
 -0.002149 -0.002129 -0.002100 -0.002062 -0.002012 -0.001948 -0.001863 -0.001757
 -0.001625 -0.001464 -0.001277 -0.001064 -0.000829 -0.000572 -0.000297  0.000000
  0.000320  0.000663  0.001028  0.001413  0.001815  0.002226  0.002644  0.003064
  0.003484  0.003900  0.004314  0.004724  0.005128  0.005524  0.005912  0.006290
  0.006655  0.007008  0.007264  0.007180  0.007531  0.007912  0.008324  0.008770
  0.009253  0.009776  0.010342  0.010954  0.011618  0.012335  0.013113
  1.000000
  0.000000  0.000000  0.000000  0.000000  0.000000  0.000000  0.000000  0.000000
  0.000000  0.000000  0.000000  0.000000  0.000000  0.000000  0.000000  0.000000
  0.000371  0.000504  0.000591  0.000651  0.000687  0.000711  0.000735  0.000761
  0.000788  0.000817  0.000847  0.000878  0.000911  0.000945  0.000980  0.001016
  0.001053  0.001091  0.001130  0.001169  0.001210  0.001250  0.001291  0.001331
  0.001370  0.001404  0.001435  0.001458  0.001475  0.001485  0.001489  0.001487
  0.001478  0.001463  0.001441  0.001412  0.001377  0.001337  0.001294  0.001246
  0.001196  0.001143  0.001089  0.001033  0.000976  0.000918  0.000860  0.000802
  0.000745  0.000689  0.000552  0.000000  0.000000  0.000000  0.000000  0.000000
  0.000000  0.000000  0.000000  0.000000  0.000000  0.000000  0.000000
  1.000000  0.000000
  0.246300  0.246300  0.246300  0.246300  0.246300  0.246300  0.246300  0.246300
  0.246300  0.246300  0.246300  0.246300  0.246300  0.246300  0.246300  0.246300
  0.246300  0.246300  0.246300  0.246300  0.246300  0.246300  0.246300  0.246300
  0.246300  0.246300  0.246300  0.246300  0.246300  0.246300  0.246300  0.246300
  0.246300  0.246300  0.246300  0.246300  0.246300  0.246300  0.246300  0.246300
  0.246300  0.246300  0.246300  0.246300  0.246300  0.246300  0.246300  0.246300
  0.246300  0.246300  0.246300  0.246300  0.246300  0.246300  0.246300  0.246300
  0.246300  0.246300  0.246300  0.246300  0.246300  0.246300  0.246300  0.246300
  0.246300  0.246300  0.246300  0.246300  0.246300  0.246300  0.246300  0.246300
  0.246300  0.246300  0.246300  0.246300  0.246300  0.246300  0.246300
 ***************************************************************
  ROW NUMBER           5  SECTION NUMBER            3
           0           0           0  IF_DESIGN etc 
   1.00000   0.00000    0
  0.053338  0.053966  0.054516  0.054996  0.055411  0.055768  0.056075  0.056337
  0.056561  0.056755  0.056921  0.057065  0.057188  0.057294  0.057386  0.057465
  0.057540  0.057619  0.057702  0.057790  0.057884  0.057983  0.058089  0.058201
  0.058320  0.058446  0.058579  0.058719  0.058867  0.059021  0.059184  0.059355
  0.059535  0.059723  0.059921  0.060129  0.060348  0.060582  0.060834  0.061102
  0.061385  0.061679  0.061977  0.062274  0.062567  0.062855  0.063140  0.063424
  0.063710  0.064000  0.064292  0.064589  0.064887  0.065184  0.065479  0.065771
  0.066058  0.066341  0.066620  0.066896  0.067168  0.067435  0.067697  0.067952
  0.068201  0.068442  0.068675  0.068898  0.069135  0.069393  0.069671  0.069972
  0.070298  0.070650  0.071028  0.071414  0.071815  0.072231  0.072663
  1.000000  0.000000
 -0.001577 -0.001780 -0.001957 -0.002109 -0.002241 -0.002355 -0.002454 -0.002539
 -0.002613 -0.002677 -0.002732 -0.002780 -0.002821 -0.002857 -0.002888 -0.002914
 -0.002623 -0.002510 -0.002447 -0.002422 -0.002429 -0.002444 -0.002458 -0.002471
 -0.002484 -0.002495 -0.002504 -0.002511 -0.002515 -0.002515 -0.002511 -0.002502
 -0.002487 -0.002463 -0.002431 -0.002387 -0.002331 -0.002256 -0.002160 -0.002037
 -0.001884 -0.001699 -0.001482 -0.001236 -0.000963 -0.000666 -0.000345  0.000000
  0.000373  0.000773  0.001199  0.001650  0.002120  0.002602  0.003091  0.003584
  0.004075  0.004564  0.005049  0.005530  0.006003  0.006468  0.006922  0.007365
  0.007793  0.008207  0.008482  0.008321  0.008736  0.009186  0.009673  0.010200
  0.010771  0.011390  0.012060  0.012787  0.013575  0.014430  0.015358
  1.000000
  0.000000  0.000000  0.000000  0.000000  0.000000  0.000000  0.000000  0.000000
  0.000000  0.000000  0.000000  0.000000  0.000000  0.000000  0.000000  0.000000
  0.000537  0.000719  0.000826  0.000893  0.000930  0.000962  0.000995  0.001030
  0.001066  0.001105  0.001145  0.001187  0.001232  0.001277  0.001324  0.001373
  0.001422  0.001474  0.001526  0.001579  0.001633  0.001688  0.001743  0.001797
  0.001849  0.001896  0.001935  0.001968  0.001991  0.002005  0.002009  0.002005
  0.001993  0.001972  0.001942  0.001903  0.001857  0.001804  0.001745  0.001681
  0.001613  0.001542  0.001468  0.001392  0.001315  0.001237  0.001159  0.001081
  0.001004  0.000929  0.000734  0.000000  0.000000  0.000000  0.000000  0.000000
  0.000000  0.000000  0.000000  0.000000  0.000000  0.000000  0.000000
  1.000000  0.000000
  0.294721  0.294587  0.294504  0.294462  0.294451  0.294462  0.294490  0.294533
  0.294579  0.294626  0.294671  0.294714  0.294754  0.294791  0.294823  0.294853
  0.294883  0.294915  0.294951  0.294991  0.295035  0.295083  0.295137  0.295197
  0.295264  0.295338  0.295420  0.295512  0.295613  0.295725  0.295849  0.295987
  0.296140  0.296310  0.296499  0.296708  0.296942  0.297206  0.297507  0.297846
  0.298222  0.298634  0.299071  0.299521  0.299978  0.300438  0.300896  0.301352
  0.301809  0.302264  0.302714  0.303154  0.303580  0.303983  0.304362  0.304715
  0.305040  0.305339  0.305614  0.305864  0.306091  0.306296  0.306480  0.306643
  0.306788  0.306916  0.307027  0.307123  0.307196  0.307274  0.307360  0.307453
  0.307555  0.307668  0.307794  0.307964  0.308171  0.308420  0.308718
 ***************************************************************
 ************STARTING THE INPUT FOR EACH BLADE ROW**************
  BLADE ROW NUMBER =        6                                           
    NUMBER OF BLADES IN ROW 
       147
        JM        JLE       JTE 
        83        16        68
      KTIPSTART  KTIPEND 
         0         0
       BOUNDARY LAYER TRANSITION POINTS 
         0         0         0         0
  SET NEWGRID= 1 TO GENERATE A NEW GRID WITH DIFFERENT "J" POINTS AND SPACINGS.
         0
   RPMROW,    RPMHUB 
   13250.3   13250.3
       JROTHS    JROTHE    JROTTS    JROTTE 
         1         1         1         1
   PUPROW    PLEROW   PTEROW    PDROW 
  387574.9  387574.9  283958.5  283958.5
      NSECS_ROW   INSURF  
         3         0
  IF_CUSP_OUT   IFANGLES 
         1         0
         0         3         0
 ***************************************************************
  ROW NUMBER           6  SECTION NUMBER            1
           0           0           0  IF_DESIGN etc 
   1.00000   0.00000    0
  0.066573  0.067145  0.067669  0.068146  0.068577  0.068968  0.069325  0.069634
  0.069901  0.070131  0.070329  0.070501  0.070649  0.070777  0.070887  0.070982
  0.071073  0.071168  0.071269  0.071376  0.071490  0.071610  0.071737  0.071871
  0.072014  0.072164  0.072323  0.072489  0.072664  0.072847  0.073038  0.073238
  0.073447  0.073666  0.073893  0.074132  0.074381  0.074645  0.074928  0.075225
  0.075535  0.075855  0.076175  0.076490  0.076798  0.077099  0.077393  0.077683
  0.077974  0.078267  0.078562  0.078859  0.079158  0.079456  0.079751  0.080044
  0.080333  0.080619  0.080902  0.081182  0.081459  0.081733  0.082002  0.082265
  0.082523  0.082773  0.083016  0.083249  0.083528  0.083839  0.084185  0.084571
  0.085002  0.085482  0.086017  0.086614  0.087280  0.088022  0.088849  0.089769
  0.090792  0.091927  0.093182
  1.000000  0.000000
 -0.014239 -0.013115 -0.012149 -0.011319 -0.010605 -0.009990 -0.009461 -0.009004
 -0.008610 -0.008269 -0.007975 -0.007721 -0.007501 -0.007311 -0.007148 -0.007006
 -0.006606 -0.006419 -0.006234 -0.006043 -0.005843 -0.005634 -0.005416 -0.005187
 -0.004949 -0.004700 -0.004441 -0.004174 -0.003899 -0.003616 -0.003326 -0.003030
 -0.002729 -0.002425 -0.002120 -0.001815 -0.001513 -0.001212 -0.000921 -0.000648
 -0.000403 -0.000202 -0.000056  0.000027  0.000047  0.000000 -0.000105 -0.000274
 -0.000504 -0.000793 -0.001146 -0.001558 -0.002023 -0.002531 -0.003075 -0.003648
 -0.004241 -0.004851 -0.005473 -0.006105 -0.006742 -0.007379 -0.008013 -0.008639
 -0.009255 -0.009857 -0.010441 -0.011166 -0.011710 -0.012312 -0.012978 -0.013716
 -0.014534 -0.015440 -0.016443 -0.017554 -0.018786 -0.020151 -0.021666 -0.023346
 -0.025211 -0.027283 -0.029588
  1.000000
  0.000000  0.000000  0.000000  0.000000  0.000000  0.000000  0.000000  0.000000
  0.000000  0.000000  0.000000  0.000000  0.000000  0.000000  0.000000  0.000000
  0.000610  0.000795  0.000932  0.001042  0.001125  0.001183  0.001234  0.001285
  0.001336  0.001387  0.001438  0.001488  0.001538  0.001587  0.001636  0.001684
  0.001731  0.001777  0.001821  0.001864  0.001904  0.001944  0.001978  0.002010
  0.002036  0.002054  0.002065  0.002067  0.002063  0.002047  0.002029  0.002001
  0.001966  0.001927  0.001880  0.001827  0.001772  0.001712  0.001648  0.001582
  0.001516  0.001449  0.001382  0.001314  0.001248  0.001181  0.001116  0.001053
  0.000991  0.000930  0.000801  0.000000  0.000000  0.000000  0.000000  0.000000
  0.000000  0.000000  0.000000  0.000000  0.000000  0.000000  0.000000  0.000000
  0.000000  0.000000  0.000000
  1.000000  0.000000
  0.187031  0.186527  0.186139  0.185843  0.185619  0.185456  0.185346  0.185251
  0.185169  0.185097  0.185035  0.184980  0.184933  0.184892  0.184856  0.184825
  0.184788  0.184747  0.184703  0.184653  0.184599  0.184538  0.184471  0.184397
  0.184314  0.184222  0.184120  0.184007  0.183881  0.183742  0.183587  0.183416
  0.183226  0.183015  0.182781  0.182520  0.182229  0.181900  0.181524  0.181101
  0.180629  0.180112  0.179562  0.178993  0.178414  0.177830  0.177245  0.176659
  0.176070  0.175480  0.174893  0.174315  0.173751  0.173212  0.172702  0.172222
  0.171774  0.171358  0.170971  0.170613  0.170283  0.169980  0.169704  0.169452
  0.169224  0.169019  0.168835  0.168671  0.168560  0.168440  0.168314  0.168180
  0.168040  0.167894  0.167744  0.167592  0.167442  0.167298  0.167165  0.167049
  0.166962  0.166913  0.166918
 ***************************************************************
  ROW NUMBER           6  SECTION NUMBER            2
           0           0           0  IF_DESIGN etc 
   1.00000   0.00000    0
  0.067971  0.068440  0.068846  0.069197  0.069500  0.069761  0.069987  0.070183
  0.070351  0.070497  0.070623  0.070732  0.070826  0.070907  0.070977  0.071038
  0.071098  0.071163  0.071231  0.071305  0.071383  0.071467  0.071558  0.071655
  0.071759  0.071870  0.071990  0.072117  0.072254  0.072399  0.072555  0.072721
  0.072899  0.073089  0.073292  0.073511  0.073746  0.074004  0.074287  0.074595
  0.074928  0.075283  0.075650  0.076020  0.076391  0.076761  0.077127  0.077491
  0.077857  0.078224  0.078592  0.078957  0.079318  0.079670  0.080010  0.080338
  0.080652  0.080952  0.081241  0.081518  0.081783  0.082036  0.082277  0.082506
  0.082724  0.082929  0.083123  0.083305  0.083486  0.083688  0.083911  0.084158
  0.084431  0.084734  0.085070  0.085441  0.085853  0.086309  0.086814  0.087373
  0.087992  0.088678  0.089438
  1.000000  0.000000
 -0.000416 -0.000237 -0.000083  0.000051  0.000166  0.000266  0.000352  0.000426
  0.000491  0.000546  0.000594  0.000636  0.000671  0.000702  0.000729  0.000752
  0.000979  0.001037  0.001084  0.001129  0.001175  0.001220  0.001266  0.001312
  0.001357  0.001402  0.001446  0.001488  0.001528  0.001565  0.001598  0.001627
  0.001650  0.001666  0.001672  0.001668  0.001652  0.001618  0.001563  0.001482
  0.001369  0.001223  0.001040  0.000825  0.000578  0.000303  0.000000 -0.000331
 -0.000693 -0.001085 -0.001507 -0.001956 -0.002429 -0.002915 -0.003412 -0.003914
 -0.004417 -0.004918 -0.005418 -0.005914 -0.006404 -0.006887 -0.007359 -0.007820
 -0.008267 -0.008699 -0.009115 -0.009608 -0.009985 -0.010403 -0.010866 -0.011378
 -0.011946 -0.012575 -0.013271 -0.014042 -0.014897 -0.015843 -0.016891 -0.018051
 -0.019337 -0.020761 -0.022338
  1.000000
  0.000000  0.000000  0.000000  0.000000  0.000000  0.000000  0.000000  0.000000
  0.000000  0.000000  0.000000  0.000000  0.000000  0.000000  0.000000  0.000000
  0.000483  0.000631  0.000737  0.000819  0.000876  0.000917  0.000957  0.000996
  0.001035  0.001075  0.001114  0.001153  0.001191  0.001230  0.001267  0.001304
  0.001340  0.001377  0.001410  0.001444  0.001475  0.001504  0.001532  0.001556
  0.001576  0.001591  0.001598  0.001600  0.001596  0.001585  0.001569  0.001548
  0.001522  0.001490  0.001454  0.001414  0.001370  0.001323  0.001274  0.001224
  0.001172  0.001120  0.001068  0.001016  0.000964  0.000912  0.000862  0.000812
  0.000764  0.000717  0.000583  0.000000  0.000000  0.000000  0.000000  0.000000
  0.000000  0.000000  0.000000  0.000000  0.000000  0.000000  0.000000  0.000000
  0.000000  0.000000  0.000000
  1.000000  0.000000
  0.246300  0.246300  0.246300  0.246300  0.246300  0.246300  0.246300  0.246300
  0.246300  0.246300  0.246300  0.246300  0.246300  0.246300  0.246300  0.246300
  0.246300  0.246300  0.246300  0.246300  0.246300  0.246300  0.246300  0.246300
  0.246300  0.246300  0.246300  0.246300  0.246300  0.246300  0.246300  0.246300
  0.246300  0.246300  0.246300  0.246300  0.246300  0.246300  0.246300  0.246300
  0.246300  0.246300  0.246300  0.246300  0.246300  0.246300  0.246300  0.246300
  0.246300  0.246300  0.246300  0.246300  0.246300  0.246300  0.246300  0.246300
  0.246300  0.246300  0.246300  0.246300  0.246300  0.246300  0.246300  0.246300
  0.246300  0.246300  0.246300  0.246300  0.246300  0.246300  0.246300  0.246300
  0.246300  0.246300  0.246300  0.246300  0.246300  0.246300  0.246300  0.246300
  0.246300  0.246300  0.246300
 ***************************************************************
  ROW NUMBER           6  SECTION NUMBER            3
           0           0           0  IF_DESIGN etc 
   1.00000   0.00000    0
  0.066573  0.067145  0.067669  0.068146  0.068577  0.068968  0.069325  0.069634
  0.069901  0.070131  0.070329  0.070501  0.070649  0.070777  0.070887  0.070982
  0.071073  0.071168  0.071269  0.071376  0.071490  0.071610  0.071737  0.071871
  0.072014  0.072164  0.072323  0.072489  0.072664  0.072847  0.073038  0.073238
  0.073447  0.073666  0.073893  0.074132  0.074381  0.074645  0.074927  0.075225
  0.075535  0.075855  0.076175  0.076490  0.076798  0.077099  0.077393  0.077683
  0.077974  0.078267  0.078562  0.078859  0.079158  0.079456  0.079751  0.080044
  0.080333  0.080619  0.080902  0.081182  0.081459  0.081733  0.082002  0.082265
  0.082523  0.082773  0.083016  0.083249  0.083528  0.083839  0.084185  0.084571
  0.085002  0.085482  0.086017  0.086614  0.087280  0.088022  0.088849  0.089769
  0.090792  0.091927  0.093182
  1.000000  0.000000
  0.007897  0.007611  0.007362  0.007146  0.006958  0.006796  0.006654  0.006532
  0.006426  0.006335  0.006256  0.006188  0.006129  0.006078  0.006034  0.005996
  0.006530  0.006738  0.006882  0.006985  0.007046  0.007060  0.007039  0.007007
  0.006967  0.006918  0.006858  0.006786  0.006701  0.006601  0.006485  0.006351
  0.006194  0.006014  0.005805  0.005564  0.005285  0.004956  0.004568  0.004112
  0.003584  0.002980  0.002309  0.001585  0.000813  0.000000 -0.000851 -0.001745
 -0.002686 -0.003675 -0.004708 -0.005781 -0.006883 -0.007997 -0.009113 -0.010225
 -0.011322 -0.012401 -0.013466 -0.014511 -0.015534 -0.016532 -0.017501 -0.018440
 -0.019344 -0.020213 -0.021043 -0.021984 -0.022724 -0.023545 -0.024453 -0.025459
 -0.026574 -0.027807 -0.029174 -0.030686 -0.032360 -0.034213 -0.036264 -0.038532
 -0.041040 -0.043813 -0.046876
  1.000000
  0.000000  0.000000  0.000000  0.000000  0.000000  0.000000  0.000000  0.000000
  0.000000  0.000000  0.000000  0.000000  0.000000  0.000000  0.000000  0.000000
  0.000960  0.001268  0.001508  0.001706  0.001867  0.001986  0.002076  0.002163
  0.002249  0.002335  0.002421  0.002506  0.002591  0.002674  0.002757  0.002838
  0.002918  0.002996  0.003071  0.003143  0.003211  0.003275  0.003335  0.003388
  0.003432  0.003463  0.003482  0.003486  0.003476  0.003454  0.003419  0.003370
  0.003313  0.003245  0.003167  0.003079  0.002983  0.002881  0.002773  0.002662
  0.002549  0.002435  0.002321  0.002207  0.002093  0.001981  0.001870  0.001762
  0.001657  0.001555  0.001176  0.000000  0.000000  0.000000  0.000000  0.000000
  0.000000  0.000000  0.000000  0.000000  0.000000  0.000000  0.000000  0.000000
  0.000000  0.000000  0.000000
  1.000000  0.000000
  0.305569  0.306073  0.306461  0.306757  0.306981  0.307144  0.307254  0.307348
  0.307431  0.307503  0.307565  0.307620  0.307667  0.307708  0.307744  0.307775
  0.307812  0.307853  0.307897  0.307947  0.308001  0.308061  0.308129  0.308203
  0.308286  0.308378  0.308480  0.308593  0.308719  0.308858  0.309012  0.309184
  0.309374  0.309585  0.309819  0.310080  0.310371  0.310700  0.311076  0.311499
  0.311971  0.312488  0.313038  0.313607  0.314186  0.314770  0.315355  0.315941
  0.316530  0.317120  0.317707  0.318285  0.318849  0.319388  0.319898  0.320378
  0.320826  0.321242  0.321629  0.321987  0.322317  0.322619  0.322896  0.323148
  0.323376  0.323581  0.323765  0.323929  0.324040  0.324160  0.324286  0.324420
  0.324561  0.324706  0.324856  0.325008  0.325157  0.325302  0.325435  0.325551
  0.325638  0.325687  0.325682
  STARTING INLET BOUNDARY CONDITION DATA .
  NUMBER OF POINTS FOR INLET BOUNDARY CONDITIONS 
        37
  SPACING OF INLET BOUNDARY CONDITION POINTS 
  1.000000  1.250000  1.562500  1.953125  2.441406  3.051758  3.814697  4.768372
  5.960464  7.450581  9.313226 11.641532 14.551915 18.189894 20.000000 20.000000
 20.000000 20.000000 20.000000 20.000000 20.000000 20.000000 18.189894 14.551915
 11.641532  9.313226  7.450581  5.960464  4.768372  3.814697  3.051758  2.441406
  1.953125  1.562500  1.250000  1.000000
   INLET STAGNATION PRESSURES 
 1518630.0 1518630.0 1518630.0 1518630.0 1518629.9 1518630.0 1518629.9 1518630.1
 1518630.0 1518629.9 1518630.1 1518630.0 1518630.0 1518630.0 1518630.0 1518630.0
 1518630.0 1518630.0 1518630.0 1518630.0 1518630.0 1518630.0 1518630.0 1518630.0
 1518630.0 1518630.0 1518630.0 1518630.0 1518630.0 1518630.0 1518630.0 1518630.0
 1518630.0 1518630.0 1518630.0 1518630.0 1518630.0
   INLET STAGNATION TEMPERATURES 
 1500.0000 1500.0001 1500.0001 1500.0000 1500.0000 1500.0000 1500.0000 1500.0000
 1500.0000 1500.0000 1500.0001 1500.0000 1500.0000 1500.0000 1500.0000 1500.0000
 1500.0000 1500.0000 1500.0000 1500.0000 1500.0000 1500.0000 1500.0000 1500.0000
 1500.0000 1500.0000 1500.0000 1500.0000 1500.0000 1500.0000 1500.0000 1500.0000
 1500.0000 1500.0000 1500.0000 1500.0000 1500.0000
   INLET ABSOLUTE TANGENTIAL VELOCITY 
    0.0000    0.0000    0.0000    0.0000    0.0000    0.0000    0.0000    0.0000
    0.0000    0.0000    0.0000    0.0000    0.0000    0.0000    0.0000    0.0000
    0.0000    0.0000    0.0000    0.0000    0.0000    0.0000    0.0000    0.0000
    0.0000    0.0000    0.0000    0.0000    0.0000    0.0000    0.0000    0.0000
    0.0000    0.0000    0.0000    0.0000    0.0000
   INLET MERIDIONAL VELOCITY 
  221.6978  221.6978  221.6978  221.6978  221.6978  221.6978  221.6978  221.6978
  221.6978  221.6978  221.6978  221.6978  221.6978  221.6978  221.6978  221.6978
  221.6978  221.6978  221.6978  221.6978  221.6978  221.6978  221.6978  221.6978
  221.6978  221.6978  221.6978  221.6978  221.6978  221.6978  221.6978  221.6978
  221.6978  221.6978  221.6978  221.6978  221.6978
   INLET MERIDIONAL YAW ANGLE  
  -19.8550  -19.8550  -19.8550  -19.8550  -19.8550  -19.8550  -19.8550  -19.8550
  -19.8550  -19.8550  -19.8550  -19.8550  -19.8550  -19.8550  -19.8550  -19.8550
  -19.8550  -19.8550  -19.8550  -19.8550  -19.8550  -19.8550  -19.8550  -19.8550
  -19.8550  -19.8550  -19.8550  -19.8550  -19.8550  -19.8550  -19.8550  -19.8550
  -19.8550  -19.8550  -19.8550  -19.8550  -19.8550
   INLET PITCH ANGLE 
   -1.7103   -1.7001   -1.6873   -1.6712   -1.6512   -1.6262   -1.5950   -1.5559
   -1.5070   -1.4460   -1.3697   -1.2743   -1.1550   -1.0059   -0.8196   -0.6147
   -0.4098   -0.2050   -0.0001    0.2048    0.4097    0.6145    0.8194    1.0058
    1.1548    1.2741    1.3695    1.4458    1.5069    1.5557    1.5948    1.6261
    1.6511    1.6711    1.6871    1.6999    1.7101
   PDOWN_HUB   PDOWN_TIP 
  283958.5  283958.5
 MIXING LENGTH LIMITS ON ALL BLADE ROWS
  0.050000  0.050000  0.050000  0.050000  0.050000  0.030000
  0.050000  0.050000  0.050000  0.050000  0.050000  0.030000
  0.050000  0.050000  0.050000  0.050000  0.050000  0.030000
  0.050000  0.050000  0.050000  0.050000  0.050000  0.030000
  0.050000  0.050000  0.050000  0.050000  0.050000  0.030000
  0.050000  0.050000  0.050000  0.050000  0.050000  0.030000
  FACTOR TO INCREASE THE TURBULENT VISCOSITY OVER THE FIRST NMIXUP STEPS 
   2.00000 1000
