    3D DATASET FOR MULTALL, GENERATED BY STAGEN  
   37    0   37    0 9000    0    0    3    4    1    2   37   10   10 1000
    0    2    1    3    0    1    0   10    5    0    1    0
    3    3    3    9    9    9    1    3    1
  BLADE ROW NUMBER =        1                                           
  111   26   96  184    0    0    1    1    1    1    0    0    0    0    0    0
       0.0 1219725.6 1219725.6 1096206.8 1096206.8   0.00000       0.0
  1.000000
 -0.004071 -0.003605 -0.003190 -0.002819 -0.002489 -0.002195 -0.001932 -0.001698
 -0.001490 -0.001304 -0.001138 -0.000991 -0.000859 -0.000742 -0.000637 -0.000544
 -0.000460 -0.000386 -0.000320 -0.000261 -0.000209 -0.000162 -0.000120 -0.000083
 -0.000050 -0.000020  0.000009  0.000040  0.000072  0.000106  0.000142  0.000179
  0.000219  0.000260  0.000304  0.000350  0.000398  0.000449  0.000503  0.000559
  0.000618  0.000681  0.000746  0.000815  0.000887  0.000962  0.001042  0.001125
  0.001213  0.001305  0.001402  0.001504  0.001611  0.001725  0.001846  0.001976
  0.002115  0.002264  0.002421  0.002586  0.002759  0.002936  0.003115  0.003294
  0.003474  0.003653  0.003831  0.004007  0.004184  0.004361  0.004538  0.004716
  0.004894  0.005071  0.005248  0.005422  0.005593  0.005759  0.005922  0.006079
  0.006232  0.006380  0.006524  0.006664  0.006799  0.006930  0.007057  0.007180
  0.007298  0.007412  0.007522  0.007628  0.007729  0.007826  0.007919  0.008008
  0.008097  0.008191  0.008290  0.008395  0.008506  0.008623  0.008747  0.008879
  0.009017  0.009164  0.009318  0.009482  0.009655  0.009838  0.010032
  1.000000
 -0.000762 -0.000844 -0.000917 -0.000982 -0.001041 -0.001092 -0.001139 -0.001180
 -0.001217 -0.001249 -0.001279 -0.001305 -0.001328 -0.001349 -0.001367 -0.001383
 -0.001398 -0.001411 -0.001423 -0.001433 -0.001443 -0.001451 -0.001458 -0.001465
 -0.001471 -0.001476 -0.001344 -0.001295 -0.001265 -0.001248 -0.001241 -0.001240
 -0.001240 -0.001240 -0.001239 -0.001238 -0.001236 -0.001234 -0.001231 -0.001228
 -0.001224 -0.001219 -0.001213 -0.001206 -0.001198 -0.001189 -0.001178 -0.001165
 -0.001150 -0.001134 -0.001114 -0.001092 -0.001067 -0.001039 -0.001006 -0.000968
 -0.000924 -0.000873 -0.000816 -0.000751 -0.000678 -0.000598 -0.000511 -0.000419
 -0.000322 -0.000219 -0.000112  0.000000  0.000117  0.000240  0.000368  0.000502
  0.000641  0.000786  0.000934  0.001086  0.001240  0.001395  0.001550  0.001705
  0.001860  0.002013  0.002165  0.002316  0.002465  0.002613  0.002758  0.002902
  0.003042  0.003180  0.003315  0.003446  0.003574  0.003687  0.003717  0.003604
  0.003733  0.003869  0.004013  0.004165  0.004325  0.004495  0.004675  0.004865
  0.005065  0.005277  0.005502  0.005739  0.005989  0.006254  0.006534
  1.000000
  0.000000  0.000000  0.000000  0.000000  0.000000  0.000000  0.000000  0.000000
  0.000000  0.000000  0.000000  0.000000  0.000000  0.000000  0.000000  0.000000
  0.000000  0.000000  0.000000  0.000000  0.000000  0.000000  0.000000  0.000000
  0.000000  0.000000  0.000247  0.000331  0.000380  0.000409  0.000426  0.000437
  0.000448  0.000459  0.000471  0.000483  0.000495  0.000508  0.000522  0.000536
  0.000550  0.000565  0.000580  0.000596  0.000613  0.000629  0.000646  0.000663
  0.000681  0.000699  0.000717  0.000736  0.000755  0.000774  0.000793  0.000812
  0.000831  0.000851  0.000869  0.000887  0.000903  0.000917  0.000930  0.000940
  0.000947  0.000953  0.000956  0.000956  0.000955  0.000951  0.000945  0.000936
  0.000926  0.000913  0.000898  0.000881  0.000862  0.000841  0.000820  0.000797
  0.000773  0.000748  0.000722  0.000696  0.000669  0.000642  0.000614  0.000587
  0.000559  0.000532  0.000504  0.000477  0.000450  0.000412  0.000296  0.000000
  0.000000  0.000000  0.000000  0.000000  0.000000  0.000000  0.000000  0.000000
  0.000000  0.000000  0.000000  0.000000  0.000000  0.000000  0.000000
  1.000000
  0.184809  0.184793  0.184776  0.184760  0.184745  0.184730  0.184716  0.184703
  0.184691  0.184680  0.184669  0.184660  0.184651  0.184643  0.184636  0.184629
  0.184623  0.184618  0.184613  0.184609  0.184605  0.184601  0.184598  0.184595
  0.184592  0.184590  0.184586  0.184582  0.184578  0.184574  0.184569  0.184565
  0.184560  0.184554  0.184548  0.184542  0.184536  0.184529  0.184522  0.184514
  0.184506  0.184497  0.184488  0.184478  0.184468  0.184457  0.184445  0.184433
  0.184419  0.184406  0.184391  0.184375  0.184358  0.184341  0.184322  0.184301
  0.184278  0.184254  0.184228  0.184201  0.184172  0.184143  0.184113  0.184083
  0.184053  0.184023  0.183993  0.183963  0.183934  0.183905  0.183876  0.183847
  0.183818  0.183790  0.183762  0.183735  0.183710  0.183685  0.183661  0.183638
  0.183617  0.183597  0.183578  0.183559  0.183542  0.183526  0.183511  0.183496
  0.183483  0.183470  0.183458  0.183447  0.183437  0.183428  0.183419  0.183411
  0.183405  0.183398  0.183391  0.183383  0.183375  0.183367  0.183358  0.183349
  0.183339  0.183328  0.183317  0.183306  0.183293  0.183280  0.183265
  1.000000
 -0.004035 -0.003573 -0.003162 -0.002795 -0.002468 -0.002177 -0.001917 -0.001685
 -0.001478 -0.001294 -0.001130 -0.000984 -0.000853 -0.000737 -0.000633 -0.000540
 -0.000458 -0.000384 -0.000318 -0.000260 -0.000208 -0.000161 -0.000120 -0.000083
 -0.000050 -0.000021  0.000009  0.000040  0.000072  0.000106  0.000141  0.000178
  0.000218  0.000259  0.000302  0.000348  0.000397  0.000448  0.000501  0.000558
  0.000617  0.000679  0.000745  0.000813  0.000885  0.000961  0.001040  0.001124
  0.001211  0.001304  0.001400  0.001503  0.001610  0.001724  0.001845  0.001975
  0.002115  0.002263  0.002421  0.002587  0.002760  0.002937  0.003117  0.003297
  0.003476  0.003656  0.003834  0.004011  0.004188  0.004365  0.004543  0.004721
  0.004899  0.005077  0.005253  0.005428  0.005598  0.005765  0.005927  0.006085
  0.006238  0.006386  0.006529  0.006669  0.006804  0.006934  0.007061  0.007183
  0.007301  0.007415  0.007524  0.007629  0.007730  0.007827  0.007919  0.008007
  0.008096  0.008189  0.008287  0.008391  0.008502  0.008618  0.008741  0.008871
  0.009008  0.009154  0.009307  0.009470  0.009641  0.009823  0.010015
  1.000000
 -0.000706 -0.000781 -0.000848 -0.000908 -0.000961 -0.001009 -0.001051 -0.001089
 -0.001123 -0.001153 -0.001179 -0.001203 -0.001225 -0.001244 -0.001260 -0.001276
 -0.001289 -0.001301 -0.001312 -0.001321 -0.001330 -0.001337 -0.001344 -0.001350
 -0.001355 -0.001360 -0.001233 -0.001185 -0.001157 -0.001141 -0.001135 -0.001135
 -0.001134 -0.001134 -0.001133 -0.001132 -0.001130 -0.001128 -0.001125 -0.001122
 -0.001118 -0.001113 -0.001107 -0.001101 -0.001093 -0.001084 -0.001074 -0.001062
 -0.001048 -0.001032 -0.001015 -0.000994 -0.000971 -0.000945 -0.000915 -0.000880
 -0.000840 -0.000794 -0.000741 -0.000682 -0.000615 -0.000542 -0.000464 -0.000380
 -0.000292 -0.000199 -0.000101  0.000000  0.000106  0.000217  0.000333  0.000455
  0.000581  0.000711  0.000846  0.000983  0.001122  0.001262  0.001402  0.001542
  0.001682  0.001820  0.001958  0.002094  0.002229  0.002362  0.002494  0.002623
  0.002750  0.002874  0.002996  0.003114  0.003230  0.003330  0.003351  0.003235
  0.003352  0.003476  0.003606  0.003744  0.003890  0.004045  0.004208  0.004380
  0.004562  0.004755  0.004959  0.005174  0.005402  0.005642  0.005897
  1.000000
  0.000000  0.000000  0.000000  0.000000  0.000000  0.000000  0.000000  0.000000
  0.000000  0.000000  0.000000  0.000000  0.000000  0.000000  0.000000  0.000000
  0.000000  0.000000  0.000000  0.000000  0.000000  0.000000  0.000000  0.000000
  0.000000  0.000000  0.000242  0.000323  0.000369  0.000397  0.000412  0.000423
  0.000433  0.000444  0.000455  0.000467  0.000479  0.000491  0.000504  0.000518
  0.000532  0.000546  0.000561  0.000576  0.000592  0.000608  0.000624  0.000641
  0.000658  0.000676  0.000693  0.000711  0.000729  0.000748  0.000766  0.000785
  0.000803  0.000822  0.000840  0.000857  0.000873  0.000887  0.000898  0.000908
  0.000915  0.000920  0.000923  0.000924  0.000923  0.000919  0.000913  0.000905
  0.000895  0.000882  0.000867  0.000851  0.000833  0.000813  0.000792  0.000770
  0.000746  0.000722  0.000698  0.000672  0.000647  0.000620  0.000594  0.000567
  0.000540  0.000514  0.000487  0.000461  0.000435  0.000398  0.000286  0.000000
  0.000000  0.000000  0.000000  0.000000  0.000000  0.000000  0.000000  0.000000
  0.000000  0.000000  0.000000  0.000000  0.000000  0.000000  0.000000
  1.000000
  0.200000  0.200000  0.200000  0.200000  0.200000  0.200000  0.200000  0.200000
  0.200000  0.200000  0.200000  0.200000  0.200000  0.200000  0.200000  0.200000
  0.200000  0.200000  0.200000  0.200000  0.200000  0.200000  0.200000  0.200000
  0.200000  0.200000  0.200000  0.200000  0.200000  0.200000  0.200000  0.200000
  0.200000  0.200000  0.200000  0.200000  0.200000  0.200000  0.200000  0.200000
  0.200000  0.200000  0.200000  0.200000  0.200000  0.200000  0.200000  0.200000
  0.200000  0.200000  0.200000  0.200000  0.200000  0.200000  0.200000  0.200000
  0.200000  0.200000  0.200000  0.200000  0.200000  0.200000  0.200000  0.200000
  0.200000  0.200000  0.200000  0.200000  0.200000  0.200000  0.200000  0.200000
  0.200000  0.200000  0.200000  0.200000  0.200000  0.200000  0.200000  0.200000
  0.200000  0.200000  0.200000  0.200000  0.200000  0.200000  0.200000  0.200000
  0.200000  0.200000  0.200000  0.200000  0.200000  0.200000  0.200000  0.200000
  0.200000  0.200000  0.200000  0.200000  0.200000  0.200000  0.200000  0.200000
  0.200000  0.200000  0.200000  0.200000  0.200000  0.200000  0.200000
  1.000000
 -0.004071 -0.003604 -0.003189 -0.002819 -0.002488 -0.002194 -0.001932 -0.001698
 -0.001489 -0.001303 -0.001138 -0.000990 -0.000858 -0.000741 -0.000636 -0.000543
 -0.000460 -0.000386 -0.000320 -0.000261 -0.000208 -0.000161 -0.000119 -0.000082
 -0.000049 -0.000019  0.000010  0.000041  0.000073  0.000107  0.000142  0.000180
  0.000219  0.000261  0.000304  0.000350  0.000399  0.000449  0.000503  0.000560
  0.000619  0.000681  0.000747  0.000815  0.000887  0.000963  0.001042  0.001126
  0.001213  0.001305  0.001402  0.001504  0.001612  0.001726  0.001846  0.001977
  0.002116  0.002264  0.002421  0.002587  0.002759  0.002937  0.003115  0.003295
  0.003475  0.003654  0.003831  0.004008  0.004184  0.004361  0.004539  0.004717
  0.004895  0.005072  0.005249  0.005423  0.005593  0.005760  0.005922  0.006080
  0.006233  0.006381  0.006525  0.006664  0.006800  0.006931  0.007058  0.007180
  0.007299  0.007413  0.007523  0.007628  0.007730  0.007827  0.007920  0.008009
  0.008097  0.008191  0.008291  0.008396  0.008507  0.008624  0.008748  0.008879
  0.009018  0.009164  0.009319  0.009483  0.009656  0.009839  0.010032
  1.000000
 -0.000676 -0.000746 -0.000809 -0.000865 -0.000916 -0.000960 -0.001000 -0.001036
 -0.001067 -0.001095 -0.001121 -0.001143 -0.001163 -0.001181 -0.001197 -0.001211
 -0.001224 -0.001235 -0.001245 -0.001254 -0.001262 -0.001269 -0.001276 -0.001281
 -0.001286 -0.001291 -0.001164 -0.001117 -0.001090 -0.001075 -0.001070 -0.001069
 -0.001068 -0.001068 -0.001066 -0.001065 -0.001063 -0.001061 -0.001058 -0.001055
 -0.001051 -0.001046 -0.001040 -0.001034 -0.001026 -0.001017 -0.001007 -0.000996
 -0.000983 -0.000968 -0.000951 -0.000932 -0.000910 -0.000885 -0.000856 -0.000823
 -0.000785 -0.000742 -0.000693 -0.000637 -0.000575 -0.000506 -0.000433 -0.000355
 -0.000272 -0.000186 -0.000094  0.000000  0.000099  0.000202  0.000311  0.000423
  0.000541  0.000662  0.000787  0.000915  0.001044  0.001174  0.001305  0.001435
  0.001564  0.001693  0.001821  0.001947  0.002072  0.002196  0.002318  0.002438
  0.002556  0.002672  0.002784  0.002894  0.003001  0.003094  0.003108  0.002986
  0.003095  0.003211  0.003333  0.003462  0.003598  0.003742  0.003894  0.004055
  0.004226  0.004406  0.004596  0.004797  0.005010  0.005235  0.005472
  1.000000
  0.000000  0.000000  0.000000  0.000000  0.000000  0.000000  0.000000  0.000000
  0.000000  0.000000  0.000000  0.000000  0.000000  0.000000  0.000000  0.000000
  0.000000  0.000000  0.000000  0.000000  0.000000  0.000000  0.000000  0.000000
  0.000000  0.000000  0.000242  0.000322  0.000368  0.000394  0.000409  0.000419
  0.000429  0.000440  0.000451  0.000463  0.000475  0.000487  0.000500  0.000514
  0.000527  0.000542  0.000556  0.000571  0.000587  0.000603  0.000619  0.000636
  0.000653  0.000670  0.000688  0.000705  0.000723  0.000741  0.000760  0.000778
  0.000797  0.000815  0.000833  0.000850  0.000865  0.000879  0.000891  0.000900
  0.000907  0.000912  0.000916  0.000916  0.000915  0.000911  0.000905  0.000897
  0.000887  0.000875  0.000860  0.000844  0.000826  0.000806  0.000785  0.000763
  0.000740  0.000716  0.000692  0.000667  0.000641  0.000615  0.000589  0.000562
  0.000536  0.000509  0.000483  0.000457  0.000431  0.000395  0.000284  0.000000
  0.000000  0.000000  0.000000  0.000000  0.000000  0.000000  0.000000  0.000000
  0.000000  0.000000  0.000000  0.000000  0.000000  0.000000  0.000000
  1.000000
  0.215191  0.215207  0.215224  0.215240  0.215255  0.215270  0.215284  0.215297
  0.215309  0.215320  0.215331  0.215340  0.215349  0.215357  0.215364  0.215371
  0.215377  0.215382  0.215387  0.215392  0.215395  0.215399  0.215402  0.215405
  0.215408  0.215410  0.215414  0.215418  0.215422  0.215426  0.215431  0.215435
  0.215440  0.215446  0.215452  0.215458  0.215464  0.215471  0.215478  0.215486
  0.215494  0.215503  0.215512  0.215522  0.215532  0.215543  0.215555  0.215567
  0.215581  0.215594  0.215609  0.215625  0.215642  0.215660  0.215679  0.215699
  0.215722  0.215746  0.215772  0.215799  0.215828  0.215857  0.215887  0.215917
  0.215947  0.215978  0.216007  0.216037  0.216066  0.216095  0.216125  0.216153
  0.216182  0.216210  0.216238  0.216265  0.216291  0.216315  0.216339  0.216362
  0.216383  0.216403  0.216423  0.216441  0.216458  0.216474  0.216489  0.216504
  0.216517  0.216530  0.216542  0.216553  0.216563  0.216572  0.216581  0.216589
  0.216596  0.216602  0.216610  0.216617  0.216625  0.216633  0.216642  0.216651
  0.216661  0.216672  0.216683  0.216694  0.216707  0.216720  0.216735
  BLADE ROW NUMBER =        2                                           
  106   21   91  168    0    0    1    1    1    1    0    0    0    0    0    0
   12000.0 1096206.8 1096206.8  982539.9  982539.9   0.00000   12000.0
  1.000000
  0.007766  0.008025  0.008257  0.008466  0.008653  0.008821  0.008971  0.009106
  0.009227  0.009335  0.009432  0.009520  0.009598  0.009668  0.009731  0.009787
  0.009837  0.009882  0.009923  0.009959  0.009992  0.010025  0.010059  0.010094
  0.010132  0.010171  0.010212  0.010256  0.010301  0.010349  0.010400  0.010454
  0.010510  0.010569  0.010632  0.010697  0.010766  0.010838  0.010914  0.010993
  0.011077  0.011164  0.011256  0.011353  0.011455  0.011562  0.011674  0.011793
  0.011918  0.012051  0.012194  0.012348  0.012511  0.012685  0.012867  0.013057
  0.013252  0.013449  0.013647  0.013844  0.014041  0.014236  0.014431  0.014625
  0.014819  0.015014  0.015210  0.015405  0.015600  0.015794  0.015986  0.016173
  0.016356  0.016534  0.016708  0.016876  0.017038  0.017196  0.017349  0.017498
  0.017642  0.017781  0.017916  0.018046  0.018171  0.018292  0.018408  0.018519
  0.018626  0.018728  0.018825  0.018922  0.019025  0.019134  0.019249  0.019371
  0.019500  0.019636  0.019780  0.019933  0.020094  0.020264  0.020445  0.020636
  0.020838  0.021051
  1.000000
 -0.001133 -0.001037 -0.000951 -0.000874 -0.000805 -0.000743 -0.000688 -0.000638
 -0.000593 -0.000553 -0.000517 -0.000485 -0.000457 -0.000431 -0.000408 -0.000387
 -0.000368 -0.000352 -0.000337 -0.000323 -0.000311 -0.000179 -0.000141 -0.000115
 -0.000092 -0.000069 -0.000046 -0.000023  0.000000  0.000024  0.000048  0.000073
  0.000097  0.000122  0.000147  0.000172  0.000197  0.000222  0.000246  0.000270
  0.000293  0.000316  0.000338  0.000358  0.000377  0.000395  0.000410  0.000423
  0.000434  0.000441  0.000444  0.000442  0.000434  0.000420  0.000398  0.000367
  0.000326  0.000277  0.000220  0.000155  0.000081  0.000000 -0.000089 -0.000185
 -0.000290 -0.000403 -0.000524 -0.000653 -0.000789 -0.000932 -0.001081 -0.001234
 -0.001391 -0.001550 -0.001711 -0.001872 -0.002034 -0.002196 -0.002358 -0.002520
 -0.002681 -0.002840 -0.002998 -0.003154 -0.003308 -0.003459 -0.003607 -0.003751
 -0.003891 -0.004028 -0.004218 -0.004341 -0.004471 -0.004608 -0.004754 -0.004907
 -0.005069 -0.005241 -0.005422 -0.005614 -0.005816 -0.006030 -0.006256 -0.006495
 -0.006748 -0.007015
  1.000000
  0.000000  0.000000  0.000000  0.000000  0.000000  0.000000  0.000000  0.000000
  0.000000  0.000000  0.000000  0.000000  0.000000  0.000000  0.000000  0.000000
  0.000000  0.000000  0.000000  0.000000  0.000000  0.000273  0.000357  0.000414
  0.000458  0.000493  0.000519  0.000539  0.000557  0.000575  0.000593  0.000610
  0.000628  0.000646  0.000664  0.000681  0.000699  0.000716  0.000733  0.000750
  0.000767  0.000784  0.000801  0.000817  0.000833  0.000849  0.000864  0.000878
  0.000892  0.000906  0.000919  0.000931  0.000942  0.000951  0.000960  0.000966
  0.000970  0.000971  0.000971  0.000969  0.000965  0.000958  0.000950  0.000941
  0.000929  0.000916  0.000901  0.000885  0.000868  0.000848  0.000828  0.000807
  0.000785  0.000763  0.000740  0.000716  0.000693  0.000670  0.000646  0.000623
  0.000599  0.000575  0.000552  0.000529  0.000507  0.000485  0.000463  0.000442
  0.000413  0.000303  0.000000  0.000000  0.000000  0.000000  0.000000  0.000000
  0.000000  0.000000  0.000000  0.000000  0.000000  0.000000  0.000000  0.000000
  0.000000  0.000000
  1.000000
  0.183434  0.183410  0.183393  0.183378  0.183365  0.183353  0.183342  0.183333
  0.183324  0.183316  0.183309  0.183303  0.183298  0.183292  0.183288  0.183284
  0.183280  0.183277  0.183274  0.183271  0.183269  0.183266  0.183262  0.183258
  0.183254  0.183249  0.183244  0.183239  0.183234  0.183228  0.183221  0.183214
  0.183207  0.183199  0.183190  0.183181  0.183171  0.183160  0.183149  0.183136
  0.183123  0.183109  0.183093  0.183077  0.183059  0.183040  0.183020  0.182998
  0.182974  0.182948  0.182920  0.182890  0.182856  0.182821  0.182783  0.182743
  0.182702  0.182660  0.182618  0.182576  0.182534  0.182493  0.182453  0.182414
  0.182375  0.182336  0.182299  0.182263  0.182228  0.182195  0.182164  0.182135
  0.182108  0.182083  0.182061  0.182041  0.182023  0.182008  0.181994  0.181982
  0.181972  0.181964  0.181958  0.181953  0.181949  0.181947  0.181946  0.181946
  0.181947  0.181949  0.181952  0.181964  0.181976  0.181989  0.182002  0.182015
  0.182028  0.182041  0.182055  0.182068  0.182080  0.182090  0.182099  0.182107
  0.182112  0.182114
  1.000000
  0.007788  0.008045  0.008276  0.008483  0.008668  0.008835  0.008984  0.009118
  0.009237  0.009345  0.009441  0.009528  0.009605  0.009675  0.009737  0.009793
  0.009843  0.009887  0.009928  0.009964  0.009996  0.010028  0.010062  0.010098
  0.010135  0.010174  0.010215  0.010258  0.010304  0.010352  0.010402  0.010455
  0.010511  0.010570  0.010632  0.010698  0.010766  0.010838  0.010913  0.010993
  0.011076  0.011163  0.011255  0.011352  0.011453  0.011560  0.011672  0.011790
  0.011916  0.012049  0.012192  0.012346  0.012509  0.012682  0.012865  0.013055
  0.013250  0.013448  0.013646  0.013844  0.014041  0.014237  0.014432  0.014626
  0.014821  0.015017  0.015213  0.015409  0.015605  0.015799  0.015991  0.016178
  0.016362  0.016540  0.016714  0.016882  0.017045  0.017203  0.017356  0.017504
  0.017648  0.017787  0.017922  0.018052  0.018177  0.018297  0.018413  0.018524
  0.018630  0.018732  0.018829  0.018926  0.019029  0.019137  0.019252  0.019373
  0.019501  0.019636  0.019779  0.019930  0.020090  0.020259  0.020438  0.020627
  0.020827  0.021038
  1.000000
  0.000013  0.000054  0.000092  0.000126  0.000156  0.000183  0.000207  0.000229
  0.000249  0.000266  0.000282  0.000296  0.000309  0.000320  0.000330  0.000339
  0.000347  0.000355  0.000361  0.000367  0.000372  0.000516  0.000561  0.000588
  0.000605  0.000620  0.000635  0.000650  0.000664  0.000679  0.000693  0.000707
  0.000721  0.000734  0.000747  0.000760  0.000771  0.000782  0.000793  0.000802
  0.000810  0.000816  0.000821  0.000823  0.000824  0.000822  0.000818  0.000810
  0.000799  0.000782  0.000761  0.000733  0.000698  0.000655  0.000604  0.000542
  0.000472  0.000393  0.000306  0.000211  0.000109  0.000000 -0.000115 -0.000238
 -0.000368 -0.000506 -0.000652 -0.000805 -0.000964 -0.001131 -0.001301 -0.001475
 -0.001652 -0.001830 -0.002008 -0.002187 -0.002364 -0.002541 -0.002718 -0.002893
 -0.003066 -0.003238 -0.003407 -0.003573 -0.003737 -0.003897 -0.004053 -0.004205
 -0.004353 -0.004497 -0.004679 -0.004808 -0.004944 -0.005088 -0.005240 -0.005400
 -0.005570 -0.005749 -0.005939 -0.006140 -0.006352 -0.006576 -0.006813 -0.007063
 -0.007328 -0.007608
  1.000000
  0.000000  0.000000  0.000000  0.000000  0.000000  0.000000  0.000000  0.000000
  0.000000  0.000000  0.000000  0.000000  0.000000  0.000000  0.000000  0.000000
  0.000000  0.000000  0.000000  0.000000  0.000000  0.000296  0.000395  0.000458
  0.000499  0.000526  0.000547  0.000566  0.000584  0.000603  0.000622  0.000640
  0.000659  0.000677  0.000695  0.000714  0.000732  0.000750  0.000768  0.000786
  0.000804  0.000822  0.000839  0.000856  0.000872  0.000888  0.000904  0.000920
  0.000935  0.000949  0.000962  0.000975  0.000986  0.000996  0.001005  0.001011
  0.001015  0.001017  0.001016  0.001014  0.001009  0.001003  0.000995  0.000985
  0.000973  0.000959  0.000944  0.000927  0.000908  0.000888  0.000867  0.000845
  0.000822  0.000798  0.000774  0.000750  0.000725  0.000701  0.000676  0.000651
  0.000626  0.000602  0.000578  0.000554  0.000530  0.000507  0.000484  0.000462
  0.000428  0.000310  0.000000  0.000000  0.000000  0.000000  0.000000  0.000000
  0.000000  0.000000  0.000000  0.000000  0.000000  0.000000  0.000000  0.000000
  0.000000  0.000000
  1.000000
  0.200000  0.200000  0.200000  0.200000  0.200000  0.200000  0.200000  0.200000
  0.200000  0.200000  0.200000  0.200000  0.200000  0.200000  0.200000  0.200000
  0.200000  0.200000  0.200000  0.200000  0.200000  0.200000  0.200000  0.200000
  0.200000  0.200000  0.200000  0.200000  0.200000  0.200000  0.200000  0.200000
  0.200000  0.200000  0.200000  0.200000  0.200000  0.200000  0.200000  0.200000
  0.200000  0.200000  0.200000  0.200000  0.200000  0.200000  0.200000  0.200000
  0.200000  0.200000  0.200000  0.200000  0.200000  0.200000  0.200000  0.200000
  0.200000  0.200000  0.200000  0.200000  0.200000  0.200000  0.200000  0.200000
  0.200000  0.200000  0.200000  0.200000  0.200000  0.200000  0.200000  0.200000
  0.200000  0.200000  0.200000  0.200000  0.200000  0.200000  0.200000  0.200000
  0.200000  0.200000  0.200000  0.200000  0.200000  0.200000  0.200000  0.200000
  0.200000  0.200000  0.200000  0.200000  0.200000  0.200000  0.200000  0.200000
  0.200000  0.200000  0.200000  0.200000  0.200000  0.200000  0.200000  0.200000
  0.200000  0.200000
  1.000000
  0.007771  0.008030  0.008263  0.008472  0.008659  0.008827  0.008977  0.009112
  0.009233  0.009341  0.009438  0.009525  0.009604  0.009674  0.009736  0.009793
  0.009843  0.009888  0.009929  0.009965  0.009998  0.010030  0.010064  0.010100
  0.010137  0.010177  0.010218  0.010261  0.010307  0.010355  0.010406  0.010459
  0.010516  0.010575  0.010637  0.010703  0.010772  0.010844  0.010920  0.010999
  0.011083  0.011170  0.011262  0.011359  0.011460  0.011567  0.011680  0.011798
  0.011924  0.012057  0.012200  0.012354  0.012517  0.012690  0.012873  0.013063
  0.013258  0.013455  0.013652  0.013850  0.014047  0.014242  0.014436  0.014630
  0.014825  0.015020  0.015216  0.015411  0.015606  0.015800  0.015991  0.016179
  0.016362  0.016540  0.016714  0.016882  0.017044  0.017202  0.017355  0.017504
  0.017648  0.017787  0.017921  0.018051  0.018177  0.018297  0.018413  0.018525
  0.018631  0.018733  0.018831  0.018928  0.019031  0.019140  0.019255  0.019377
  0.019506  0.019642  0.019786  0.019938  0.020100  0.020270  0.020451  0.020642
  0.020843  0.021057
  1.000000
  0.001035  0.001029  0.001024  0.001019  0.001014  0.001010  0.001006  0.001003
  0.001000  0.000998  0.000995  0.000993  0.000991  0.000990  0.000988  0.000987
  0.000986  0.000985  0.000984  0.000983  0.000982  0.001142  0.001200  0.001235
  0.001256  0.001267  0.001275  0.001283  0.001290  0.001296  0.001302  0.001307
  0.001311  0.001315  0.001317  0.001319  0.001319  0.001318  0.001315  0.001311
  0.001304  0.001296  0.001286  0.001272  0.001257  0.001237  0.001214  0.001187
  0.001155  0.001117  0.001073  0.001020  0.000959  0.000889  0.000809  0.000718
  0.000618  0.000509  0.000392  0.000268  0.000137  0.000000 -0.000143 -0.000294
 -0.000452 -0.000617 -0.000789 -0.000969 -0.001155 -0.001347 -0.001543 -0.001741
 -0.001941 -0.002141 -0.002342 -0.002541 -0.002738 -0.002934 -0.003129 -0.003321
 -0.003512 -0.003699 -0.003883 -0.004064 -0.004241 -0.004415 -0.004583 -0.004747
 -0.004907 -0.005061 -0.005256 -0.005394 -0.005539 -0.005693 -0.005856 -0.006027
 -0.006209 -0.006401 -0.006604 -0.006818 -0.007045 -0.007285 -0.007538 -0.007807
 -0.008090 -0.008390
  1.000000
  0.000000  0.000000  0.000000  0.000000  0.000000  0.000000  0.000000  0.000000
  0.000000  0.000000  0.000000  0.000000  0.000000  0.000000  0.000000  0.000000
  0.000000  0.000000  0.000000  0.000000  0.000000  0.000319  0.000434  0.000502
  0.000542  0.000567  0.000587  0.000608  0.000628  0.000648  0.000668  0.000688
  0.000708  0.000727  0.000747  0.000767  0.000787  0.000806  0.000825  0.000845
  0.000864  0.000882  0.000901  0.000919  0.000937  0.000955  0.000972  0.000988
  0.001004  0.001019  0.001033  0.001047  0.001059  0.001070  0.001079  0.001086
  0.001091  0.001092  0.001092  0.001089  0.001084  0.001077  0.001068  0.001057
  0.001044  0.001030  0.001013  0.000995  0.000975  0.000953  0.000931  0.000907
  0.000882  0.000857  0.000831  0.000805  0.000778  0.000752  0.000725  0.000699
  0.000672  0.000646  0.000620  0.000594  0.000569  0.000544  0.000519  0.000495
  0.000455  0.000325  0.000000  0.000000  0.000000  0.000000  0.000000  0.000000
  0.000000  0.000000  0.000000  0.000000  0.000000  0.000000  0.000000  0.000000
  0.000000  0.000000
  1.000000
  0.216567  0.216591  0.216608  0.216623  0.216636  0.216648  0.216658  0.216668
  0.216676  0.216684  0.216691  0.216697  0.216703  0.216708  0.216712  0.216717
  0.216720  0.216723  0.216726  0.216729  0.216732  0.216735  0.216739  0.216743
  0.216747  0.216751  0.216756  0.216761  0.216767  0.216773  0.216779  0.216786
  0.216794  0.216802  0.216811  0.216820  0.216830  0.216841  0.216852  0.216865
  0.216878  0.216892  0.216908  0.216924  0.216942  0.216961  0.216982  0.217003
  0.217027  0.217053  0.217081  0.217112  0.217145  0.217180  0.217218  0.217258
  0.217300  0.217342  0.217384  0.217426  0.217467  0.217508  0.217548  0.217588
  0.217627  0.217665  0.217702  0.217738  0.217773  0.217806  0.217837  0.217866
  0.217893  0.217917  0.217940  0.217960  0.217977  0.217993  0.218006  0.218018
  0.218028  0.218036  0.218043  0.218048  0.218051  0.218053  0.218054  0.218054
  0.218053  0.218051  0.218047  0.218036  0.218023  0.218011  0.217998  0.217985
  0.217971  0.217958  0.217945  0.217932  0.217920  0.217909  0.217900  0.217893
  0.217888  0.217886
  BLADE ROW NUMBER =        3                                           
  106   21   91  167    0    0    1    1    1    1    0    0    0    0    0    0
       0.0  982539.9  982539.9  877579.0  877579.0   0.00000       0.0
  1.000000
  0.020547  0.020808  0.021043  0.021253  0.021441  0.021610  0.021761  0.021896
  0.022018  0.022127  0.022224  0.022312  0.022390  0.022461  0.022524  0.022580
  0.022631  0.022676  0.022717  0.022753  0.022786  0.022819  0.022853  0.022888
  0.022926  0.022965  0.023007  0.023050  0.023096  0.023144  0.023195  0.023248
  0.023305  0.023364  0.023426  0.023492  0.023561  0.023633  0.023709  0.023788
  0.023872  0.023959  0.024051  0.024148  0.024249  0.024356  0.024468  0.024587
  0.024712  0.024845  0.024988  0.025141  0.025304  0.025477  0.025659  0.025848
  0.026043  0.026239  0.026436  0.026633  0.026830  0.027025  0.027218  0.027412
  0.027606  0.027801  0.027996  0.028191  0.028385  0.028579  0.028770  0.028957
  0.029140  0.029318  0.029491  0.029659  0.029822  0.029979  0.030133  0.030281
  0.030425  0.030565  0.030700  0.030830  0.030956  0.031077  0.031193  0.031305
  0.031412  0.031514  0.031612  0.031710  0.031814  0.031924  0.032039  0.032162
  0.032292  0.032429  0.032573  0.032726  0.032888  0.033059  0.033240  0.033431
  0.033633  0.033846
  1.000000
 -0.001254 -0.001301 -0.001343 -0.001380 -0.001414 -0.001444 -0.001471 -0.001495
 -0.001517 -0.001537 -0.001554 -0.001570 -0.001584 -0.001596 -0.001607 -0.001618
 -0.001627 -0.001635 -0.001642 -0.001648 -0.001654 -0.001508 -0.001453 -0.001419
 -0.001400 -0.001393 -0.001392 -0.001392 -0.001391 -0.001391 -0.001389 -0.001388
 -0.001385 -0.001382 -0.001379 -0.001374 -0.001369 -0.001362 -0.001355 -0.001345
 -0.001335 -0.001323 -0.001308 -0.001292 -0.001273 -0.001252 -0.001227 -0.001199
 -0.001167 -0.001130 -0.001087 -0.001038 -0.000981 -0.000917 -0.000844 -0.000762
 -0.000672 -0.000575 -0.000471 -0.000362 -0.000246 -0.000126  0.000000  0.000131
  0.000269  0.000414  0.000564  0.000721  0.000883  0.001050  0.001221  0.001394
  0.001568  0.001742  0.001917  0.002090  0.002262  0.002433  0.002603  0.002771
  0.002937  0.003101  0.003262  0.003420  0.003575  0.003726  0.003874  0.004018
  0.004144  0.004180  0.004056  0.004200  0.004353  0.004515  0.004685  0.004866
  0.005057  0.005259  0.005472  0.005697  0.005935  0.006187  0.006453  0.006735
  0.007032  0.007346
  1.000000
  0.000000  0.000000  0.000000  0.000000  0.000000  0.000000  0.000000  0.000000
  0.000000  0.000000  0.000000  0.000000  0.000000  0.000000  0.000000  0.000000
  0.000000  0.000000  0.000000  0.000000  0.000000  0.000274  0.000367  0.000422
  0.000454  0.000473  0.000486  0.000497  0.000510  0.000523  0.000536  0.000550
  0.000564  0.000579  0.000595  0.000611  0.000628  0.000645  0.000662  0.000680
  0.000699  0.000718  0.000737  0.000756  0.000776  0.000797  0.000817  0.000839
  0.000859  0.000881  0.000902  0.000923  0.000945  0.000966  0.000985  0.001003
  0.001019  0.001032  0.001044  0.001052  0.001058  0.001062  0.001062  0.001060
  0.001056  0.001049  0.001040  0.001028  0.001014  0.000997  0.000978  0.000957
  0.000934  0.000910  0.000885  0.000858  0.000831  0.000802  0.000773  0.000743
  0.000713  0.000682  0.000652  0.000621  0.000590  0.000560  0.000530  0.000500
  0.000458  0.000329  0.000000  0.000000  0.000000  0.000000  0.000000  0.000000
  0.000000  0.000000  0.000000  0.000000  0.000000  0.000000  0.000000  0.000000
  0.000000  0.000000
  1.000000
  0.182103  0.182111  0.182114  0.182114  0.182112  0.182106  0.182100  0.182093
  0.182086  0.182079  0.182071  0.182065  0.182058  0.182052  0.182046  0.182041
  0.182036  0.182031  0.182027  0.182023  0.182020  0.182017  0.182013  0.182009
  0.182005  0.182000  0.181996  0.181991  0.181985  0.181979  0.181973  0.181966
  0.181959  0.181951  0.181943  0.181934  0.181924  0.181914  0.181903  0.181891
  0.181879  0.181865  0.181851  0.181835  0.181819  0.181801  0.181781  0.181761
  0.181738  0.181714  0.181687  0.181658  0.181627  0.181593  0.181556  0.181518
  0.181477  0.181436  0.181394  0.181352  0.181310  0.181268  0.181226  0.181184
  0.181142  0.181100  0.181058  0.181017  0.180976  0.180936  0.180896  0.180859
  0.180822  0.180787  0.180754  0.180723  0.180693  0.180665  0.180639  0.180614
  0.180590  0.180568  0.180547  0.180528  0.180510  0.180493  0.180478  0.180463
  0.180450  0.180438  0.180427  0.180419  0.180410  0.180401  0.180392  0.180382
  0.180371  0.180360  0.180348  0.180335  0.180321  0.180306  0.180291  0.180274
  0.180256  0.180235
  1.000000
  0.020580  0.020837  0.021068  0.021275  0.021460  0.021626  0.021775  0.021909
  0.022028  0.022136  0.022232  0.022318  0.022396  0.022465  0.022527  0.022583
  0.022633  0.022678  0.022718  0.022754  0.022786  0.022819  0.022853  0.022888
  0.022925  0.022964  0.023005  0.023048  0.023094  0.023142  0.023192  0.023245
  0.023301  0.023360  0.023422  0.023487  0.023556  0.023628  0.023703  0.023782
  0.023865  0.023953  0.024044  0.024141  0.024242  0.024349  0.024461  0.024579
  0.024704  0.024838  0.024981  0.025134  0.025298  0.025471  0.025653  0.025843
  0.026038  0.026235  0.026433  0.026631  0.026828  0.027024  0.027219  0.027413
  0.027608  0.027804  0.027999  0.028195  0.028391  0.028585  0.028776  0.028964
  0.029147  0.029326  0.029499  0.029667  0.029830  0.029987  0.030141  0.030289
  0.030433  0.030572  0.030706  0.030836  0.030961  0.031081  0.031197  0.031308
  0.031414  0.031516  0.031612  0.031709  0.031812  0.031920  0.032035  0.032156
  0.032284  0.032419  0.032562  0.032713  0.032873  0.033042  0.033220  0.033409
  0.033608  0.033819
  1.000000
 -0.001136 -0.001178 -0.001215 -0.001249 -0.001279 -0.001306 -0.001331 -0.001352
 -0.001372 -0.001389 -0.001405 -0.001419 -0.001432 -0.001443 -0.001453 -0.001462
 -0.001470 -0.001478 -0.001484 -0.001490 -0.001495 -0.001355 -0.001303 -0.001272
 -0.001255 -0.001248 -0.001247 -0.001247 -0.001246 -0.001245 -0.001244 -0.001242
 -0.001240 -0.001237 -0.001233 -0.001229 -0.001223 -0.001217 -0.001210 -0.001201
 -0.001192 -0.001180 -0.001167 -0.001152 -0.001135 -0.001116 -0.001093 -0.001068
 -0.001039 -0.001006 -0.000967 -0.000923 -0.000873 -0.000814 -0.000749 -0.000676
 -0.000596 -0.000510 -0.000418 -0.000321 -0.000218 -0.000111  0.000000  0.000117
  0.000239  0.000367  0.000500  0.000638  0.000782  0.000930  0.001081  0.001233
  0.001387  0.001542  0.001696  0.001849  0.002001  0.002152  0.002302  0.002450
  0.002597  0.002741  0.002884  0.003023  0.003160  0.003294  0.003424  0.003551
  0.003661  0.003685  0.003557  0.003685  0.003821  0.003965  0.004117  0.004277
  0.004447  0.004626  0.004816  0.005016  0.005228  0.005452  0.005688  0.005939
  0.006203  0.006483
  1.000000
  0.000000  0.000000  0.000000  0.000000  0.000000  0.000000  0.000000  0.000000
  0.000000  0.000000  0.000000  0.000000  0.000000  0.000000  0.000000  0.000000
  0.000000  0.000000  0.000000  0.000000  0.000000  0.000266  0.000355  0.000406
  0.000436  0.000453  0.000465  0.000476  0.000488  0.000500  0.000513  0.000526
  0.000540  0.000554  0.000569  0.000585  0.000600  0.000617  0.000633  0.000651
  0.000669  0.000687  0.000705  0.000724  0.000743  0.000762  0.000782  0.000802
  0.000822  0.000842  0.000863  0.000883  0.000903  0.000923  0.000942  0.000960
  0.000975  0.000987  0.000998  0.001006  0.001012  0.001015  0.001016  0.001014
  0.001010  0.001004  0.000995  0.000983  0.000970  0.000954  0.000936  0.000915
  0.000894  0.000871  0.000846  0.000821  0.000794  0.000767  0.000739  0.000711
  0.000682  0.000653  0.000623  0.000594  0.000565  0.000535  0.000506  0.000478
  0.000437  0.000314  0.000000  0.000000  0.000000  0.000000  0.000000  0.000000
  0.000000  0.000000  0.000000  0.000000  0.000000  0.000000  0.000000  0.000000
  0.000000  0.000000
  1.000000
  0.200000  0.200000  0.200000  0.200000  0.200000  0.200000  0.200000  0.200000
  0.200000  0.200000  0.200000  0.200000  0.200000  0.200000  0.200000  0.200000
  0.200000  0.200000  0.200000  0.200000  0.200000  0.200000  0.200000  0.200000
  0.200000  0.200000  0.200000  0.200000  0.200000  0.200000  0.200000  0.200000
  0.200000  0.200000  0.200000  0.200000  0.200000  0.200000  0.200000  0.200000
  0.200000  0.200000  0.200000  0.200000  0.200000  0.200000  0.200000  0.200000
  0.200000  0.200000  0.200000  0.200000  0.200000  0.200000  0.200000  0.200000
  0.200000  0.200000  0.200000  0.200000  0.200000  0.200000  0.200000  0.200000
  0.200000  0.200000  0.200000  0.200000  0.200000  0.200000  0.200000  0.200000
  0.200000  0.200000  0.200000  0.200000  0.200000  0.200000  0.200000  0.200000
  0.200000  0.200000  0.200000  0.200000  0.200000  0.200000  0.200000  0.200000
  0.200000  0.200000  0.200000  0.200000  0.200000  0.200000  0.200000  0.200000
  0.200000  0.200000  0.200000  0.200000  0.200000  0.200000  0.200000  0.200000
  0.200000  0.200000
  1.000000
  0.020548  0.020809  0.021043  0.021254  0.021442  0.021611  0.021762  0.021897
  0.022019  0.022128  0.022225  0.022313  0.022391  0.022461  0.022524  0.022581
  0.022632  0.022677  0.022718  0.022754  0.022787  0.022819  0.022854  0.022889
  0.022927  0.022966  0.023007  0.023051  0.023097  0.023145  0.023196  0.023249
  0.023306  0.023365  0.023427  0.023493  0.023562  0.023634  0.023709  0.023789
  0.023872  0.023960  0.024052  0.024149  0.024250  0.024357  0.024469  0.024588
  0.024713  0.024846  0.024989  0.025142  0.025305  0.025478  0.025660  0.025849
  0.026044  0.026240  0.026437  0.026634  0.026831  0.027026  0.027219  0.027413
  0.027607  0.027801  0.027996  0.028191  0.028386  0.028580  0.028770  0.028958
  0.029140  0.029319  0.029492  0.029660  0.029822  0.029980  0.030133  0.030282
  0.030426  0.030566  0.030701  0.030831  0.030956  0.031077  0.031194  0.031306
  0.031413  0.031515  0.031613  0.031711  0.031815  0.031924  0.032040  0.032163
  0.032292  0.032429  0.032574  0.032727  0.032889  0.033060  0.033241  0.033432
  0.033634  0.033847
  1.000000
 -0.001076 -0.001115 -0.001150 -0.001181 -0.001209 -0.001235 -0.001257 -0.001278
 -0.001296 -0.001312 -0.001327 -0.001340 -0.001352 -0.001362 -0.001372 -0.001380
 -0.001388 -0.001395 -0.001401 -0.001407 -0.001411 -0.001271 -0.001220 -0.001190
 -0.001174 -0.001168 -0.001167 -0.001167 -0.001166 -0.001164 -0.001163 -0.001161
 -0.001158 -0.001155 -0.001151 -0.001147 -0.001141 -0.001135 -0.001128 -0.001120
 -0.001110 -0.001099 -0.001086 -0.001072 -0.001056 -0.001037 -0.001016 -0.000992
 -0.000965 -0.000934 -0.000898 -0.000856 -0.000809 -0.000755 -0.000694 -0.000626
 -0.000552 -0.000472 -0.000387 -0.000297 -0.000202 -0.000103  0.000000  0.000108
  0.000221  0.000339  0.000462  0.000589  0.000722  0.000858  0.000997  0.001138
  0.001280  0.001422  0.001564  0.001705  0.001845  0.001984  0.002122  0.002258
  0.002393  0.002526  0.002657  0.002785  0.002911  0.003034  0.003154  0.003270
  0.003371  0.003385  0.003250  0.003369  0.003495  0.003628  0.003768  0.003917
  0.004074  0.004240  0.004416  0.004602  0.004798  0.005005  0.005225  0.005457
  0.005702  0.005961
  1.000000
  0.000000  0.000000  0.000000  0.000000  0.000000  0.000000  0.000000  0.000000
  0.000000  0.000000  0.000000  0.000000  0.000000  0.000000  0.000000  0.000000
  0.000000  0.000000  0.000000  0.000000  0.000000  0.000267  0.000355  0.000406
  0.000434  0.000451  0.000462  0.000473  0.000485  0.000497  0.000510  0.000523
  0.000537  0.000551  0.000566  0.000581  0.000597  0.000613  0.000630  0.000647
  0.000665  0.000682  0.000701  0.000719  0.000738  0.000758  0.000777  0.000797
  0.000817  0.000837  0.000858  0.000878  0.000898  0.000918  0.000936  0.000953
  0.000969  0.000982  0.000992  0.001000  0.001005  0.001009  0.001010  0.001008
  0.001004  0.000998  0.000989  0.000978  0.000964  0.000948  0.000930  0.000910
  0.000888  0.000865  0.000841  0.000816  0.000789  0.000762  0.000735  0.000706
  0.000678  0.000649  0.000619  0.000590  0.000561  0.000532  0.000503  0.000475
  0.000435  0.000312  0.000000  0.000000  0.000000  0.000000  0.000000  0.000000
  0.000000  0.000000  0.000000  0.000000  0.000000  0.000000  0.000000  0.000000
  0.000000  0.000000
  1.000000
  0.217897  0.217889  0.217886  0.217886  0.217888  0.217894  0.217900  0.217907
  0.217914  0.217921  0.217929  0.217935  0.217942  0.217948  0.217954  0.217959
  0.217964  0.217969  0.217973  0.217977  0.217980  0.217984  0.217987  0.217991
  0.217995  0.218000  0.218004  0.218010  0.218015  0.218021  0.218027  0.218034
  0.218041  0.218049  0.218057  0.218066  0.218076  0.218086  0.218097  0.218109
  0.218121  0.218135  0.218149  0.218165  0.218182  0.218199  0.218219  0.218239
  0.218262  0.218286  0.218313  0.218342  0.218373  0.218407  0.218444  0.218483
  0.218523  0.218564  0.218606  0.218648  0.218690  0.218732  0.218774  0.218816
  0.218858  0.218900  0.218942  0.218983  0.219024  0.219065  0.219104  0.219142
  0.219178  0.219213  0.219246  0.219277  0.219307  0.219335  0.219362  0.219387
  0.219410  0.219432  0.219453  0.219472  0.219490  0.219507  0.219522  0.219537
  0.219550  0.219562  0.219573  0.219581  0.219590  0.219599  0.219608  0.219618
  0.219629  0.219640  0.219652  0.219665  0.219679  0.219694  0.219709  0.219726
  0.219744  0.219765
  BLADE ROW NUMBER =        4                                           
  111   21   91  167    0    0    1    1    1    1    0    0    0    0    0    0
   12000.0  877579.0  877579.0  781461.5  781461.5   0.00000   12000.0
  1.000000
  0.031543  0.031805  0.032039  0.032249  0.032438  0.032607  0.032758  0.032894
  0.033016  0.033125  0.033223  0.033310  0.033389  0.033460  0.033523  0.033579
  0.033630  0.033676  0.033717  0.033753  0.033786  0.033819  0.033853  0.033889
  0.033926  0.033966  0.034007  0.034051  0.034097  0.034145  0.034196  0.034250
  0.034307  0.034366  0.034429  0.034495  0.034564  0.034636  0.034712  0.034792
  0.034876  0.034964  0.035057  0.035154  0.035256  0.035363  0.035476  0.035595
  0.035720  0.035854  0.035998  0.036152  0.036316  0.036489  0.036672  0.036862
  0.037058  0.037255  0.037453  0.037651  0.037848  0.038044  0.038238  0.038432
  0.038627  0.038822  0.039018  0.039214  0.039409  0.039603  0.039794  0.039982
  0.040165  0.040343  0.040517  0.040685  0.040848  0.041005  0.041159  0.041307
  0.041451  0.041591  0.041726  0.041856  0.041981  0.042102  0.042218  0.042330
  0.042436  0.042539  0.042636  0.042734  0.042841  0.042955  0.043079  0.043213
  0.043357  0.043513  0.043681  0.043863  0.044059  0.044271  0.044500  0.044747
  0.045014  0.045302  0.045613  0.045949  0.046312  0.046704  0.047127
  1.000000
 -0.001366 -0.001259 -0.001164 -0.001078 -0.001001 -0.000932 -0.000870 -0.000814
 -0.000765 -0.000720 -0.000680 -0.000644 -0.000612 -0.000583 -0.000557 -0.000534
 -0.000513 -0.000495 -0.000478 -0.000463 -0.000450 -0.000318 -0.000280 -0.000253
 -0.000229 -0.000204 -0.000180 -0.000154 -0.000129 -0.000103 -0.000077 -0.000050
 -0.000024  0.000004  0.000031  0.000059  0.000086  0.000114  0.000141  0.000168
  0.000195  0.000221  0.000246  0.000270  0.000293  0.000314  0.000334  0.000351
  0.000366  0.000377  0.000386  0.000389  0.000386  0.000377  0.000360  0.000335
  0.000300  0.000257  0.000205  0.000145  0.000076  0.000000 -0.000084 -0.000176
 -0.000277 -0.000385 -0.000502 -0.000627 -0.000760 -0.000900 -0.001046 -0.001196
 -0.001350 -0.001506 -0.001664 -0.001824 -0.001984 -0.002144 -0.002304 -0.002464
 -0.002623 -0.002782 -0.002938 -0.003093 -0.003246 -0.003395 -0.003542 -0.003685
 -0.003825 -0.003961 -0.004150 -0.004272 -0.004404 -0.004546 -0.004700 -0.004866
 -0.005045 -0.005238 -0.005446 -0.005671 -0.005914 -0.006177 -0.006460 -0.006766
 -0.007096 -0.007452 -0.007837 -0.008252 -0.008700 -0.009184 -0.009707
  1.000000
  0.000000  0.000000  0.000000  0.000000  0.000000  0.000000  0.000000  0.000000
  0.000000  0.000000  0.000000  0.000000  0.000000  0.000000  0.000000  0.000000
  0.000000  0.000000  0.000000  0.000000  0.000000  0.000269  0.000352  0.000409
  0.000454  0.000490  0.000518  0.000538  0.000556  0.000574  0.000592  0.000609
  0.000627  0.000645  0.000662  0.000680  0.000698  0.000715  0.000732  0.000749
  0.000766  0.000783  0.000799  0.000816  0.000832  0.000848  0.000863  0.000877
  0.000891  0.000904  0.000918  0.000930  0.000941  0.000950  0.000958  0.000965
  0.000969  0.000970  0.000970  0.000967  0.000963  0.000957  0.000949  0.000939
  0.000928  0.000915  0.000900  0.000884  0.000866  0.000847  0.000827  0.000806
  0.000784  0.000762  0.000739  0.000716  0.000692  0.000669  0.000645  0.000622
  0.000598  0.000575  0.000552  0.000529  0.000506  0.000484  0.000462  0.000441
  0.000413  0.000304  0.000000  0.000000  0.000000  0.000000  0.000000  0.000000
  0.000000  0.000000  0.000000  0.000000  0.000000  0.000000  0.000000  0.000000
  0.000000  0.000000  0.000000  0.000000  0.000000  0.000000  0.000000
  1.000000
  0.180435  0.180411  0.180392  0.180374  0.180359  0.180345  0.180332  0.180321
  0.180310  0.180301  0.180292  0.180285  0.180278  0.180271  0.180266  0.180261
  0.180256  0.180252  0.180248  0.180245  0.180242  0.180238  0.180234  0.180230
  0.180226  0.180221  0.180216  0.180211  0.180206  0.180199  0.180193  0.180186
  0.180179  0.180171  0.180162  0.180153  0.180144  0.180134  0.180123  0.180111
  0.180098  0.180085  0.180071  0.180055  0.180039  0.180021  0.180002  0.179982
  0.179960  0.179937  0.179911  0.179883  0.179852  0.179819  0.179784  0.179746
  0.179707  0.179667  0.179626  0.179585  0.179544  0.179502  0.179461  0.179419
  0.179377  0.179335  0.179293  0.179251  0.179209  0.179168  0.179127  0.179087
  0.179049  0.179011  0.178976  0.178941  0.178909  0.178877  0.178847  0.178818
  0.178790  0.178764  0.178739  0.178715  0.178693  0.178672  0.178651  0.178632
  0.178615  0.178598  0.178582  0.178572  0.178562  0.178551  0.178539  0.178527
  0.178514  0.178500  0.178485  0.178470  0.178454  0.178438  0.178420  0.178403
  0.178384  0.178366  0.178346  0.178327  0.178307  0.178288  0.178268
  1.000000
  0.031579  0.031837  0.032068  0.032276  0.032462  0.032628  0.032778  0.032912
  0.033032  0.033139  0.033236  0.033322  0.033400  0.033470  0.033532  0.033588
  0.033638  0.033683  0.033723  0.033759  0.033792  0.033824  0.033858  0.033893
  0.033931  0.033970  0.034011  0.034054  0.034100  0.034148  0.034198  0.034252
  0.034308  0.034367  0.034429  0.034495  0.034563  0.034635  0.034711  0.034790
  0.034874  0.034961  0.035053  0.035150  0.035251  0.035358  0.035471  0.035590
  0.035715  0.035848  0.035992  0.036146  0.036310  0.036483  0.036666  0.036857
  0.037052  0.037250  0.037448  0.037647  0.037845  0.038041  0.038236  0.038431
  0.038626  0.038822  0.039019  0.039215  0.039411  0.039606  0.039798  0.039986
  0.040170  0.040349  0.040522  0.040691  0.040854  0.041012  0.041166  0.041315
  0.041459  0.041598  0.041733  0.041863  0.041988  0.042109  0.042225  0.042336
  0.042443  0.042545  0.042642  0.042739  0.042844  0.042957  0.043079  0.043211
  0.043354  0.043508  0.043674  0.043853  0.044046  0.044255  0.044481  0.044724
  0.044987  0.045271  0.045577  0.045908  0.046265  0.046651  0.047067
  1.000000
  0.000013  0.000055  0.000092  0.000126  0.000156  0.000183  0.000208  0.000230
  0.000249  0.000267  0.000282  0.000297  0.000309  0.000321  0.000331  0.000340
  0.000348  0.000355  0.000362  0.000368  0.000373  0.000517  0.000562  0.000589
  0.000606  0.000621  0.000636  0.000651  0.000666  0.000680  0.000695  0.000709
  0.000722  0.000736  0.000749  0.000761  0.000773  0.000784  0.000794  0.000803
  0.000811  0.000817  0.000822  0.000825  0.000826  0.000824  0.000819  0.000812
  0.000800  0.000784  0.000762  0.000734  0.000699  0.000656  0.000605  0.000543
  0.000472  0.000393  0.000306  0.000211  0.000109  0.000000 -0.000115 -0.000238
 -0.000369 -0.000507 -0.000653 -0.000806 -0.000966 -0.001133 -0.001304 -0.001478
 -0.001655 -0.001833 -0.002012 -0.002191 -0.002369 -0.002546 -0.002723 -0.002898
 -0.003072 -0.003244 -0.003414 -0.003580 -0.003744 -0.003904 -0.004061 -0.004214
 -0.004362 -0.004506 -0.004688 -0.004817 -0.004956 -0.005107 -0.005269 -0.005444
 -0.005633 -0.005837 -0.006057 -0.006294 -0.006551 -0.006828 -0.007127 -0.007450
 -0.007798 -0.008175 -0.008581 -0.009019 -0.009493 -0.010004 -0.010555
  1.000000
  0.000000  0.000000  0.000000  0.000000  0.000000  0.000000  0.000000  0.000000
  0.000000  0.000000  0.000000  0.000000  0.000000  0.000000  0.000000  0.000000
  0.000000  0.000000  0.000000  0.000000  0.000000  0.000297  0.000396  0.000459
  0.000500  0.000527  0.000548  0.000567  0.000585  0.000604  0.000623  0.000641
  0.000660  0.000678  0.000697  0.000715  0.000733  0.000752  0.000770  0.000788
  0.000806  0.000823  0.000840  0.000857  0.000874  0.000890  0.000906  0.000922
  0.000937  0.000951  0.000964  0.000976  0.000988  0.000998  0.001007  0.001013
  0.001017  0.001019  0.001018  0.001016  0.001011  0.001005  0.000997  0.000987
  0.000975  0.000961  0.000946  0.000928  0.000910  0.000890  0.000868  0.000846
  0.000823  0.000800  0.000776  0.000751  0.000727  0.000702  0.000677  0.000652
  0.000628  0.000603  0.000579  0.000555  0.000531  0.000508  0.000485  0.000463
  0.000429  0.000311  0.000000  0.000000  0.000000  0.000000  0.000000  0.000000
  0.000000  0.000000  0.000000  0.000000  0.000000  0.000000  0.000000  0.000000
  0.000000  0.000000  0.000000  0.000000  0.000000  0.000000  0.000000
  1.000000
  0.200000  0.200000  0.200000  0.200000  0.200000  0.200000  0.200000  0.200000
  0.200000  0.200000  0.200000  0.200000  0.200000  0.200000  0.200000  0.200000
  0.200000  0.200000  0.200000  0.200000  0.200000  0.200000  0.200000  0.200000
  0.200000  0.200000  0.200000  0.200000  0.200000  0.200000  0.200000  0.200000
  0.200000  0.200000  0.200000  0.200000  0.200000  0.200000  0.200000  0.200000
  0.200000  0.200000  0.200000  0.200000  0.200000  0.200000  0.200000  0.200000
  0.200000  0.200000  0.200000  0.200000  0.200000  0.200000  0.200000  0.200000
  0.200000  0.200000  0.200000  0.200000  0.200000  0.200000  0.200000  0.200000
  0.200000  0.200000  0.200000  0.200000  0.200000  0.200000  0.200000  0.200000
  0.200000  0.200000  0.200000  0.200000  0.200000  0.200000  0.200000  0.200000
  0.200000  0.200000  0.200000  0.200000  0.200000  0.200000  0.200000  0.200000
  0.200000  0.200000  0.200000  0.200000  0.200000  0.200000  0.200000  0.200000
  0.200000  0.200000  0.200000  0.200000  0.200000  0.200000  0.200000  0.200000
  0.200000  0.200000  0.200000  0.200000  0.200000  0.200000  0.200000
  1.000000
  0.031550  0.031811  0.032046  0.032256  0.032444  0.032613  0.032765  0.032901
  0.033022  0.033132  0.033229  0.033317  0.033396  0.033466  0.033530  0.033586
  0.033637  0.033683  0.033723  0.033760  0.033793  0.033826  0.033860  0.033896
  0.033933  0.033973  0.034014  0.034058  0.034104  0.034152  0.034203  0.034257
  0.034314  0.034373  0.034436  0.034502  0.034571  0.034643  0.034719  0.034799
  0.034883  0.034971  0.035063  0.035160  0.035262  0.035370  0.035483  0.035602
  0.035727  0.035861  0.036005  0.036159  0.036322  0.036496  0.036679  0.036869
  0.037065  0.037262  0.037460  0.037658  0.037855  0.038050  0.038245  0.038439
  0.038634  0.038829  0.039025  0.039220  0.039416  0.039610  0.039801  0.039989
  0.040172  0.040350  0.040523  0.040692  0.040854  0.041012  0.041166  0.041314
  0.041458  0.041598  0.041732  0.041862  0.041988  0.042109  0.042225  0.042336
  0.042443  0.042545  0.042643  0.042741  0.042847  0.042962  0.043086  0.043220
  0.043364  0.043520  0.043688  0.043870  0.044066  0.044278  0.044507  0.044754
  0.045021  0.045309  0.045620  0.045956  0.046319  0.046711  0.047134
  1.000000
  0.001220  0.001206  0.001193  0.001181  0.001170  0.001161  0.001152  0.001145
  0.001138  0.001132  0.001126  0.001121  0.001117  0.001113  0.001109  0.001106
  0.001103  0.001101  0.001098  0.001096  0.001094  0.001260  0.001319  0.001356
  0.001378  0.001391  0.001398  0.001404  0.001410  0.001415  0.001419  0.001422
  0.001425  0.001427  0.001427  0.001427  0.001425  0.001422  0.001417  0.001410
  0.001401  0.001391  0.001377  0.001361  0.001342  0.001319  0.001293  0.001262
  0.001226  0.001184  0.001135  0.001078  0.001013  0.000937  0.000851  0.000755
  0.000648  0.000533  0.000411  0.000280  0.000143  0.000000 -0.000149 -0.000306
 -0.000469 -0.000641 -0.000819 -0.001005 -0.001197 -0.001395 -0.001597 -0.001801
 -0.002006 -0.002212 -0.002418 -0.002622 -0.002824 -0.003026 -0.003225 -0.003422
 -0.003617 -0.003809 -0.003997 -0.004182 -0.004364 -0.004541 -0.004713 -0.004881
 -0.005044 -0.005201 -0.005401 -0.005542 -0.005694 -0.005858 -0.006035 -0.006226
 -0.006433 -0.006655 -0.006896 -0.007155 -0.007436 -0.007738 -0.008065 -0.008417
 -0.008798 -0.009209 -0.009652 -0.010131 -0.010648 -0.011206 -0.011809
  1.000000
  0.000000  0.000000  0.000000  0.000000  0.000000  0.000000  0.000000  0.000000
  0.000000  0.000000  0.000000  0.000000  0.000000  0.000000  0.000000  0.000000
  0.000000  0.000000  0.000000  0.000000  0.000000  0.000327  0.000442  0.000511
  0.000551  0.000578  0.000599  0.000620  0.000640  0.000661  0.000681  0.000701
  0.000722  0.000742  0.000762  0.000782  0.000802  0.000822  0.000842  0.000861
  0.000881  0.000900  0.000919  0.000938  0.000956  0.000973  0.000991  0.001007
  0.001023  0.001039  0.001054  0.001068  0.001080  0.001091  0.001100  0.001107
  0.001112  0.001114  0.001113  0.001110  0.001105  0.001098  0.001089  0.001078
  0.001065  0.001050  0.001033  0.001014  0.000994  0.000972  0.000949  0.000924
  0.000899  0.000873  0.000847  0.000820  0.000794  0.000767  0.000739  0.000712
  0.000685  0.000658  0.000632  0.000605  0.000580  0.000554  0.000529  0.000505
  0.000462  0.000330  0.000000  0.000000  0.000000  0.000000  0.000000  0.000000
  0.000000  0.000000  0.000000  0.000000  0.000000  0.000000  0.000000  0.000000
  0.000000  0.000000  0.000000  0.000000  0.000000  0.000000  0.000000
  1.000000
  0.219566  0.219589  0.219609  0.219626  0.219642  0.219656  0.219668  0.219680
  0.219690  0.219700  0.219708  0.219716  0.219723  0.219729  0.219735  0.219740
  0.219744  0.219749  0.219752  0.219756  0.219759  0.219762  0.219766  0.219770
  0.219775  0.219779  0.219784  0.219790  0.219795  0.219801  0.219808  0.219815
  0.219822  0.219830  0.219838  0.219847  0.219857  0.219867  0.219878  0.219890
  0.219903  0.219916  0.219930  0.219946  0.219962  0.219980  0.219999  0.220019
  0.220041  0.220064  0.220090  0.220119  0.220149  0.220182  0.220218  0.220255
  0.220295  0.220335  0.220375  0.220417  0.220458  0.220499  0.220541  0.220582
  0.220624  0.220666  0.220708  0.220751  0.220792  0.220834  0.220875  0.220914
  0.220953  0.220990  0.221026  0.221060  0.221093  0.221124  0.221154  0.221183
  0.221211  0.221237  0.221262  0.221286  0.221308  0.221330  0.221350  0.221369
  0.221387  0.221403  0.221419  0.221428  0.221439  0.221450  0.221462  0.221474
  0.221487  0.221501  0.221515  0.221530  0.221546  0.221563  0.221580  0.221598
  0.221616  0.221635  0.221654  0.221673  0.221693  0.221713  0.221732
   1005.03   1.40000   0.40000   0.00500   0.00500   2.00000
 10.000000**********  0.400000  0.200000  0.100000  0.000000  0.001000  0.500000
 1219725.6 1219725.6  781461.5  781461.5
 1300000.0 1300000.0 1300000.0 1300000.1 1300000.0 1300000.0 1300000.0 1300000.0
 1300000.0 1300000.0 1300000.0 1300000.1 1300000.0 1300000.0 1300000.0 1300000.0
 1300000.0 1300000.0 1300000.0 1300000.0 1300000.0 1300000.0 1300000.0 1300000.0
 1300000.0 1300000.0 1300000.0 1300000.0 1300000.0 1300000.0 1300000.0 1300000.0
 1300000.0 1300000.0 1300000.0 1300000.0 1300000.0
    1500.0    1500.0    1500.0    1500.0    1500.0    1500.0    1500.0    1500.0
    1500.0    1500.0    1500.0    1500.0    1500.0    1500.0    1500.0    1500.0
    1500.0    1500.0    1500.0    1500.0    1500.0    1500.0    1500.0    1500.0
    1500.0    1500.0    1500.0    1500.0    1500.0    1500.0    1500.0    1500.0
    1500.0    1500.0    1500.0    1500.0    1500.0
  0.000000  0.000000  0.000000  0.000000  0.000000  0.000000  0.000000  0.000000
  0.000000  0.000000  0.000000  0.000000  0.000000  0.000000  0.000000  0.000000
  0.000000  0.000000  0.000000  0.000000  0.000000  0.000000  0.000000  0.000000
  0.000000  0.000000  0.000000  0.000000  0.000000  0.000000  0.000000  0.000000
  0.000000  0.000000  0.000000  0.000000  0.000000
230.844040230.844040230.844040230.844040230.844040230.844040230.844025230.844040
230.844040230.844040230.844055230.844055230.844040230.844040230.844040230.844040
230.844040230.844040230.844040230.844040230.844040230.844040230.844040230.844040
230.844040230.844040230.844040230.844040230.844040230.844040230.844040230.844040
230.844040230.844040230.844040230.844040230.844040
 -8.254518 -8.254518 -8.254519 -8.254518 -8.254518 -8.254518 -8.254518 -8.254518
 -8.254518 -8.254518 -8.254518 -8.254518 -8.254518 -8.254518 -8.254518 -8.254518
 -8.254518 -8.254518 -8.254518 -8.254518 -8.254518 -8.254518 -8.254518 -8.254518
 -8.254518 -8.254518 -8.254518 -8.254518 -8.254518 -8.254518 -8.254518 -8.254518
 -8.254518 -8.254518 -8.254518 -8.254518 -8.254518
 -1.161119 -1.154164 -1.145471 -1.134604 -1.121020 -1.104040 -1.082815 -1.056284
 -1.023121 -0.981666 -0.929848 -0.865075 -0.784110 -0.682902 -0.556393 -0.417295
 -0.278196 -0.139098  0.000000  0.139098  0.278197  0.417295  0.556393  0.682902
  0.784110  0.865076  0.929848  0.981667  1.023121  1.056285  1.082816  1.104040
  1.121020  1.134604  1.145471  1.154165  1.161120
  1.000000  1.250000  1.562500  1.953125  2.441406  3.051758  3.814697  4.768372
  5.960464  7.450581  9.313226 11.641532 14.551915 18.189894 20.000000 20.000000
 20.000000 20.000000 20.000000 20.000000 20.000000 20.000000 18.189894 14.551915
 11.641532  9.313226  7.450581  5.960464  4.768372  3.814697  3.051758  2.441406
  1.953125  1.562500  1.250000  1.000000
  1.000000  1.250000  1.562500  1.953125  2.441406  3.051758  3.814697  4.768372
  5.960464  7.450581  9.313226 11.641532 14.551915 18.189894 20.000000 20.000000
 20.000000 20.000000 20.000000 20.000000 20.000000 20.000000 18.189894 14.551915
 11.641532  9.313226  7.450581  5.960464  4.768372  3.814697  3.051758  2.441406
  1.953125  1.562500  1.250000  1.000000
 9000 9000 9000 9000 9000
 0 0 0 0 0 0 0 0 0 0 0 0 0 0 0 0 0 0 0 0
 0 0 0 0 0 0 0 0 0 0 0 0 0 0 0 0 0 0 0 0 0 0 0 0 0 0 0 0 0 0 0 0 0 0 0 0 0
  800000.0     0.500     0.000     0.800    3000.0     1.000     0.000
  0.025000  0.800000  1.000000  0.800000
  0.050000  0.050000  0.050000  0.050000  0.050000  0.030000
  0.050000  0.050000  0.050000  0.050000  0.050000  0.030000
  0.050000  0.050000  0.050000  0.050000  0.050000  0.030000
  0.050000  0.050000  0.050000  0.050000  0.050000  0.030000
   2.00000 1000
   1   1   2   2
  7.500000 25.000000
