 DATA SET FOR "multall" . GENERATED BY "stagen" .                       
    CP   and   GAMMA 
 1005.0250    1.4000
       ITIMST 
         3
     CFL,    DAMP,    MACHLIM,    F_PDOWN 
  0.400000 10.000000  2.000000  0.000000
  IF_RESTART 
         0
  NSTEPS_MAX, CONLIM 
      9000  0.001000
   SFX,      SFT,      FAC_4TH,     NCHANGE 
  0.005000  0.005000  0.800000      1000
       NUMBER OF BLADE ROWS 
         4
        IM        KM 
        37        37
  FP(I),I=1,IMM1 
  1.000000  1.250000  1.562500  1.953125  2.441406  3.051758  3.814697  4.768372
  5.960464  7.450581  9.313226 11.641532 14.551915 18.189894 20.000000 20.000000
 20.000000 20.000000 20.000000 20.000000 20.000000 20.000000 18.189894 14.551915
 11.641532  9.313226  7.450581  5.960464  4.768372  3.814697  3.051758  2.441406
  1.953125  1.562500  1.250000  1.000000
  FR(K),K=1,KMM1 
  1.000000  1.250000  1.562500  1.953125  2.441406  3.051758  3.814697  4.768372
  5.960464  7.450581  9.313226 11.641532 14.551915 18.189894 20.000000 20.000000
 20.000000 20.000000 20.000000 20.000000 20.000000 20.000000 18.189894 14.551915
 11.641532  9.313226  7.450581  5.960464  4.768372  3.814697  3.051758  2.441406
  1.953125  1.562500  1.250000  1.000000
        IR        JR        KR        IRBB      JRBB      KRBB 
         3         3         3         9         9         9
   FBLK1,     FBLK2,     FBLK3  
  0.400000  0.200000  0.100000
       IFMIX 
         1
   RFMIX,    FEXTRAP,   FSMTHB,    FANGLE 
  0.025000  0.800000  1.000000  0.800000
      IFCOOL    IFBLEED    IF_ROUGH 
         0         0         0
       NSECS_IN 
         3
       IN_PRESS  IN_VTAN   IN_VR    IN_FLOW  IF_REPEAT  RFIN 
         0         0         1         0         0   0.50000
  IPOUT  SFEXIT  NSFEXIT 
    1  0.000000    0
  PLATE_LOSS  THROTTLE_EXIT 
  0.000000  0.000000
        ILOS      NLOS      IBOUND 
        10         5         0
   REYNO,     RF_VIS,   FTRANS, TURBVIS_LIM, PRANDTL, YPLUSWALL
  800000.0     0.500     0.000  3000.000       1.0     0.000
   YPLAM      YPTURB 
  5.000000 25.000000
      ISHIFT    NEXTRAP_LE  NEXTRAP_TE 
         2        10        10
  (NSTG(N),N=1,NROWS) 
         1         1         2         2
  5  TIME STEPS FOR PRINTOUT 
      9000      9000      9000      9000      9000
  MARKER FOR VARIABLES TO BE SENT TO THE OUTPUT FILE.
 0 0 0 0 0 0 0 0 0 0 0 0 0 0 0 0 0 0 0 0
  STREAM SURFACES ON WHICH RESULTS ARE TO BE SENT TO   THE OUTPUT FILE 
 0 0 0 0 0 0 0 0 0 0 0 0 0 0 0 0 0 0 0 0 0 0 0 0 0 0 0 0 0 0 0 0 0 0 0 0 0
 ***************************************************************
 ************STARTING THE INPUT FOR EACH BLADE ROW**************
  BLADE ROW NUMBER =        1                                           
    NUMBER OF BLADES IN ROW 
       143
        JM        JLE       JTE 
       111        26        96
      KTIPSTART  KTIPEND 
         0         0
       BOUNDARY LAYER TRANSITION POINTS 
         0         0         0         0
  SET NEWGRID= 1 TO GENERATE A NEW GRID WITH DIFFERENT "J" POINTS AND SPACINGS.
         0
   RPMROW,    RPMHUB 
       0.0       0.0
       JROTHS    JROTHE    JROTTS    JROTTE 
         1         1         1         1
   PUPROW    PLEROW   PTEROW    PDROW 
 1208812.1 1208812.1  841936.9  841936.9
      NSECS_ROW   INSURF  
         3         0
  IF_CUSP_OUT   IFANGLES 
         1         0
         0         3         0
 ***************************************************************
  ROW NUMBER           1  SECTION NUMBER            1
           0           0           0  IF_DESIGN etc 
   1.00000   0.00000    0
 -0.005762 -0.005109 -0.004528 -0.004009 -0.003547 -0.003135 -0.002769 -0.002442
 -0.002151 -0.001891 -0.001660 -0.001454 -0.001270 -0.001107 -0.000961 -0.000831
 -0.000715 -0.000612 -0.000520 -0.000438 -0.000364 -0.000299 -0.000241 -0.000189
 -0.000143 -0.000102 -0.000062 -0.000019  0.000025  0.000071  0.000120  0.000171
  0.000225  0.000282  0.000341  0.000404  0.000470  0.000540  0.000613  0.000690
  0.000771  0.000857  0.000946  0.001039  0.001138  0.001241  0.001349  0.001463
  0.001582  0.001707  0.001839  0.001978  0.002124  0.002278  0.002442  0.002619
  0.002808  0.003009  0.003222  0.003446  0.003680  0.003920  0.004162  0.004406
  0.004649  0.004891  0.005132  0.005371  0.005610  0.005850  0.006091  0.006332
  0.006573  0.006814  0.007054  0.007291  0.007523  0.007750  0.007972  0.008187
  0.008396  0.008598  0.008795  0.008986  0.009172  0.009352  0.009526  0.009695
  0.009858  0.010015  0.010167  0.010313  0.010453  0.010587  0.010716  0.010839
  0.010963  0.011094  0.011232  0.011379  0.011533  0.011697  0.011870  0.012052
  0.012245  0.012449  0.012664  0.012891  0.013131  0.013385  0.013649
  1.000000  0.000000
 -0.000338 -0.000628 -0.000886 -0.001116 -0.001321 -0.001504 -0.001667 -0.001812
 -0.001941 -0.002057 -0.002160 -0.002251 -0.002333 -0.002406 -0.002471 -0.002529
 -0.002581 -0.002627 -0.002668 -0.002704 -0.002737 -0.002766 -0.002792 -0.002815
 -0.002836 -0.002854 -0.002671 -0.002590 -0.002529 -0.002482 -0.002448 -0.002428
 -0.002425 -0.002433 -0.002443 -0.002453 -0.002463 -0.002472 -0.002479 -0.002486
 -0.002492 -0.002496 -0.002498 -0.002498 -0.002496 -0.002491 -0.002482 -0.002470
 -0.002454 -0.002433 -0.002406 -0.002374 -0.002334 -0.002285 -0.002227 -0.002156
 -0.002072 -0.001972 -0.001854 -0.001717 -0.001560 -0.001384 -0.001191 -0.000982
 -0.000758 -0.000519 -0.000266  0.000000  0.000281  0.000577  0.000890  0.001218
  0.001562  0.001919  0.002289  0.002669  0.003055  0.003445  0.003838  0.004232
  0.004625  0.005016  0.005405  0.005792  0.006177  0.006557  0.006933  0.007303
  0.007667  0.008025  0.008374  0.008716  0.009049  0.009366  0.009538  0.009438
  0.009764  0.010108  0.010472  0.010857  0.011263  0.011693  0.012147  0.012627
  0.013135  0.013671  0.014238  0.014837  0.015470  0.016139  0.016845
  1.000000
  0.000000  0.000000  0.000000  0.000000  0.000000  0.000000  0.000000  0.000000
  0.000000  0.000000  0.000000  0.000000  0.000000  0.000000  0.000000  0.000000
  0.000000  0.000000  0.000000  0.000000  0.000000  0.000000  0.000000  0.000000
  0.000000  0.000000  0.000329  0.000456  0.000549  0.000623  0.000685  0.000734
  0.000768  0.000790  0.000810  0.000832  0.000853  0.000876  0.000900  0.000925
  0.000950  0.000976  0.001003  0.001031  0.001059  0.001088  0.001118  0.001148
  0.001180  0.001211  0.001244  0.001276  0.001309  0.001342  0.001376  0.001410
  0.001444  0.001477  0.001511  0.001541  0.001570  0.001596  0.001617  0.001635
  0.001648  0.001658  0.001663  0.001665  0.001663  0.001656  0.001646  0.001632
  0.001614  0.001592  0.001566  0.001536  0.001503  0.001467  0.001429  0.001389
  0.001348  0.001305  0.001260  0.001215  0.001168  0.001121  0.001073  0.001025
  0.000977  0.000929  0.000881  0.000833  0.000786  0.000734  0.000548  0.000000
  0.000000  0.000000  0.000000  0.000000  0.000000  0.000000  0.000000  0.000000
  0.000000  0.000000  0.000000  0.000000  0.000000  0.000000  0.000000
  1.000000  0.000000
  0.258655  0.258626  0.258596  0.258564  0.258533  0.258502  0.258472  0.258444
  0.258417  0.258392  0.258368  0.258346  0.258326  0.258308  0.258291  0.258276
  0.258262  0.258249  0.258237  0.258227  0.258218  0.258209  0.258202  0.258195
  0.258189  0.258183  0.258174  0.258164  0.258153  0.258142  0.258131  0.258118
  0.258105  0.258091  0.258077  0.258061  0.258044  0.258027  0.258008  0.257988
  0.257967  0.257944  0.257921  0.257895  0.257869  0.257840  0.257810  0.257778
  0.257744  0.257708  0.257670  0.257629  0.257585  0.257539  0.257489  0.257435
  0.257377  0.257314  0.257247  0.257176  0.257101  0.257024  0.256945  0.256866
  0.256788  0.256709  0.256631  0.256554  0.256478  0.256401  0.256325  0.256250
  0.256175  0.256101  0.256029  0.255959  0.255892  0.255827  0.255766  0.255707
  0.255652  0.255599  0.255549  0.255503  0.255458  0.255417  0.255378  0.255341
  0.255307  0.255275  0.255246  0.255218  0.255193  0.255169  0.255148  0.255128
  0.255114  0.255099  0.255083  0.255066  0.255048  0.255028  0.255006  0.254983
  0.254957  0.254929  0.254898  0.254864  0.254826  0.254786  0.254727
 ***************************************************************
  ROW NUMBER           1  SECTION NUMBER            2
           0           0           0  IF_DESIGN etc 
   1.00000   0.00000    0
 -0.005575 -0.004946 -0.004386 -0.003886 -0.003440 -0.003043 -0.002689 -0.002373
 -0.002091 -0.001840 -0.001617 -0.001417 -0.001239 -0.001080 -0.000939 -0.000813
 -0.000700 -0.000600 -0.000511 -0.000431 -0.000360 -0.000296 -0.000240 -0.000190
 -0.000145 -0.000105 -0.000065 -0.000023  0.000021  0.000067  0.000116  0.000166
  0.000220  0.000276  0.000336  0.000398  0.000464  0.000533  0.000607  0.000683
  0.000764  0.000849  0.000938  0.001032  0.001130  0.001233  0.001341  0.001455
  0.001574  0.001700  0.001832  0.001971  0.002118  0.002273  0.002438  0.002616
  0.002806  0.003008  0.003223  0.003449  0.003685  0.003927  0.004171  0.004416
  0.004661  0.004906  0.005149  0.005390  0.005631  0.005872  0.006115  0.006358
  0.006600  0.006842  0.007083  0.007321  0.007553  0.007780  0.008002  0.008216
  0.008425  0.008626  0.008822  0.009012  0.009196  0.009374  0.009546  0.009713
  0.009874  0.010029  0.010178  0.010321  0.010459  0.010590  0.010716  0.010836
  0.010957  0.011084  0.011218  0.011360  0.011510  0.011668  0.011836  0.012013
  0.012201  0.012399  0.012608  0.012829  0.013063  0.013311  0.013572
  1.000000  0.000000
 -0.000259 -0.000526 -0.000764 -0.000977 -0.001166 -0.001335 -0.001485 -0.001619
 -0.001739 -0.001846 -0.001941 -0.002026 -0.002101 -0.002169 -0.002229 -0.002282
 -0.002330 -0.002373 -0.002411 -0.002444 -0.002475 -0.002502 -0.002526 -0.002547
 -0.002566 -0.002583 -0.002408 -0.002331 -0.002274 -0.002232 -0.002202 -0.002187
 -0.002186 -0.002195 -0.002204 -0.002214 -0.002223 -0.002231 -0.002238 -0.002245
 -0.002250 -0.002254 -0.002256 -0.002257 -0.002255 -0.002251 -0.002243 -0.002233
 -0.002218 -0.002200 -0.002176 -0.002147 -0.002111 -0.002068 -0.002015 -0.001952
 -0.001876 -0.001785 -0.001679 -0.001555 -0.001414 -0.001254 -0.001080 -0.000891
 -0.000687 -0.000471 -0.000241  0.000000  0.000255  0.000524  0.000808  0.001106
  0.001418  0.001743  0.002080  0.002425  0.002776  0.003131  0.003488  0.003847
  0.004204  0.004560  0.004914  0.005267  0.005617  0.005963  0.006305  0.006642
  0.006974  0.007299  0.007617  0.007929  0.008231  0.008519  0.008671  0.008573
  0.008870  0.009184  0.009515  0.009866  0.010236  0.010628  0.011042  0.011480
  0.011943  0.012432  0.012949  0.013495  0.014073  0.014684  0.015330
  1.000000
  0.000000  0.000000  0.000000  0.000000  0.000000  0.000000  0.000000  0.000000
  0.000000  0.000000  0.000000  0.000000  0.000000  0.000000  0.000000  0.000000
  0.000000  0.000000  0.000000  0.000000  0.000000  0.000000  0.000000  0.000000
  0.000000  0.000000  0.000317  0.000437  0.000523  0.000592  0.000648  0.000690
  0.000719  0.000738  0.000757  0.000777  0.000798  0.000819  0.000841  0.000864
  0.000888  0.000912  0.000937  0.000963  0.000989  0.001017  0.001044  0.001073
  0.001102  0.001131  0.001161  0.001192  0.001223  0.001253  0.001285  0.001317
  0.001349  0.001380  0.001410  0.001439  0.001466  0.001489  0.001510  0.001527
  0.001539  0.001548  0.001553  0.001554  0.001552  0.001546  0.001537  0.001523
  0.001506  0.001486  0.001462  0.001434  0.001403  0.001369  0.001334  0.001296
  0.001258  0.001217  0.001176  0.001133  0.001090  0.001046  0.001001  0.000956
  0.000911  0.000866  0.000822  0.000778  0.000734  0.000684  0.000509  0.000000
  0.000000  0.000000  0.000000  0.000000  0.000000  0.000000  0.000000  0.000000
  0.000000  0.000000  0.000000  0.000000  0.000000  0.000000  0.000000
  1.000000  0.000000
  0.270000  0.270000  0.270000  0.270000  0.270000  0.270000  0.270000  0.270000
  0.270000  0.270000  0.270000  0.270000  0.270000  0.270000  0.270000  0.270000
  0.270000  0.270000  0.270000  0.270000  0.270000  0.270000  0.270000  0.270000
  0.270000  0.270000  0.270000  0.270000  0.270000  0.270000  0.270000  0.270000
  0.270000  0.270000  0.270000  0.270000  0.270000  0.270000  0.270000  0.270000
  0.270000  0.270000  0.270000  0.270000  0.270000  0.270000  0.270000  0.270000
  0.270000  0.270000  0.270000  0.270000  0.270000  0.270000  0.270000  0.270000
  0.270000  0.270000  0.270000  0.270000  0.270000  0.270000  0.270000  0.270000
  0.270000  0.270000  0.270000  0.270000  0.270000  0.270000  0.270000  0.270000
  0.270000  0.270000  0.270000  0.270000  0.270000  0.270000  0.270000  0.270000
  0.270000  0.270000  0.270000  0.270000  0.270000  0.270000  0.270000  0.270000
  0.270000  0.270000  0.270000  0.270000  0.270000  0.270000  0.270000  0.270000
  0.270000  0.270000  0.270000  0.270000  0.270000  0.270000  0.270000  0.270000
  0.270000  0.270000  0.270000  0.270000  0.270000  0.270000  0.270000
 ***************************************************************
  ROW NUMBER           1  SECTION NUMBER            3
           0           0           0  IF_DESIGN etc 
   1.00000   0.00000    0
 -0.005758 -0.005106 -0.004524 -0.004005 -0.003543 -0.003132 -0.002765 -0.002438
 -0.002147 -0.001887 -0.001656 -0.001450 -0.001267 -0.001103 -0.000957 -0.000827
 -0.000711 -0.000608 -0.000516 -0.000434 -0.000361 -0.000295 -0.000237 -0.000186
 -0.000139 -0.000098 -0.000058 -0.000016  0.000029  0.000075  0.000124  0.000175
  0.000229  0.000285  0.000345  0.000408  0.000474  0.000544  0.000617  0.000694
  0.000775  0.000860  0.000950  0.001043  0.001141  0.001244  0.001353  0.001466
  0.001586  0.001711  0.001843  0.001981  0.002128  0.002282  0.002446  0.002623
  0.002812  0.003013  0.003226  0.003450  0.003684  0.003924  0.004166  0.004409
  0.004653  0.004895  0.005136  0.005375  0.005614  0.005854  0.006094  0.006336
  0.006577  0.006818  0.007058  0.007295  0.007527  0.007754  0.007975  0.008191
  0.008400  0.008602  0.008799  0.008990  0.009176  0.009356  0.009530  0.009699
  0.009862  0.010019  0.010171  0.010316  0.010457  0.010591  0.010720  0.010843
  0.010967  0.011098  0.011236  0.011383  0.011537  0.011701  0.011873  0.012056
  0.012249  0.012452  0.012668  0.012895  0.013135  0.013388  0.013653
  1.000000  0.000000
 -0.000214 -0.000480 -0.000717 -0.000929 -0.001117 -0.001286 -0.001436 -0.001570
 -0.001689 -0.001795 -0.001890 -0.001975 -0.002050 -0.002118 -0.002178 -0.002231
 -0.002279 -0.002321 -0.002359 -0.002393 -0.002423 -0.002450 -0.002474 -0.002496
 -0.002515 -0.002532 -0.002351 -0.002273 -0.002215 -0.002173 -0.002146 -0.002132
 -0.002134 -0.002143 -0.002153 -0.002162 -0.002171 -0.002179 -0.002187 -0.002193
 -0.002199 -0.002203 -0.002205 -0.002206 -0.002205 -0.002201 -0.002194 -0.002184
 -0.002170 -0.002152 -0.002130 -0.002101 -0.002066 -0.002024 -0.001973 -0.001912
 -0.001838 -0.001749 -0.001645 -0.001525 -0.001386 -0.001230 -0.001059 -0.000873
 -0.000674 -0.000462 -0.000237  0.000000  0.000250  0.000514  0.000793  0.001086
  0.001393  0.001712  0.002043  0.002382  0.002728  0.003076  0.003428  0.003780
  0.004132  0.004482  0.004831  0.005178  0.005522  0.005863  0.006199  0.006531
  0.006857  0.007177  0.007491  0.007797  0.008095  0.008377  0.008521  0.008419
  0.008711  0.009020  0.009346  0.009692  0.010057  0.010443  0.010851  0.011282
  0.011738  0.012221  0.012731  0.013270  0.013840  0.014443  0.015081
  1.000000
  0.000000  0.000000  0.000000  0.000000  0.000000  0.000000  0.000000  0.000000
  0.000000  0.000000  0.000000  0.000000  0.000000  0.000000  0.000000  0.000000
  0.000000  0.000000  0.000000  0.000000  0.000000  0.000000  0.000000  0.000000
  0.000000  0.000000  0.000327  0.000451  0.000539  0.000607  0.000661  0.000701
  0.000727  0.000746  0.000766  0.000785  0.000806  0.000827  0.000850  0.000873
  0.000897  0.000921  0.000947  0.000973  0.001000  0.001027  0.001055  0.001084
  0.001113  0.001143  0.001173  0.001204  0.001235  0.001266  0.001298  0.001329
  0.001361  0.001393  0.001424  0.001453  0.001480  0.001504  0.001524  0.001541
  0.001554  0.001563  0.001568  0.001570  0.001567  0.001561  0.001552  0.001538
  0.001521  0.001500  0.001475  0.001447  0.001416  0.001382  0.001346  0.001309
  0.001269  0.001229  0.001187  0.001144  0.001100  0.001056  0.001011  0.000965
  0.000920  0.000874  0.000829  0.000785  0.000741  0.000690  0.000511  0.000000
  0.000000  0.000000  0.000000  0.000000  0.000000  0.000000  0.000000  0.000000
  0.000000  0.000000  0.000000  0.000000  0.000000  0.000000  0.000000
  1.000000  0.000000
  0.281345  0.281374  0.281405  0.281436  0.281467  0.281498  0.281528  0.281556
  0.281583  0.281609  0.281632  0.281654  0.281674  0.281693  0.281709  0.281725
  0.281739  0.281752  0.281763  0.281773  0.281783  0.281791  0.281799  0.281806
  0.281812  0.281818  0.281827  0.281837  0.281848  0.281859  0.281870  0.281883
  0.281896  0.281909  0.281924  0.281940  0.281957  0.281974  0.281993  0.282013
  0.282034  0.282057  0.282080  0.282106  0.282133  0.282161  0.282191  0.282223
  0.282257  0.282293  0.282331  0.282372  0.282416  0.282462  0.282512  0.282566
  0.282624  0.282687  0.282754  0.282826  0.282900  0.282978  0.283056  0.283135
  0.283214  0.283292  0.283370  0.283447  0.283524  0.283600  0.283676  0.283752
  0.283826  0.283900  0.283972  0.284042  0.284109  0.284174  0.284235  0.284294
  0.284349  0.284402  0.284451  0.284498  0.284542  0.284584  0.284623  0.284660
  0.284694  0.284725  0.284755  0.284782  0.284808  0.284831  0.284853  0.284872
  0.284886  0.284901  0.284917  0.284934  0.284953  0.284973  0.284994  0.285018
  0.285043  0.285072  0.285103  0.285137  0.285174  0.285215  0.285274
 ***************************************************************
 ************STARTING THE INPUT FOR EACH BLADE ROW**************
  BLADE ROW NUMBER =        2                                           
    NUMBER OF BLADES IN ROW 
       131
        JM        JLE       JTE 
       106        21        91
      KTIPSTART  KTIPEND 
         0         0
       BOUNDARY LAYER TRANSITION POINTS 
         0         0         0         0
  SET NEWGRID= 1 TO GENERATE A NEW GRID WITH DIFFERENT "J" POINTS AND SPACINGS.
         0
   RPMROW,    RPMHUB 
   15000.0   15000.0
       JROTHS    JROTHE    JROTTS    JROTTE 
         1         1         1         1
   PUPROW    PLEROW   PTEROW    PDROW 
  841936.9  841936.9  567649.1  567649.1
      NSECS_ROW   INSURF  
         3         0
  IF_CUSP_OUT   IFANGLES 
         1         0
         0         3         0
 ***************************************************************
  ROW NUMBER           2  SECTION NUMBER            1
           0           0           0  IF_DESIGN etc 
   1.00000   0.00000    0
  0.010213  0.010586  0.010921  0.011224  0.011495  0.011738  0.011956  0.012151
  0.012326  0.012482  0.012623  0.012749  0.012861  0.012963  0.013053  0.013134
  0.013207  0.013272  0.013331  0.013383  0.013430  0.013476  0.013525  0.013575
  0.013629  0.013684  0.013743  0.013804  0.013869  0.013937  0.014009  0.014084
  0.014163  0.014246  0.014334  0.014426  0.014522  0.014623  0.014728  0.014839
  0.014955  0.015076  0.015204  0.015337  0.015477  0.015624  0.015779  0.015941
  0.016112  0.016294  0.016489  0.016698  0.016919  0.017154  0.017399  0.017656
  0.017918  0.018183  0.018448  0.018713  0.018977  0.019239  0.019499  0.019759
  0.020020  0.020281  0.020544  0.020807  0.021070  0.021331  0.021590  0.021844
  0.022093  0.022335  0.022572  0.022802  0.023026  0.023243  0.023455  0.023661
  0.023861  0.024056  0.024244  0.024427  0.024603  0.024774  0.024939  0.025097
  0.025249  0.025395  0.025535  0.025678  0.025828  0.025988  0.026156  0.026335
  0.026523  0.026723  0.026933  0.027156  0.027392  0.027642  0.027905  0.028184
  0.028478  0.028787
  1.000000  0.000000
 -0.002365 -0.002115 -0.001890 -0.001688 -0.001508 -0.001346 -0.001200 -0.001070
 -0.000954 -0.000849 -0.000755 -0.000671 -0.000596 -0.000528 -0.000468 -0.000413
 -0.000365 -0.000321 -0.000282 -0.000247 -0.000215 -0.000015  0.000046  0.000099
  0.000150  0.000203  0.000255  0.000308  0.000362  0.000417  0.000472  0.000528
  0.000585  0.000642  0.000699  0.000756  0.000813  0.000869  0.000925  0.000978
  0.001031  0.001081  0.001129  0.001173  0.001213  0.001249  0.001279  0.001303
  0.001319  0.001326  0.001322  0.001306  0.001272  0.001220  0.001147  0.001050
  0.000930  0.000788  0.000622  0.000435  0.000228  0.000000 -0.000247 -0.000514
 -0.000803 -0.001113 -0.001445 -0.001797 -0.002169 -0.002560 -0.002965 -0.003381
 -0.003805 -0.004236 -0.004671 -0.005108 -0.005546 -0.005984 -0.006422 -0.006858
 -0.007292 -0.007723 -0.008149 -0.008569 -0.008983 -0.009389 -0.009787 -0.010175
 -0.010554 -0.010921 -0.011379 -0.011719 -0.012079 -0.012459 -0.012861 -0.013286
 -0.013736 -0.014210 -0.014713 -0.015243 -0.015805 -0.016398 -0.017025 -0.017688
 -0.018388 -0.019128
  1.000000
  0.000000  0.000000  0.000000  0.000000  0.000000  0.000000  0.000000  0.000000
  0.000000  0.000000  0.000000  0.000000  0.000000  0.000000  0.000000  0.000000
  0.000000  0.000000  0.000000  0.000000  0.000000  0.000412  0.000546  0.000647
  0.000733  0.000809  0.000875  0.000930  0.000972  0.001005  0.001036  0.001068
  0.001099  0.001130  0.001162  0.001193  0.001224  0.001255  0.001285  0.001316
  0.001345  0.001375  0.001405  0.001433  0.001462  0.001489  0.001516  0.001542
  0.001567  0.001591  0.001614  0.001636  0.001655  0.001671  0.001686  0.001697
  0.001703  0.001707  0.001708  0.001703  0.001696  0.001685  0.001671  0.001654
  0.001634  0.001612  0.001585  0.001556  0.001525  0.001492  0.001457  0.001420
  0.001382  0.001343  0.001303  0.001262  0.001221  0.001180  0.001138  0.001097
  0.001055  0.001014  0.000973  0.000933  0.000893  0.000854  0.000816  0.000779
  0.000740  0.000565  0.000000  0.000000  0.000000  0.000000  0.000000  0.000000
  0.000000  0.000000  0.000000  0.000000  0.000000  0.000000  0.000000  0.000000
  0.000000  0.000000
  1.000000  0.000000
  0.255237  0.255170  0.255119  0.255084  0.255052  0.255023  0.254995  0.254970
  0.254946  0.254924  0.254904  0.254885  0.254868  0.254853  0.254839  0.254826
  0.254814  0.254804  0.254794  0.254786  0.254778  0.254768  0.254757  0.254745
  0.254732  0.254718  0.254704  0.254688  0.254671  0.254653  0.254633  0.254612
  0.254589  0.254564  0.254537  0.254509  0.254478  0.254445  0.254409  0.254371
  0.254330  0.254286  0.254238  0.254187  0.254133  0.254074  0.254011  0.253943
  0.253869  0.253789  0.253702  0.253607  0.253504  0.253392  0.253273  0.253148
  0.253017  0.252885  0.252750  0.252616  0.252481  0.252348  0.252216  0.252084
  0.251953  0.251823  0.251694  0.251568  0.251443  0.251322  0.251205  0.251094
  0.250988  0.250889  0.250795  0.250708  0.250627  0.250551  0.250481  0.250417
  0.250359  0.250305  0.250256  0.250213  0.250174  0.250140  0.250109  0.250083
  0.250061  0.250042  0.250026  0.250026  0.250027  0.250028  0.250029  0.250030
  0.250032  0.250034  0.250036  0.250039  0.250045  0.250053  0.250058  0.250061
  0.250058  0.250048
 ***************************************************************
  ROW NUMBER           2  SECTION NUMBER            2
           0           0           0  IF_DESIGN etc 
   1.00000   0.00000    0
  0.010407  0.010760  0.011076  0.011360  0.011614  0.011842  0.012046  0.012229
  0.012394  0.012541  0.012673  0.012791  0.012898  0.012993  0.013078  0.013155
  0.013223  0.013285  0.013340  0.013389  0.013433  0.013478  0.013524  0.013573
  0.013624  0.013677  0.013733  0.013792  0.013855  0.013921  0.013990  0.014063
  0.014139  0.014220  0.014305  0.014395  0.014489  0.014587  0.014691  0.014799
  0.014913  0.015033  0.015159  0.015291  0.015430  0.015576  0.015730  0.015892
  0.016064  0.016247  0.016443  0.016653  0.016877  0.017115  0.017365  0.017626
  0.017893  0.018164  0.018435  0.018706  0.018977  0.019245  0.019512  0.019779
  0.020046  0.020314  0.020583  0.020852  0.021119  0.021386  0.021649  0.021906
  0.022157  0.022402  0.022640  0.022870  0.023093  0.023310  0.023520  0.023723
  0.023920  0.024111  0.024295  0.024473  0.024645  0.024810  0.024968  0.025120
  0.025266  0.025405  0.025538  0.025671  0.025812  0.025960  0.026117  0.026283
  0.026459  0.026644  0.026840  0.027048  0.027267  0.027498  0.027743  0.028002
  0.028276  0.028565
  1.000000  0.000000
 -0.000396 -0.000246 -0.000112  0.000009  0.000117  0.000214  0.000301  0.000378
  0.000448  0.000511  0.000567  0.000617  0.000662  0.000703  0.000739  0.000771
  0.000800  0.000827  0.000850  0.000871  0.000890  0.001095  0.001149  0.001188
  0.001226  0.001263  0.001300  0.001337  0.001374  0.001411  0.001447  0.001484
  0.001520  0.001556  0.001591  0.001626  0.001658  0.001690  0.001719  0.001747
  0.001772  0.001794  0.001812  0.001826  0.001835  0.001839  0.001837  0.001826
  0.001807  0.001778  0.001736  0.001679  0.001605  0.001512  0.001398  0.001260
  0.001099  0.000919  0.000718  0.000497  0.000257  0.000000 -0.000274 -0.000566
 -0.000878 -0.001210 -0.001560 -0.001930 -0.002318 -0.002722 -0.003137 -0.003562
 -0.003992 -0.004428 -0.004865 -0.005304 -0.005740 -0.006177 -0.006611 -0.007043
 -0.007472 -0.007896 -0.008315 -0.008727 -0.009132 -0.009529 -0.009917 -0.010295
 -0.010663 -0.011019 -0.011467 -0.011795 -0.012142 -0.012509 -0.012897 -0.013307
 -0.013740 -0.014199 -0.014683 -0.015195 -0.015736 -0.016308 -0.016913 -0.017552
 -0.018228 -0.018942
  1.000000
  0.000000  0.000000  0.000000  0.000000  0.000000  0.000000  0.000000  0.000000
  0.000000  0.000000  0.000000  0.000000  0.000000  0.000000  0.000000  0.000000
  0.000000  0.000000  0.000000  0.000000  0.000000  0.000443  0.000583  0.000685
  0.000770  0.000844  0.000904  0.000950  0.000984  0.001016  0.001048  0.001080
  0.001111  0.001143  0.001174  0.001206  0.001237  0.001268  0.001298  0.001329
  0.001359  0.001389  0.001418  0.001448  0.001476  0.001503  0.001531  0.001556
  0.001582  0.001606  0.001629  0.001650  0.001670  0.001688  0.001701  0.001712
  0.001719  0.001723  0.001723  0.001718  0.001711  0.001700  0.001686  0.001669
  0.001649  0.001626  0.001600  0.001572  0.001539  0.001505  0.001469  0.001432
  0.001393  0.001353  0.001313  0.001272  0.001231  0.001189  0.001147  0.001105
  0.001063  0.001022  0.000981  0.000940  0.000900  0.000861  0.000822  0.000785
  0.000741  0.000555  0.000000  0.000000  0.000000  0.000000  0.000000  0.000000
  0.000000  0.000000  0.000000  0.000000  0.000000  0.000000  0.000000  0.000000
  0.000000  0.000000
  1.000000  0.000000
  0.270000  0.270000  0.270000  0.270000  0.270000  0.270000  0.270000  0.270000
  0.270000  0.270000  0.270000  0.270000  0.270000  0.270000  0.270000  0.270000
  0.270000  0.270000  0.270000  0.270000  0.270000  0.270000  0.270000  0.270000
  0.270000  0.270000  0.270000  0.270000  0.270000  0.270000  0.270000  0.270000
  0.270000  0.270000  0.270000  0.270000  0.270000  0.270000  0.270000  0.270000
  0.270000  0.270000  0.270000  0.270000  0.270000  0.270000  0.270000  0.270000
  0.270000  0.270000  0.270000  0.270000  0.270000  0.270000  0.270000  0.270000
  0.270000  0.270000  0.270000  0.270000  0.270000  0.270000  0.270000  0.270000
  0.270000  0.270000  0.270000  0.270000  0.270000  0.270000  0.270000  0.270000
  0.270000  0.270000  0.270000  0.270000  0.270000  0.270000  0.270000  0.270000
  0.270000  0.270000  0.270000  0.270000  0.270000  0.270000  0.270000  0.270000
  0.270000  0.270000  0.270000  0.270000  0.270000  0.270000  0.270000  0.270000
  0.270000  0.270000  0.270000  0.270000  0.270000  0.270000  0.270000  0.270000
  0.270000  0.270000
 ***************************************************************
  ROW NUMBER           2  SECTION NUMBER            3
           0           0           0  IF_DESIGN etc 
   1.00000   0.00000    0
  0.010229  0.010601  0.010936  0.011239  0.011510  0.011753  0.011971  0.012166
  0.012341  0.012498  0.012638  0.012764  0.012877  0.012978  0.013069  0.013150
  0.013222  0.013288  0.013346  0.013399  0.013445  0.013492  0.013540  0.013591
  0.013644  0.013700  0.013758  0.013820  0.013885  0.013953  0.014024  0.014099
  0.014179  0.014262  0.014349  0.014441  0.014537  0.014638  0.014744  0.014854
  0.014970  0.015092  0.015219  0.015353  0.015493  0.015640  0.015794  0.015957
  0.016128  0.016310  0.016505  0.016713  0.016935  0.017169  0.017415  0.017671
  0.017934  0.018198  0.018464  0.018728  0.018992  0.019254  0.019514  0.019774
  0.020035  0.020297  0.020560  0.020822  0.021085  0.021347  0.021605  0.021859
  0.022108  0.022351  0.022588  0.022818  0.023041  0.023259  0.023470  0.023677
  0.023877  0.024071  0.024260  0.024442  0.024619  0.024789  0.024954  0.025112
  0.025265  0.025411  0.025550  0.025693  0.025844  0.026003  0.026172  0.026350
  0.026539  0.026738  0.026949  0.027172  0.027408  0.027657  0.027921  0.028199
  0.028493  0.028803
  1.000000  0.000000
  0.001355  0.001432  0.001502  0.001564  0.001619  0.001669  0.001714  0.001754
  0.001790  0.001822  0.001851  0.001877  0.001900  0.001921  0.001940  0.001957
  0.001972  0.001985  0.001997  0.002008  0.002018  0.002282  0.002353  0.002396
  0.002427  0.002455  0.002483  0.002510  0.002536  0.002561  0.002587  0.002610
  0.002633  0.002654  0.002674  0.002691  0.002707  0.002720  0.002729  0.002737
  0.002739  0.002737  0.002731  0.002719  0.002700  0.002674  0.002639  0.002596
  0.002541  0.002472  0.002388  0.002287  0.002164  0.002017  0.001846  0.001649
  0.001427  0.001182  0.000916  0.000629  0.000324  0.000000 -0.000341 -0.000701
 -0.001082 -0.001483 -0.001905 -0.002346 -0.002806 -0.003283 -0.003772 -0.004268
 -0.004770 -0.005275 -0.005781 -0.006286 -0.006789 -0.007289 -0.007786 -0.008279
 -0.008766 -0.009248 -0.009723 -0.010189 -0.010647 -0.011094 -0.011531 -0.011956
 -0.012369 -0.012769 -0.013275 -0.013641 -0.014028 -0.014438 -0.014870 -0.015327
 -0.015810 -0.016321 -0.016861 -0.017432 -0.018035 -0.018673 -0.019347 -0.020060
 -0.020814 -0.021611
  1.000000
  0.000000  0.000000  0.000000  0.000000  0.000000  0.000000  0.000000  0.000000
  0.000000  0.000000  0.000000  0.000000  0.000000  0.000000  0.000000  0.000000
  0.000000  0.000000  0.000000  0.000000  0.000000  0.000568  0.000750  0.000873
  0.000963  0.001029  0.001075  0.001112  0.001149  0.001186  0.001223  0.001259
  0.001296  0.001332  0.001369  0.001405  0.001441  0.001476  0.001512  0.001548
  0.001582  0.001617  0.001651  0.001685  0.001718  0.001750  0.001780  0.001811
  0.001840  0.001868  0.001894  0.001920  0.001942  0.001962  0.001979  0.001991
  0.001999  0.002003  0.002002  0.001997  0.001988  0.001975  0.001959  0.001939
  0.001916  0.001889  0.001859  0.001826  0.001790  0.001750  0.001707  0.001663
  0.001618  0.001572  0.001525  0.001477  0.001429  0.001381  0.001332  0.001284
  0.001235  0.001187  0.001139  0.001092  0.001045  0.000999  0.000955  0.000911
  0.000854  0.000630  0.000000  0.000000  0.000000  0.000000  0.000000  0.000000
  0.000000  0.000000  0.000000  0.000000  0.000000  0.000000  0.000000  0.000000
  0.000000  0.000000
  1.000000  0.000000
  0.284766  0.284833  0.284883  0.284918  0.284950  0.284979  0.285007  0.285032
  0.285056  0.285078  0.285099  0.285117  0.285134  0.285150  0.285164  0.285176
  0.285188  0.285199  0.285208  0.285217  0.285225  0.285236  0.285247  0.285259
  0.285272  0.285286  0.285300  0.285316  0.285333  0.285352  0.285371  0.285393
  0.285416  0.285441  0.285467  0.285496  0.285527  0.285560  0.285596  0.285634
  0.285676  0.285720  0.285767  0.285818  0.285873  0.285932  0.285996  0.286064
  0.286137  0.286217  0.286305  0.286400  0.286504  0.286615  0.286734  0.286860
  0.286990  0.287123  0.287257  0.287392  0.287527  0.287660  0.287792  0.287924
  0.288054  0.288184  0.288313  0.288440  0.288564  0.288685  0.288801  0.288912
  0.289018  0.289118  0.289211  0.289298  0.289379  0.289454  0.289523  0.289587
  0.289646  0.289699  0.289747  0.289791  0.289829  0.289863  0.289893  0.289919
  0.289941  0.289960  0.289974  0.289974  0.289973  0.289972  0.289971  0.289970
  0.289968  0.289966  0.289964  0.289961  0.289954  0.289947  0.289941  0.289939
  0.289942  0.289952
 ***************************************************************
 ************STARTING THE INPUT FOR EACH BLADE ROW**************
  BLADE ROW NUMBER =        3                                           
    NUMBER OF BLADES IN ROW 
       129
        JM        JLE       JTE 
       106        21        91
      KTIPSTART  KTIPEND 
         0         0
       BOUNDARY LAYER TRANSITION POINTS 
         0         0         0         0
  SET NEWGRID= 1 TO GENERATE A NEW GRID WITH DIFFERENT "J" POINTS AND SPACINGS.
         0
   RPMROW,    RPMHUB 
       0.0       0.0
       JROTHS    JROTHE    JROTTS    JROTTE 
         1         1         1         1
   PUPROW    PLEROW   PTEROW    PDROW 
  567649.1  567649.1  363906.6  363906.6
      NSECS_ROW   INSURF  
         3         0
  IF_CUSP_OUT   IFANGLES 
         1         0
         0         3         0
 ***************************************************************
  ROW NUMBER           3  SECTION NUMBER            1
           0           0           0  IF_DESIGN etc 
   1.00000   0.00000    0
  0.027052  0.027472  0.027848  0.028185  0.028487  0.028757  0.028998  0.029213
  0.029406  0.029579  0.029733  0.029871  0.029995  0.030106  0.030205  0.030294
  0.030373  0.030445  0.030509  0.030566  0.030617  0.030667  0.030719  0.030773
  0.030830  0.030889  0.030952  0.031017  0.031086  0.031158  0.031234  0.031314
  0.031398  0.031485  0.031577  0.031674  0.031774  0.031880  0.031990  0.032105
  0.032225  0.032350  0.032482  0.032619  0.032763  0.032913  0.033070  0.033236
  0.033409  0.033593  0.033789  0.033998  0.034220  0.034453  0.034697  0.034951
  0.035210  0.035471  0.035731  0.035991  0.036249  0.036506  0.036760  0.037015
  0.037270  0.037526  0.037784  0.038042  0.038300  0.038558  0.038814  0.039065
  0.039313  0.039555  0.039792  0.040023  0.040249  0.040469  0.040685  0.040895
  0.041100  0.041300  0.041495  0.041685  0.041869  0.042048  0.042221  0.042388
  0.042549  0.042704  0.042853  0.043007  0.043171  0.043343  0.043525  0.043718
  0.043921  0.044135  0.044362  0.044600  0.044852  0.045118  0.045398  0.045682
  0.045978  0.046284
  1.000000  0.000000
 -0.002201 -0.002393 -0.002565 -0.002720 -0.002858 -0.002982 -0.003094 -0.003193
 -0.003282 -0.003362 -0.003434 -0.003498 -0.003555 -0.003607 -0.003653 -0.003694
 -0.003731 -0.003764 -0.003794 -0.003821 -0.003845 -0.003612 -0.003507 -0.003428
 -0.003365 -0.003318 -0.003290 -0.003280 -0.003288 -0.003302 -0.003315 -0.003327
 -0.003338 -0.003348 -0.003356 -0.003363 -0.003368 -0.003370 -0.003369 -0.003365
 -0.003357 -0.003345 -0.003328 -0.003305 -0.003276 -0.003239 -0.003194 -0.003139
 -0.003073 -0.002994 -0.002898 -0.002784 -0.002647 -0.002488 -0.002304 -0.002093
 -0.001856 -0.001597 -0.001316 -0.001015 -0.000695 -0.000356  0.000000  0.000375
  0.000772  0.001190  0.001628  0.002086  0.002562  0.003056  0.003562  0.004076
  0.004595  0.005118  0.005642  0.006164  0.006684  0.007202  0.007717  0.008227
  0.008733  0.009233  0.009725  0.010209  0.010684  0.011149  0.011604  0.012046
  0.012469  0.012702  0.012578  0.013011  0.013469  0.013953  0.014464  0.015005
  0.015576  0.016180  0.016817  0.017492  0.018204  0.018956  0.019751  0.020590
  0.021475  0.022409
  1.000000
  0.000000  0.000000  0.000000  0.000000  0.000000  0.000000  0.000000  0.000000
  0.000000  0.000000  0.000000  0.000000  0.000000  0.000000  0.000000  0.000000
  0.000000  0.000000  0.000000  0.000000  0.000000  0.000418  0.000581  0.000701
  0.000799  0.000883  0.000950  0.000998  0.001029  0.001056  0.001084  0.001112
  0.001142  0.001173  0.001205  0.001238  0.001272  0.001308  0.001344  0.001381
  0.001419  0.001458  0.001497  0.001539  0.001580  0.001622  0.001665  0.001708
  0.001751  0.001795  0.001839  0.001883  0.001929  0.001971  0.002011  0.002048
  0.002082  0.002110  0.002133  0.002150  0.002163  0.002170  0.002172  0.002169
  0.002161  0.002148  0.002130  0.002106  0.002077  0.002044  0.002005  0.001963
  0.001915  0.001865  0.001813  0.001759  0.001703  0.001645  0.001585  0.001525
  0.001463  0.001401  0.001338  0.001275  0.001212  0.001149  0.001088  0.001027
  0.000959  0.000717  0.000000  0.000000  0.000000  0.000000  0.000000  0.000000
  0.000000  0.000000  0.000000  0.000000  0.000000  0.000000  0.000000  0.000000
  0.000000  0.000000
  1.000000  0.000000
  0.250038  0.250047  0.250057  0.250060  0.250058  0.250049  0.250036  0.250012
  0.249986  0.249959  0.249932  0.249907  0.249882  0.249859  0.249837  0.249816
  0.249797  0.249779  0.249763  0.249749  0.249735  0.249720  0.249705  0.249688
  0.249671  0.249652  0.249631  0.249609  0.249586  0.249560  0.249533  0.249503
  0.249471  0.249436  0.249399  0.249359  0.249316  0.249270  0.249220  0.249166
  0.249109  0.249046  0.248979  0.248907  0.248829  0.248745  0.248655  0.248557
  0.248451  0.248336  0.248209  0.248070  0.247919  0.247755  0.247579  0.247392
  0.247197  0.246997  0.246793  0.246588  0.246383  0.246177  0.245973  0.245768
  0.245563  0.245359  0.245155  0.244954  0.244755  0.244560  0.244370  0.244188
  0.244014  0.243847  0.243690  0.243541  0.243401  0.243269  0.243146  0.243029
  0.242921  0.242820  0.242726  0.242638  0.242558  0.242484  0.242416  0.242353
  0.242296  0.242245  0.242198  0.242166  0.242132  0.242095  0.242055  0.242012
  0.241966  0.241916  0.241861  0.241801  0.241736  0.241665  0.241587  0.241485
  0.241366  0.241231
 ***************************************************************
  ROW NUMBER           3  SECTION NUMBER            2
           0           0           0  IF_DESIGN etc 
   1.00000   0.00000    0
  0.027562  0.027919  0.028239  0.028525  0.028782  0.029013  0.029219  0.029405
  0.029571  0.029719  0.029853  0.029973  0.030080  0.030176  0.030262  0.030340
  0.030409  0.030471  0.030527  0.030577  0.030621  0.030666  0.030713  0.030762
  0.030814  0.030868  0.030925  0.030984  0.031047  0.031114  0.031184  0.031257
  0.031335  0.031417  0.031503  0.031593  0.031688  0.031788  0.031892  0.032002
  0.032117  0.032238  0.032366  0.032499  0.032640  0.032787  0.032943  0.033107
  0.033280  0.033465  0.033664  0.033876  0.034103  0.034343  0.034595  0.034859
  0.035130  0.035403  0.035677  0.035952  0.036225  0.036496  0.036766  0.037035
  0.037306  0.037577  0.037848  0.038120  0.038391  0.038660  0.038925  0.039186
  0.039440  0.039687  0.039927  0.040160  0.040386  0.040605  0.040817  0.041023
  0.041222  0.041415  0.041601  0.041781  0.041954  0.042121  0.042281  0.042435
  0.042582  0.042723  0.042857  0.042992  0.043134  0.043284  0.043443  0.043611
  0.043788  0.043975  0.044174  0.044383  0.044605  0.044839  0.045086  0.045348
  0.045624  0.045917
  1.000000  0.000000
 -0.001589 -0.001741 -0.001877 -0.001998 -0.002108 -0.002205 -0.002293 -0.002372
 -0.002442 -0.002506 -0.002562 -0.002613 -0.002659 -0.002700 -0.002736 -0.002769
 -0.002799 -0.002825 -0.002849 -0.002870 -0.002889 -0.002693 -0.002607 -0.002544
 -0.002496 -0.002463 -0.002446 -0.002445 -0.002454 -0.002465 -0.002476 -0.002486
 -0.002495 -0.002503 -0.002510 -0.002516 -0.002521 -0.002523 -0.002524 -0.002522
 -0.002517 -0.002509 -0.002497 -0.002481 -0.002460 -0.002434 -0.002401 -0.002361
 -0.002313 -0.002254 -0.002183 -0.002098 -0.001997 -0.001878 -0.001739 -0.001581
 -0.001403 -0.001208 -0.000996 -0.000769 -0.000526 -0.000270  0.000000  0.000285
  0.000586  0.000904  0.001237  0.001586  0.001949  0.002326  0.002712  0.003105
  0.003501  0.003901  0.004302  0.004702  0.005100  0.005496  0.005890  0.006281
  0.006669  0.007051  0.007428  0.007799  0.008163  0.008519  0.008867  0.009206
  0.009527  0.009697  0.009588  0.009920  0.010271  0.010642  0.011034  0.011448
  0.011886  0.012349  0.012839  0.013356  0.013903  0.014481  0.015093  0.015739
  0.016422  0.017144
  1.000000
  0.000000  0.000000  0.000000  0.000000  0.000000  0.000000  0.000000  0.000000
  0.000000  0.000000  0.000000  0.000000  0.000000  0.000000  0.000000  0.000000
  0.000000  0.000000  0.000000  0.000000  0.000000  0.000355  0.000489  0.000585
  0.000662  0.000725  0.000772  0.000804  0.000826  0.000847  0.000869  0.000892
  0.000916  0.000941  0.000966  0.000993  0.001020  0.001048  0.001077  0.001107
  0.001137  0.001168  0.001200  0.001233  0.001265  0.001299  0.001333  0.001367
  0.001402  0.001437  0.001472  0.001508  0.001543  0.001577  0.001610  0.001639
  0.001666  0.001689  0.001707  0.001721  0.001731  0.001737  0.001738  0.001736
  0.001729  0.001719  0.001704  0.001685  0.001662  0.001635  0.001604  0.001569
  0.001531  0.001491  0.001450  0.001406  0.001362  0.001315  0.001268  0.001219
  0.001170  0.001120  0.001070  0.001019  0.000969  0.000919  0.000870  0.000821
  0.000765  0.000569  0.000000  0.000000  0.000000  0.000000  0.000000  0.000000
  0.000000  0.000000  0.000000  0.000000  0.000000  0.000000  0.000000  0.000000
  0.000000  0.000000
  1.000000  0.000000
  0.270000  0.270000  0.270000  0.270000  0.270000  0.270000  0.270000  0.270000
  0.270000  0.270000  0.270000  0.270000  0.270000  0.270000  0.270000  0.270000
  0.270000  0.270000  0.270000  0.270000  0.270000  0.270000  0.270000  0.270000
  0.270000  0.270000  0.270000  0.270000  0.270000  0.270000  0.270000  0.270000
  0.270000  0.270000  0.270000  0.270000  0.270000  0.270000  0.270000  0.270000
  0.270000  0.270000  0.270000  0.270000  0.270000  0.270000  0.270000  0.270000
  0.270000  0.270000  0.270000  0.270000  0.270000  0.270000  0.270000  0.270000
  0.270000  0.270000  0.270000  0.270000  0.270000  0.270000  0.270000  0.270000
  0.270000  0.270000  0.270000  0.270000  0.270000  0.270000  0.270000  0.270000
  0.270000  0.270000  0.270000  0.270000  0.270000  0.270000  0.270000  0.270000
  0.270000  0.270000  0.270000  0.270000  0.270000  0.270000  0.270000  0.270000
  0.270000  0.270000  0.270000  0.270000  0.270000  0.270000  0.270000  0.270000
  0.270000  0.270000  0.270000  0.270000  0.270000  0.270000  0.270000  0.270000
  0.270000  0.270000
 ***************************************************************
  ROW NUMBER           3  SECTION NUMBER            3
           0           0           0  IF_DESIGN etc 
   1.00000   0.00000    0
  0.027052  0.027472  0.027848  0.028185  0.028487  0.028757  0.028998  0.029213
  0.029406  0.029579  0.029733  0.029871  0.029995  0.030106  0.030205  0.030294
  0.030373  0.030445  0.030509  0.030566  0.030617  0.030667  0.030719  0.030773
  0.030830  0.030889  0.030952  0.031017  0.031086  0.031158  0.031234  0.031314
  0.031398  0.031485  0.031577  0.031674  0.031774  0.031880  0.031990  0.032105
  0.032225  0.032350  0.032482  0.032619  0.032763  0.032913  0.033070  0.033236
  0.033409  0.033593  0.033789  0.033998  0.034220  0.034453  0.034697  0.034951
  0.035210  0.035471  0.035731  0.035991  0.036249  0.036506  0.036760  0.037015
  0.037270  0.037526  0.037784  0.038042  0.038300  0.038558  0.038814  0.039065
  0.039313  0.039555  0.039792  0.040023  0.040249  0.040469  0.040685  0.040895
  0.041100  0.041300  0.041495  0.041685  0.041869  0.042048  0.042221  0.042388
  0.042549  0.042704  0.042853  0.043007  0.043171  0.043343  0.043525  0.043718
  0.043921  0.044135  0.044362  0.044600  0.044852  0.045118  0.045398  0.045682
  0.045978  0.046284
  1.000000  0.000000
 -0.001618 -0.001784 -0.001932 -0.002065 -0.002185 -0.002292 -0.002388 -0.002474
 -0.002551 -0.002621 -0.002683 -0.002739 -0.002789 -0.002834 -0.002874 -0.002910
 -0.002943 -0.002972 -0.002998 -0.003021 -0.003042 -0.002816 -0.002718 -0.002647
 -0.002597 -0.002564 -0.002551 -0.002554 -0.002566 -0.002578 -0.002590 -0.002600
 -0.002611 -0.002620 -0.002629 -0.002635 -0.002641 -0.002644 -0.002646 -0.002644
 -0.002640 -0.002632 -0.002621 -0.002605 -0.002584 -0.002557 -0.002524 -0.002482
 -0.002432 -0.002372 -0.002298 -0.002209 -0.002104 -0.001979 -0.001835 -0.001668
 -0.001482 -0.001276 -0.001052 -0.000812 -0.000557 -0.000285  0.000000  0.000302
  0.000621  0.000958  0.001311  0.001682  0.002068  0.002468  0.002879  0.003297
  0.003719  0.004145  0.004572  0.004998  0.005423  0.005845  0.006265  0.006682
  0.007095  0.007503  0.007905  0.008301  0.008689  0.009069  0.009439  0.009801
  0.010141  0.010311  0.010179  0.010534  0.010908  0.011304  0.011722  0.012165
  0.012633  0.013128  0.013651  0.014205  0.014790  0.015409  0.016063  0.016756
  0.017490  0.018266
  1.000000
  0.000000  0.000000  0.000000  0.000000  0.000000  0.000000  0.000000  0.000000
  0.000000  0.000000  0.000000  0.000000  0.000000  0.000000  0.000000  0.000000
  0.000000  0.000000  0.000000  0.000000  0.000000  0.000412  0.000568  0.000675
  0.000758  0.000823  0.000870  0.000901  0.000924  0.000948  0.000972  0.000998
  0.001024  0.001052  0.001081  0.001110  0.001141  0.001172  0.001204  0.001237
  0.001271  0.001306  0.001341  0.001378  0.001414  0.001451  0.001489  0.001528
  0.001566  0.001605  0.001645  0.001685  0.001724  0.001762  0.001797  0.001831
  0.001860  0.001886  0.001906  0.001922  0.001934  0.001940  0.001942  0.001939
  0.001932  0.001920  0.001903  0.001881  0.001855  0.001825  0.001789  0.001751
  0.001709  0.001665  0.001619  0.001570  0.001520  0.001468  0.001415  0.001361
  0.001306  0.001250  0.001194  0.001138  0.001082  0.001026  0.000971  0.000916
  0.000852  0.000630  0.000000  0.000000  0.000000  0.000000  0.000000  0.000000
  0.000000  0.000000  0.000000  0.000000  0.000000  0.000000  0.000000  0.000000
  0.000000  0.000000
  1.000000  0.000000
  0.289962  0.289953  0.289943  0.289940  0.289942  0.289951  0.289964  0.289988
  0.290014  0.290041  0.290067  0.290093  0.290118  0.290141  0.290163  0.290184
  0.290203  0.290220  0.290237  0.290251  0.290265  0.290280  0.290295  0.290312
  0.290329  0.290348  0.290369  0.290391  0.290415  0.290440  0.290468  0.290497
  0.290529  0.290564  0.290601  0.290641  0.290684  0.290730  0.290780  0.290834
  0.290892  0.290954  0.291021  0.291093  0.291171  0.291255  0.291345  0.291443
  0.291549  0.291664  0.291791  0.291930  0.292081  0.292245  0.292421  0.292608
  0.292803  0.293003  0.293207  0.293412  0.293617  0.293823  0.294028  0.294232
  0.294437  0.294641  0.294845  0.295046  0.295245  0.295440  0.295630  0.295812
  0.295986  0.296153  0.296310  0.296459  0.296599  0.296731  0.296854  0.296971
  0.297079  0.297180  0.297275  0.297362  0.297442  0.297516  0.297585  0.297647
  0.297704  0.297755  0.297802  0.297834  0.297868  0.297905  0.297945  0.297988
  0.298034  0.298084  0.298139  0.298199  0.298264  0.298335  0.298413  0.298515
  0.298634  0.298770
 ***************************************************************
 ************STARTING THE INPUT FOR EACH BLADE ROW**************
  BLADE ROW NUMBER =        4                                           
    NUMBER OF BLADES IN ROW 
       130
        JM        JLE       JTE 
       111        21        91
      KTIPSTART  KTIPEND 
         0         0
       BOUNDARY LAYER TRANSITION POINTS 
         0         0         0         0
  SET NEWGRID= 1 TO GENERATE A NEW GRID WITH DIFFERENT "J" POINTS AND SPACINGS.
         0
   RPMROW,    RPMHUB 
   15000.0   15000.0
       JROTHS    JROTHE    JROTTS    JROTTE 
         1         1         1         1
   PUPROW    PLEROW   PTEROW    PDROW 
  363906.6  363906.6  221922.1  221922.1
      NSECS_ROW   INSURF  
         3         0
  IF_CUSP_OUT   IFANGLES 
         1         0
         0         3         0
 ***************************************************************
  ROW NUMBER           4  SECTION NUMBER            1
           0           0           0  IF_DESIGN etc 
   1.00000   0.00000    0
  0.041296  0.041747  0.042159  0.042535  0.042878  0.043197  0.043483  0.043739
  0.043968  0.044173  0.044356  0.044520  0.044667  0.044799  0.044917  0.045023
  0.045117  0.045202  0.045278  0.045346  0.045407  0.045466  0.045527  0.045592
  0.045659  0.045729  0.045802  0.045879  0.045960  0.046044  0.046133  0.046225
  0.046322  0.046424  0.046530  0.046641  0.046757  0.046878  0.047003  0.047134
  0.047271  0.047413  0.047561  0.047715  0.047876  0.048043  0.048218  0.048400
  0.048590  0.048791  0.049004  0.049231  0.049469  0.049718  0.049978  0.050246
  0.050518  0.050790  0.051061  0.051330  0.051596  0.051859  0.052119  0.052378
  0.052638  0.052898  0.053159  0.053420  0.053681  0.053942  0.054200  0.054455
  0.054705  0.054951  0.055192  0.055428  0.055658  0.055884  0.056105  0.056322
  0.056534  0.056741  0.056944  0.057141  0.057334  0.057521  0.057703  0.057879
  0.058050  0.058214  0.058373  0.058553  0.058748  0.058960  0.059188  0.059436
  0.059704  0.059995  0.060310  0.060651  0.061020  0.061420  0.061854  0.062324
  0.062832  0.063383  0.063980  0.064625  0.065323  0.066078  0.066892
  1.000000  0.000000
 -0.005590 -0.005142 -0.004740 -0.004381 -0.004060 -0.003772 -0.003514 -0.003283
 -0.003076 -0.002890 -0.002724 -0.002575 -0.002441 -0.002321 -0.002213 -0.002117
 -0.002030 -0.001953 -0.001884 -0.001821 -0.001765 -0.001501 -0.001409 -0.001325
 -0.001242 -0.001157 -0.001071 -0.000984 -0.000894 -0.000803 -0.000709 -0.000614
 -0.000516 -0.000418 -0.000317 -0.000216 -0.000114 -0.000011  0.000091  0.000193
  0.000295  0.000395  0.000493  0.000588  0.000679  0.000767  0.000849  0.000923
  0.000990  0.001048  0.001093  0.001123  0.001136  0.001125  0.001090  0.001025
  0.000928  0.000803  0.000645  0.000458  0.000244  0.000000 -0.000271 -0.000569
 -0.000897 -0.001255 -0.001641 -0.002056 -0.002498 -0.002965 -0.003453 -0.003957
 -0.004474 -0.005002 -0.005537 -0.006076 -0.006618 -0.007163 -0.007709 -0.008254
 -0.008797 -0.009337 -0.009872 -0.010401 -0.010922 -0.011435 -0.011938 -0.012430
 -0.012910 -0.013376 -0.013954 -0.014389 -0.014858 -0.015364 -0.015910 -0.016500
 -0.017137 -0.017824 -0.018566 -0.019367 -0.020232 -0.021165 -0.022174 -0.023262
 -0.024438 -0.025708 -0.027079 -0.028561 -0.030161 -0.031891 -0.033760
  1.000000
  0.000000  0.000000  0.000000  0.000000  0.000000  0.000000  0.000000  0.000000
  0.000000  0.000000  0.000000  0.000000  0.000000  0.000000  0.000000  0.000000
  0.000000  0.000000  0.000000  0.000000  0.000000  0.000510  0.000675  0.000800
  0.000907  0.001000  0.001082  0.001150  0.001203  0.001244  0.001283  0.001322
  0.001361  0.001400  0.001439  0.001477  0.001516  0.001554  0.001592  0.001629
  0.001666  0.001703  0.001740  0.001775  0.001810  0.001844  0.001878  0.001910
  0.001941  0.001971  0.001999  0.002025  0.002050  0.002070  0.002089  0.002102
  0.002110  0.002115  0.002115  0.002109  0.002101  0.002087  0.002070  0.002048
  0.002024  0.001996  0.001964  0.001929  0.001891  0.001850  0.001806  0.001760
  0.001713  0.001664  0.001614  0.001564  0.001513  0.001461  0.001410  0.001359
  0.001307  0.001257  0.001206  0.001156  0.001107  0.001059  0.001012  0.000966
  0.000920  0.000715  0.000000  0.000000  0.000000  0.000000  0.000000  0.000000
  0.000000  0.000000  0.000000  0.000000  0.000000  0.000000  0.000000  0.000000
  0.000000  0.000000  0.000000  0.000000  0.000000  0.000000  0.000000
  1.000000  0.000000
  0.242822  0.242611  0.242439  0.242301  0.242193  0.242126  0.242064  0.242008
  0.241956  0.241907  0.241863  0.241822  0.241784  0.241750  0.241719  0.241691
  0.241665  0.241641  0.241620  0.241601  0.241584  0.241564  0.241542  0.241518
  0.241494  0.241467  0.241438  0.241407  0.241374  0.241338  0.241299  0.241258
  0.241213  0.241164  0.241112  0.241055  0.240995  0.240929  0.240859  0.240783
  0.240701  0.240613  0.240518  0.240416  0.240306  0.240187  0.240058  0.239920
  0.239769  0.239605  0.239424  0.239225  0.239009  0.238774  0.238521  0.238251
  0.237969  0.237679  0.237383  0.237084  0.236783  0.236481  0.236179  0.235876
  0.235572  0.235266  0.234960  0.234656  0.234354  0.234055  0.233764  0.233481
  0.233208  0.232947  0.232697  0.232458  0.232232  0.232016  0.231811  0.231617
  0.231434  0.231260  0.231097  0.230943  0.230799  0.230664  0.230538  0.230421
  0.230312  0.230211  0.230117  0.230058  0.229996  0.229931  0.229863  0.229791
  0.229716  0.229638  0.229557  0.229474  0.229389  0.229303  0.229215  0.229128
  0.229042  0.228958  0.228879  0.228805  0.228739  0.228684  0.228643
 ***************************************************************
  ROW NUMBER           4  SECTION NUMBER            2
           0           0           0  IF_DESIGN etc 
   1.00000   0.00000    0
  0.042210  0.042587  0.042926  0.043230  0.043502  0.043746  0.043965  0.044162
  0.044337  0.044495  0.044637  0.044763  0.044877  0.044979  0.045070  0.045152
  0.045226  0.045292  0.045351  0.045404  0.045451  0.045499  0.045548  0.045600
  0.045655  0.045712  0.045772  0.045836  0.045902  0.045973  0.046047  0.046125
  0.046207  0.046294  0.046385  0.046481  0.046581  0.046687  0.046798  0.046914
  0.047036  0.047164  0.047299  0.047441  0.047590  0.047746  0.047911  0.048085
  0.048269  0.048464  0.048675  0.048900  0.049140  0.049394  0.049662  0.049941
  0.050228  0.050518  0.050808  0.051099  0.051389  0.051677  0.051962  0.052248
  0.052534  0.052821  0.053109  0.053397  0.053684  0.053969  0.054250  0.054526
  0.054795  0.055057  0.055312  0.055559  0.055798  0.056030  0.056255  0.056473
  0.056684  0.056888  0.057086  0.057276  0.057460  0.057636  0.057806  0.057969
  0.058125  0.058275  0.058417  0.058559  0.058713  0.058879  0.059058  0.059252
  0.059460  0.059686  0.059929  0.060192  0.060475  0.060781  0.061112  0.061468
  0.061854  0.062269  0.062718  0.063203  0.063726  0.064290  0.064900
  1.000000  0.000000
 -0.000424 -0.000263 -0.000120  0.000010  0.000125  0.000229  0.000322  0.000405
  0.000480  0.000547  0.000607  0.000661  0.000709  0.000753  0.000791  0.000826
  0.000857  0.000885  0.000910  0.000933  0.000953  0.001173  0.001230  0.001273
  0.001313  0.001353  0.001392  0.001432  0.001471  0.001511  0.001550  0.001590
  0.001628  0.001667  0.001704  0.001741  0.001776  0.001810  0.001842  0.001871
  0.001898  0.001921  0.001941  0.001956  0.001966  0.001970  0.001967  0.001956
  0.001935  0.001904  0.001859  0.001798  0.001719  0.001620  0.001497  0.001349
  0.001178  0.000985  0.000769  0.000532  0.000275  0.000000 -0.000293 -0.000606
 -0.000940 -0.001296 -0.001671 -0.002067 -0.002483 -0.002915 -0.003360 -0.003815
 -0.004276 -0.004743 -0.005211 -0.005681 -0.006149 -0.006616 -0.007081 -0.007544
 -0.008003 -0.008458 -0.008906 -0.009347 -0.009781 -0.010206 -0.010622 -0.011027
 -0.011421 -0.011803 -0.012283 -0.012634 -0.013014 -0.013424 -0.013866 -0.014344
 -0.014859 -0.015416 -0.016017 -0.016666 -0.017366 -0.018122 -0.018938 -0.019819
 -0.020770 -0.021797 -0.022906 -0.024103 -0.025394 -0.026789 -0.028295
  1.000000
  0.000000  0.000000  0.000000  0.000000  0.000000  0.000000  0.000000  0.000000
  0.000000  0.000000  0.000000  0.000000  0.000000  0.000000  0.000000  0.000000
  0.000000  0.000000  0.000000  0.000000  0.000000  0.000475  0.000624  0.000733
  0.000825  0.000904  0.000968  0.001018  0.001054  0.001089  0.001122  0.001156
  0.001190  0.001224  0.001257  0.001291  0.001325  0.001358  0.001391  0.001424
  0.001456  0.001488  0.001519  0.001551  0.001581  0.001610  0.001640  0.001667
  0.001694  0.001720  0.001745  0.001768  0.001788  0.001808  0.001822  0.001834
  0.001841  0.001846  0.001845  0.001841  0.001832  0.001821  0.001806  0.001788
  0.001767  0.001742  0.001714  0.001683  0.001648  0.001612  0.001573  0.001534
  0.001492  0.001450  0.001406  0.001362  0.001318  0.001274  0.001229  0.001184
  0.001139  0.001095  0.001051  0.001007  0.000964  0.000922  0.000881  0.000840
  0.000794  0.000595  0.000000  0.000000  0.000000  0.000000  0.000000  0.000000
  0.000000  0.000000  0.000000  0.000000  0.000000  0.000000  0.000000  0.000000
  0.000000  0.000000  0.000000  0.000000  0.000000  0.000000  0.000000
  1.000000  0.000000
  0.270000  0.270000  0.270000  0.270000  0.270000  0.270000  0.270000  0.270000
  0.270000  0.270000  0.270000  0.270000  0.270000  0.270000  0.270000  0.270000
  0.270000  0.270000  0.270000  0.270000  0.270000  0.270000  0.270000  0.270000
  0.270000  0.270000  0.270000  0.270000  0.270000  0.270000  0.270000  0.270000
  0.270000  0.270000  0.270000  0.270000  0.270000  0.270000  0.270000  0.270000
  0.270000  0.270000  0.270000  0.270000  0.270000  0.270000  0.270000  0.270000
  0.270000  0.270000  0.270000  0.270000  0.270000  0.270000  0.270000  0.270000
  0.270000  0.270000  0.270000  0.270000  0.270000  0.270000  0.270000  0.270000
  0.270000  0.270000  0.270000  0.270000  0.270000  0.270000  0.270000  0.270000
  0.270000  0.270000  0.270000  0.270000  0.270000  0.270000  0.270000  0.270000
  0.270000  0.270000  0.270000  0.270000  0.270000  0.270000  0.270000  0.270000
  0.270000  0.270000  0.270000  0.270000  0.270000  0.270000  0.270000  0.270000
  0.270000  0.270000  0.270000  0.270000  0.270000  0.270000  0.270000  0.270000
  0.270000  0.270000  0.270000  0.270000  0.270000  0.270000  0.270000
 ***************************************************************
  ROW NUMBER           4  SECTION NUMBER            3
           0           0           0  IF_DESIGN etc 
   1.00000   0.00000    0
  0.041296  0.041747  0.042159  0.042535  0.042878  0.043197  0.043483  0.043739
  0.043968  0.044173  0.044356  0.044520  0.044667  0.044799  0.044917  0.045023
  0.045117  0.045202  0.045278  0.045346  0.045407  0.045466  0.045527  0.045592
  0.045659  0.045729  0.045802  0.045879  0.045960  0.046044  0.046133  0.046225
  0.046322  0.046424  0.046530  0.046641  0.046757  0.046878  0.047003  0.047134
  0.047271  0.047413  0.047561  0.047715  0.047876  0.048043  0.048218  0.048400
  0.048590  0.048791  0.049004  0.049231  0.049469  0.049718  0.049978  0.050246
  0.050518  0.050790  0.051061  0.051330  0.051596  0.051859  0.052119  0.052378
  0.052638  0.052898  0.053159  0.053420  0.053681  0.053942  0.054200  0.054455
  0.054705  0.054951  0.055192  0.055428  0.055658  0.055884  0.056105  0.056322
  0.056534  0.056741  0.056944  0.057141  0.057334  0.057521  0.057703  0.057879
  0.058050  0.058214  0.058373  0.058553  0.058748  0.058960  0.059188  0.059436
  0.059704  0.059995  0.060310  0.060651  0.061020  0.061420  0.061854  0.062324
  0.062832  0.063383  0.063980  0.064625  0.065323  0.066078  0.066892
  1.000000  0.000000
  0.003671  0.003684  0.003695  0.003705  0.003713  0.003721  0.003727  0.003733
  0.003739  0.003744  0.003748  0.003752  0.003755  0.003759  0.003761  0.003764
  0.003766  0.003768  0.003770  0.003772  0.003773  0.004181  0.004324  0.004410
  0.004462  0.004494  0.004518  0.004541  0.004562  0.004581  0.004598  0.004613
  0.004625  0.004635  0.004642  0.004645  0.004644  0.004639  0.004628  0.004613
  0.004590  0.004561  0.004523  0.004477  0.004421  0.004354  0.004273  0.004178
  0.004066  0.003935  0.003780  0.003598  0.003385  0.003139  0.002857  0.002539
  0.002185  0.001802  0.001390  0.000951  0.000488  0.000000 -0.000511 -0.001045
 -0.001608 -0.002197 -0.002814 -0.003456 -0.004123 -0.004811 -0.005515 -0.006229
 -0.006948 -0.007670 -0.008392 -0.009111 -0.009824 -0.010533 -0.011237 -0.011933
 -0.012622 -0.013301 -0.013970 -0.014626 -0.015269 -0.015897 -0.016510 -0.017106
 -0.017685 -0.018245 -0.018956 -0.019467 -0.020017 -0.020612 -0.021254 -0.021947
 -0.022695 -0.023503 -0.024375 -0.025316 -0.026332 -0.027429 -0.028613 -0.029890
 -0.031269 -0.032757 -0.034363 -0.036095 -0.037964 -0.039980 -0.042155
  1.000000
  0.000000  0.000000  0.000000  0.000000  0.000000  0.000000  0.000000  0.000000
  0.000000  0.000000  0.000000  0.000000  0.000000  0.000000  0.000000  0.000000
  0.000000  0.000000  0.000000  0.000000  0.000000  0.000833  0.001137  0.001316
  0.001419  0.001482  0.001536  0.001590  0.001643  0.001695  0.001747  0.001799
  0.001850  0.001902  0.001955  0.002006  0.002057  0.002108  0.002159  0.002209
  0.002259  0.002308  0.002357  0.002404  0.002451  0.002497  0.002542  0.002585
  0.002626  0.002665  0.002703  0.002740  0.002772  0.002800  0.002823  0.002841
  0.002853  0.002858  0.002857  0.002850  0.002838  0.002819  0.002794  0.002765
  0.002732  0.002694  0.002651  0.002604  0.002552  0.002496  0.002436  0.002373
  0.002308  0.002242  0.002174  0.002106  0.002038  0.001969  0.001899  0.001830
  0.001761  0.001692  0.001623  0.001556  0.001489  0.001424  0.001360  0.001298
  0.001208  0.000880  0.000000  0.000000  0.000000  0.000000  0.000000  0.000000
  0.000000  0.000000  0.000000  0.000000  0.000000  0.000000  0.000000  0.000000
  0.000000  0.000000  0.000000  0.000000  0.000000  0.000000  0.000000
  1.000000  0.000000
  0.297178  0.297389  0.297561  0.297699  0.297807  0.297874  0.297936  0.297992
  0.298044  0.298093  0.298137  0.298178  0.298216  0.298250  0.298281  0.298309
  0.298335  0.298359  0.298380  0.298399  0.298416  0.298436  0.298458  0.298482
  0.298506  0.298533  0.298562  0.298593  0.298626  0.298662  0.298701  0.298742
  0.298787  0.298836  0.298888  0.298945  0.299005  0.299071  0.299141  0.299217
  0.299299  0.299387  0.299482  0.299584  0.299694  0.299813  0.299941  0.300080
  0.300231  0.300395  0.300576  0.300775  0.300991  0.301227  0.301479  0.301749
  0.302031  0.302321  0.302617  0.302916  0.303217  0.303519  0.303821  0.304123
  0.304428  0.304734  0.305039  0.305344  0.305646  0.305945  0.306236  0.306519
  0.306792  0.307053  0.307303  0.307542  0.307768  0.307984  0.308188  0.308383
  0.308566  0.308740  0.308903  0.309057  0.309201  0.309336  0.309462  0.309579
  0.309688  0.309789  0.309883  0.309942  0.310004  0.310069  0.310137  0.310209
  0.310284  0.310362  0.310443  0.310526  0.310611  0.310697  0.310785  0.310872
  0.310958  0.311042  0.311121  0.311195  0.311261  0.311316  0.311357
  STARTING INLET BOUNDARY CONDITION DATA .
  NUMBER OF POINTS FOR INLET BOUNDARY CONDITIONS 
        37
  SPACING OF INLET BOUNDARY CONDITION POINTS 
  1.000000  1.250000  1.562500  1.953125  2.441406  3.051758  3.814697  4.768372
  5.960464  7.450581  9.313226 11.641532 14.551915 18.189894 20.000000 20.000000
 20.000000 20.000000 20.000000 20.000000 20.000000 20.000000 18.189894 14.551915
 11.641532  9.313226  7.450581  5.960464  4.768372  3.814697  3.051758  2.441406
  1.953125  1.562500  1.250000  1.000000
   INLET STAGNATION PRESSURES 
 1300000.0 1300000.0 1300000.0 1300000.1 1300000.0 1300000.0 1300000.0 1300000.0
 1300000.0 1300000.0 1300000.0 1300000.1 1300000.0 1300000.0 1300000.0 1300000.0
 1300000.0 1300000.0 1300000.0 1300000.0 1300000.0 1300000.0 1300000.0 1300000.0
 1300000.0 1300000.0 1300000.0 1300000.0 1300000.0 1300000.0 1300000.0 1300000.0
 1300000.0 1300000.0 1300000.0 1300000.0 1300000.0
   INLET STAGNATION TEMPERATURES 
 1500.0000 1500.0001 1500.0001 1500.0000 1500.0000 1500.0000 1500.0000 1500.0000
 1500.0000 1500.0000 1500.0001 1500.0000 1500.0000 1500.0000 1500.0000 1500.0000
 1500.0000 1500.0000 1500.0000 1500.0000 1500.0000 1500.0000 1500.0000 1500.0000
 1500.0000 1500.0000 1500.0000 1500.0000 1500.0000 1500.0000 1500.0000 1500.0000
 1500.0000 1500.0000 1500.0000 1500.0000 1500.0000
   INLET ABSOLUTE TANGENTIAL VELOCITY 
    0.0000    0.0000    0.0000    0.0000    0.0000    0.0000    0.0000    0.0000
    0.0000    0.0000    0.0000    0.0000    0.0000    0.0000    0.0000    0.0000
    0.0000    0.0000    0.0000    0.0000    0.0000    0.0000    0.0000    0.0000
    0.0000    0.0000    0.0000    0.0000    0.0000    0.0000    0.0000    0.0000
    0.0000    0.0000    0.0000    0.0000    0.0000
   INLET MERIDIONAL VELOCITY 
  230.8456  230.8456  230.8456  230.8456  230.8456  230.8456  230.8456  230.8456
  230.8456  230.8456  230.8456  230.8456  230.8456  230.8456  230.8456  230.8456
  230.8456  230.8456  230.8456  230.8456  230.8456  230.8456  230.8456  230.8456
  230.8456  230.8456  230.8456  230.8456  230.8456  230.8456  230.8456  230.8456
  230.8456  230.8456  230.8456  230.8456  230.8456
   INLET MERIDIONAL YAW ANGLE  
  -22.0171  -22.0171  -22.0171  -22.0171  -22.0171  -22.0171  -22.0171  -22.0171
  -22.0171  -22.0171  -22.0171  -22.0171  -22.0171  -22.0171  -22.0171  -22.0171
  -22.0171  -22.0171  -22.0171  -22.0171  -22.0171  -22.0171  -22.0171  -22.0171
  -22.0171  -22.0171  -22.0171  -22.0171  -22.0171  -22.0171  -22.0171  -22.0171
  -22.0171  -22.0171  -22.0171  -22.0171  -22.0171
   INLET PITCH ANGLE 
   -0.9928   -0.9868   -0.9794   -0.9701   -0.9585   -0.9440   -0.9258   -0.9032
   -0.8748   -0.8394   -0.7950   -0.7397   -0.6704   -0.5839   -0.4757   -0.3568
   -0.2379   -0.1189   -0.0000    0.1189    0.2379    0.3568    0.4757    0.5839
    0.6704    0.7397    0.7950    0.8394    0.8748    0.9032    0.9258    0.9440
    0.9585    0.9701    0.9794    0.9868    0.9928
   PDOWN_HUB   PDOWN_TIP 
  221922.1  221922.1
 MIXING LENGTH LIMITS ON ALL BLADE ROWS
  0.050000  0.050000  0.050000  0.050000  0.050000  0.030000
  0.050000  0.050000  0.050000  0.050000  0.050000  0.030000
  0.050000  0.050000  0.050000  0.050000  0.050000  0.030000
  0.050000  0.050000  0.050000  0.050000  0.050000  0.030000
  FACTOR TO INCREASE THE TURBULENT VISCOSITY OVER THE FIRST NMIXUP STEPS 
   2.00000 1000
